-167889.855960219 2409569.58522236
4824 0
4823 0.00050434664418829
4822 0.000940941102706153
4821 0.00161186081130444
4820 0.00218997855499743
4819 0.00261496405368502
4818 0.00331744984310908
4817 0.00383263897054243
4816 0.00468218355991894
4815 0.00530374311462779
4814 0.00597286616320843
4813 0.00632622244658524
4812 0.00668072437163446
4811 0.00706231281275838
4810 0.00829723742923099
4809 0.00873529060637722
4808 0.00965885883402607
4807 0.0101453223757845
4806 0.0111700567332398
4805 0.0117093380568952
4804 0.0128443337499891
4803 0.0140581693606061
4802 0.0146960402417363
4801 0.0160365571201441
4800 0.0174673897750821
4799 0.0189934249151238
4798 0.0206197173069606
4797 0.0214720851135073
4796 0.0224532623593934
4795 0.0243132110882904
4794 0.0262912798754444
4793 0.0283932842892511
4792 0.030625195006111
4791 0.0329931317132019
4790 0.034230061238455
4789 0.0368138196254149
4788 0.03954950613486
4787 0.0409763738731887
4786 0.0439523219702943
4785 0.0470968451361189
4784 0.0487344529216713
4783 0.0504167712648894
4782 0.052144665528947
4781 0.0557406621232803
4780 0.0557406621232803
4779 0.0576105125258567
4778 0.0595294339457997
4777 0.0595294339457997
4776 0.0614983059478973
4775 0.0614983059478973
4774 0.0614983059478973
4773 0.0595294339457997
4772 0.0595294339457997
4771 0.0576105125258567
4770 0.0571150357630084
4769 0.0552686434221693
4768 0.0517171755799074
4767 0.0500103870756908
4766 0.0467304426398879
4765 0.0421319551592271
4764 0.0378992114719012
4763 0.035269675523176
4762 0.0304434293142239
4761 0.0271781134270348
4760 0.02325860410044
4759 0.0206197173069606
4758 0.0174673897750821
4757 0.0146960402417363
4756 0.012267253242318
4755 0.0101453223757845
4754 0.00873529060637722
4753 0.00707252405274028
4752 0.0056321698504328
4751 0.00438831636091274
4750 0.00357014811290301
4749 0.00310506276851779
4748 0.00242936825066937
4747 0.00182777670484318
4746 0.00129306900060593
4745 0.000970456562909606
4744 0.00050434664418829
4743 0.000241729369473789
4742 0.000118349226594375
4741 0.000118349226594375
4740 0
4739 0.000118349226594375
4738 0.000118349226594375
4737 0.000241729369473789
4736 0.000370329990790587
4735 0.000346798874680659
4734 0.000619972516578366
4733 0.00109870208683691
4732 0.00143392403531229
4731 0.00161186081130444
4730 0.00198962861905371
4729 0.00239833091312932
4728 0.00284016415268981
4727 0.00331744984310908
4726 0.00357014811290301
4725 0.00410524973589225
4724 0.00438831636091274
4723 0.00468218355991894
4722 0.00468218355991894
4721 0.00498720493760876
4720 0.00530374311462779
4719 0.00530374311462779
4718 0.0056321698504328
4717 0.0056321698504328
4716 0.0056321698504328
4715 0.00597286616320843
4714 0.00597286616320843
4713 0.00597286616320843
4712 0.00597286616320843
4711 0.00632622244658524
4710 0.00632622244658524
4709 0.00632622244658524
4708 0.00669263858290108
4707 0.00707252405274028
4706 0.00746629804047996
4705 0.0078743895355654
4704 0.00829723742923099
4703 0.00873529060637722
4702 0.00965885883402607
4701 0.0106488883285743
4700 0.0117093380568952
4699 0.0128443337499891
4698 0.0146960402417363
4697 0.0153974931856194
4696 0.0167934823266457
4695 0.0190652683702781
4694 0.0207057783827944
4693 0.0224532623593934
4692 0.0251587389077596
4691 0.0271781134270348
4690 0.0293225054381722
4689 0.0304434293142239
4688 0.0315978411523723
4687 0.032786503873487
4686 0.032786503873487
4685 0.032786503873487
4684 0.032786503873487
4683 0.0315978411523723
4682 0.0304434293142239
4681 0.0293225054381722
4680 0.0271781134270348
4679 0.0251587389077596
4678 0.02325860410044
4677 0.0214720851135073
4676 0.0197937165110293
4675 0.0181739320492001
4674 0.0167070920210724
4673 0.0146770017284582
4672 0.0134302417648602
4671 0.0117088892660829
4670 0.0106543018851705
4669 0.00920175824180997
4668 0.00831400543091886
4667 0.00748645831886069
4666 0.00632622244658524
4665 0.0056321698504328
4664 0.00530374311462779
4663 0.00468218355991894
4662 0.00438831636091274
4661 0.00438831636091274
4660 0.00410524973589225
4659 0.00441747918253746
4658 0.00471076930009844
4657 0.00501512116409778
4656 0.00533089198046427
4655 0.0056321698504328
4654 0.00671562396367786
4653 0.00789292812975946
4652 0.00920175824180997
4651 0.0106543018851705
4650 0.0122635551957586
4649 0.0140433373768047
4648 0.0167070920210724
4647 0.0181739320492001
4646 0.020556555009911
4645 0.0222739548898772
4644 0.0241006798913335
4643 0.0260421668729161
4642 0.0270576868791599
4641 0.0281040049300626
4640 0.0281040049300626
4639 0.0281040049300626
4638 0.0271781134270348
4637 0.0261531636394135
4636 0.0251587389077596
4635 0.0241941216978511
4634 0.0241941216978511
4633 0.0241006798913335
4632 0.023173315566074
4631 0.023173315566074
4630 0.023173315566074
4629 0.023173315566074
4628 0.023173315566074
4627 0.0241006798913335
4626 0.0250567323312856
4625 0.0260421668729161
4624 0.0270576868791599
4623 0.0291818426502008
4622 0.0302919305220528
4621 0.0326118217198046
4620 0.035069691535652
4619 0.0376716802981357
4618 0.0418586082014848
4617 0.0448485132697394
4616 0.0480048973679171
4615 0.0513343521221333
4614 0.0566676219673285
4613 0.0604589945930959
4612 0.0624279714657737
4611 0.0665167377639137
4610 0.0702394037975607
4609 0.0724388359052954
4608 0.0746915582063181
4607 0.0746915582063181
4606 0.0746915582063181
4605 0.0724388359052954
4604 0.0708122280203782
4603 0.0686382197708151
4602 0.0665167377639137
4601 0.0624279714657737
4600 0.0604589945930959
4599 0.0600126994141524
4598 0.0562661046530217
4597 0.0544632277644631
4596 0.0509941898087164
4595 0.0493263857465205
4594 0.0477019680063898
4593 0.0461201233348603
4592 0.0448485132697394
4591 0.0433331598459329
4590 0.0433331598459329
4589 0.0433331598459329
4588 0.0448485132697394
4587 0.0448485132697394
4586 0.0464054851939543
4585 0.0480048973679171
4584 0.0496475761585474
4583 0.0517171755799074
4582 0.0552686434221693
4581 0.0590096799313978
4580 0.0644469370147993
4579 0.0686382197708151
4578 0.07532119405803
4577 0.0800503501271409
4576 0.0875714773613643
4575 0.0928800408568368
4574 0.101300616661218
4573 0.110289075766907
4572 0.119865494497733
4571 0.130048819254992
4570 0.140856648289829
4569 0.152305006026936
4568 0.160300196933537
4567 0.170849493285241
4566 0.175116811095625
4565 0.172846702210867
4564 0.172846702210867
4563 0.172846702210867
4562 0.172846702210867
4561 0.172846702210867
4560 0.16859014768716
4559 0.164408111503985
4558 0.160300196933537
4557 0.156265979113157
4556 0.154512717957717
4555 0.150609605153164
4554 0.146778015125955
4553 0.143017449491035
4552 0.143017449491035
4551 0.140856648289829
4550 0.140856648289829
4549 0.143017449491035
4548 0.139327386480571
4547 0.139327386480571
4546 0.135707281884368
4545 0.135707281884368
4544 0.132156569985411
4543 0.126585827166706
4542 0.1231916031532
4541 0.119865494497733
4540 0.119865494497733
4539 0.116606830933109
4538 0.116606830933109
4537 0.116606830933109
4536 0.116606830933109
4535 0.119865494497733
4534 0.1231916031532
4533 0.130048819254992
4532 0.137183625182323
4531 0.144600856107863
4530 0.158487827597476
4529 0.170849493285241
4528 0.18387366184788
4527 0.202283748257217
4526 0.226990980324553
4525 0.248114982242673
4524 0.276202321104167
4523 0.303948968744126
4522 0.335744925444989
4521 0.369233553119189
4520 0.404280085751588
4519 0.433326706539234
4518 0.47072901933017
4517 0.501382525943653
4516 0.540395992747439
4515 0.564065794016114
4514 0.595792445018191
4513 0.619620576777394
4512 0.635480628773611
4511 0.651293908719192
4510 0.667037183267338
4509 0.674875191473356
4508 0.690468989694274
4507 0.69821873371473
4506 0.69821873371473
4505 0.705932980256024
4504 0.713608664050603
4503 0.713608664050603
4502 0.713608664050603
4501 0.721242706408685
4500 0.721242706408685
4499 0.721242706408685
4498 0.721242706408685
4497 0.713608664050603
4496 0.713608664050603
4495 0.714831945462243
4494 0.714831945462243
4493 0.714831945462243
4492 0.707064562450639
4491 0.707064562450639
4490 0.699259027341641
4489 0.690468989694274
4488 0.68268679808394
4487 0.674875191473356
4486 0.659175765838517
4485 0.643394556833842
4484 0.627555015114062
4483 0.611680143440263
4482 0.595792445018191
4481 0.57991387482044
4480 0.564065794016114
4479 0.548268927613573
4478 0.532543325403856
4477 0.524713320449064
4476 0.509130643868135
4475 0.501382525943653
4474 0.493666176119082
4473 0.485983748153386
4472 0.485983748153386
4471 0.478337345235896
4470 0.47072901933017
4469 0.463160770571873
4468 0.455634546720452
4467 0.440715699979211
4466 0.425986996180299
4465 0.411462088200222
4464 0.390084560570373
4463 0.376123135970667
4462 0.362406395739185
4461 0.348944046951227
4460 0.342311064374099
4459 0.335744925444989
4458 0.329246599862104
4457 0.322817004042975
4456 0.329246599862104
4455 0.329246599862104
4454 0.342311064374099
4453 0.348944046951227
4452 0.362406395739185
4451 0.383073903618432
4450 0.404280085751588
4449 0.425986996180299
4448 0.455634546720452
4447 0.485983748153386
4446 0.516081265961805
4445 0.547723336963684
4444 0.579671085515404
4443 0.611759269758788
4442 0.635812177414511
4441 0.659767783847393
4440 0.68268679808394
4439 0.699259027341641
4438 0.714831945462243
4437 0.722558038253995
4436 0.730239690322292
4435 0.730239690322292
4434 0.730239690322292
4433 0.728832017207284
4432 0.728832017207284
4431 0.721242706408685
4430 0.714831945462243
4429 0.699259027341641
4428 0.699259027341641
4427 0.69141846383629
4426 0.69141846383629
4425 0.699259027341641
4424 0.722558038253995
4423 0.745457020839138
4422 0.775218888093282
4421 0.810897707332336
4420 0.850959171029224
4419 0.893071643974213
4418 0.924498997384768
4417 0.954942132993552
4416 0.975166313925122
4415 0.989576879755282
4414 0.996948662437149
4413 1
4412 0.998691144892089
4411 0.994514280439711
4410 0.987591525448519
4409 0.977980344756544
4408 0.965760072783243
4407 0.954942132993552
4406 0.934215307817804
4405 0.920507533466268
4404 0.905590087973316
4403 0.895005221574399
4402 0.883932158325308
4401 0.878219149043823
4400 0.872392094884412
4399 0.869670397617791
4398 0.863539027524324
4397 0.863539027524324
4396 0.863539027524324
4395 0.863539027524324
4394 0.863539027524324
4393 0.863539027524324
4392 0.860406918918522
4391 0.863539027524324
4390 0.863539027524324
4389 0.863539027524324
4388 0.863539027524324
4387 0.8573009741462
4386 0.8573009741462
4385 0.8573009741462
4384 0.847999140154439
4383 0.847999140154439
4382 0.847999140154439
4381 0.841643961861901
4380 0.841643961861901
4379 0.841643961861901
4378 0.841643961861901
4377 0.841643961861901
4376 0.841643961861901
4375 0.841643961861901
4374 0.847999140154439
4373 0.854254425640544
4372 0.860406918918522
4371 0.866453752871703
4370 0.872392094884412
4369 0.883932158325308
4368 0.895005221574399
4367 0.905590087973316
4366 0.915666319309107
4365 0.920507533466268
4364 0.925214301440312
4363 0.929784310646948
4362 0.934215307817804
4361 0.929784310646948
4360 0.925214301440312
4359 0.920507533466268
4358 0.915666319309107
4357 0.905590087973316
4356 0.88952840675888
4355 0.87475967291152
4354 0.863161650149996
4353 0.851134143097004
4352 0.832336444341736
4351 0.819333731535715
4350 0.80598154280997
4349 0.792303626689048
4348 0.785350017282585
4347 0.771228604418182
4346 0.756841853350225
4345 0.749556593375741
4344 0.742214145608123
4343 0.734817561435848
4342 0.736373496910521
4341 0.736373496910521
4340 0.736373496910521
4339 0.736373496910521
4338 0.743864038619452
4337 0.751300530149587
4336 0.758679856134225
4335 0.765998900151685
4334 0.780443684238281
4333 0.794610012085161
4332 0.801581014514376
4331 0.815283313641996
4330 0.828645672513767
4329 0.841643961861901
4328 0.854254425640544
4327 0.860406918918522
4326 0.872392094884412
4325 0.881601530629353
4324 0.893071643974213
4323 0.898626895786412
4322 0.904058675254225
4321 0.909364340334276
4320 0.909364340334276
4319 0.910693028977493
4318 0.910693028977493
4317 0.910693028977493
4316 0.914541299381209
4315 0.905590087973316
4314 0.905590087973316
4313 0.905590087973316
4312 0.900359975323126
4311 0.900359975323126
4310 0.900359975323126
4309 0.900359975323126
4308 0.900359975323126
4307 0.900359975323126
4306 0.900359975323126
4305 0.900359975323126
4304 0.900359975323126
4303 0.895005221574399
4302 0.88952840675888
4301 0.883932158325308
4300 0.872392094884412
4299 0.860406918918522
4298 0.847999140154439
4297 0.828645672513767
4296 0.810897707332336
4295 0.796851483099526
4294 0.765998900151685
4293 0.743864038619452
4292 0.721242706408685
4291 0.705932980256024
4290 0.68268679808394
4289 0.667037183267338
4288 0.643812099099599
4287 0.627801465163344
4286 0.611759269758788
4285 0.603733503794878
4284 0.587686662501377
4283 0.587686662501377
4282 0.579671085515404
4281 0.579671085515404
4280 0.579671085515404
4279 0.579671085515404
4278 0.587686662501377
4277 0.595708378543163
4276 0.603733503794878
4275 0.611759269758788
4274 0.627801465163344
4273 0.635480628773611
4272 0.643394556833842
4271 0.659175765838517
4270 0.667037183267338
4269 0.674875191473356
4268 0.68268679808394
4267 0.68268679808394
4266 0.690468989694274
4265 0.690468989694274
4264 0.69821873371473
4263 0.69821873371473
4262 0.69821873371473
4261 0.69821873371473
4260 0.69821873371473
4259 0.690468989694274
4258 0.690468989694274
4257 0.68268679808394
4256 0.68268679808394
4255 0.674875191473356
4254 0.667037183267338
4253 0.659175765838517
4252 0.651293908719192
4251 0.643394556833842
4250 0.635480628773611
4249 0.627555015114062
4248 0.611680143440263
4247 0.603736511988282
4246 0.587850669388641
4245 0.571984712547059
4244 0.548268927613573
4243 0.532543325403856
4242 0.508236770077692
4241 0.484898356562617
4240 0.461897667106313
4239 0.439289123979879
4238 0.417122743724415
4237 0.39715375641279
4236 0.376123135970667
4235 0.362406395739185
4234 0.340315531120343
4233 0.329246599862104
4232 0.316457001522063
4231 0.303948968744126
4230 0.291728369573244
4229 0.279800257439245
4228 0.268168889976929
4227 0.256837749776643
4226 0.245809566903044
4225 0.235086343018056
4224 0.224669376943256
4223 0.21688151325796
4222 0.207074203218894
4221 0.202283748257217
4220 0.192928697969681
4219 0.188363780117709
4218 0.179458097899568
4217 0.172846702210867
4216 0.170849493285241
4215 0.170849493285241
4214 0.166655806290494
4213 0.166655806290494
4212 0.170849493285241
4211 0.175116811095625
4210 0.179458097899568
4209 0.18158480662745
4208 0.190624998604918
4207 0.199969339194282
4206 0.20961934565361
4205 0.224669376943256
4204 0.240409737746479
4203 0.251285646791132
4202 0.268168889976929
4201 0.285727468107152
4200 0.295640661408617
4199 0.314357174700437
4198 0.327195767292295
4197 0.34697855762554
4196 0.360505832311282
4195 0.367367887790291
4194 0.383073903618432
4193 0.390084560570373
4192 0.39715375641279
4191 0.39715375641279
4190 0.395444045925046
4189 0.395444045925046
4188 0.388333400012701
4187 0.383073903618432
4186 0.367367887790291
4185 0.353709014224918
4184 0.34697855762554
4183 0.333720948140219
4182 0.320740892752992
4181 0.308045409785011
4180 0.301806341636784
4179 0.289549008353623
4178 0.283531970435726
4177 0.283531970435726
4176 0.277590084972
4175 0.277590084972
4174 0.277590084972
4173 0.283531970435726
4172 0.283531970435726
4171 0.289549008353623
4170 0.295640661408617
4169 0.308045409785011
4168 0.314357174700437
4167 0.327195767292295
4166 0.340315531120343
4165 0.34697855762554
4164 0.353709014224918
4163 0.353709014224918
4162 0.35564284983851
4161 0.348944046951227
4160 0.342311064374099
4159 0.322817004042975
4158 0.303948968744126
4157 0.279800257439245
4156 0.256837749776643
4155 0.235086343018056
4154 0.20961934565361
4153 0.186067000471794
4152 0.164408111503985
4151 0.144600856107863
4150 0.1231916031532
4149 0.107228564109403
4148 0.0928800408568368
4147 0.0783751783676427
4146 0.0692368801685297
4145 0.060953437954834
4144 0.053469642667799
4143 0.0467304426398879
4142 0.0421319551592271
4141 0.0378992114719012
4140 0.035269675523176
4139 0.032786503873487
4138 0.0315978411523723
4137 0.0304434293142239
4136 0.0304434293142239
4135 0.0304434293142239
4134 0.0304434293142239
4133 0.0315978411523723
4132 0.032786503873487
4131 0.0340101888241136
4130 0.0365657513926452
4129 0.0378992114719012
4128 0.0406815006743302
4127 0.0436230438879871
4126 0.0451555951144119
4125 0.0483484254070912
4124 0.0517171755799074
4123 0.0566676219673285
4122 0.0604589945930959
4121 0.0624279714657737
4120 0.0665167377639137
4119 0.0708122280203782
4118 0.07532119405803
4117 0.0776578307428669
4116 0.0824995821129106
4115 0.0850063515206427
4114 0.0884230661283647
4113 0.0910834737433447
4112 0.0956250807074997
4111 0.0984316798150311
4110 0.0994340942267785
4109 0.102343442456503
4108 0.105317006855856
4107 0.108355557536411
4106 0.111459851940282
4105 0.111459851940282
4104 0.111459851940282
4103 0.108355557536411
4102 0.105317006855856
4101 0.102343442456503
4100 0.0965881802639963
4099 0.0910834737433447
4098 0.0832820401206271
4097 0.0760074533104821
4096 0.0708122280203782
4095 0.0624279714657737
4094 0.0566676219673285
4093 0.0496475761585474
4092 0.0433331598459329
4091 0.0376716802981357
4090 0.0336674607919666
4089 0.029069385860084
4088 0.0240318331233596
4087 0.0213543780089577
4086 0.018149856167781
4085 0.0153262689034606
4084 0.0128459728181553
4083 0.0111898395626965
4082 0.0087501316968668
4081 0.00789292812975946
4080 0.00671562396367786
4079 0.0056584478885221
4078 0.00501512116409778
4077 0.00441747918253746
4076 0.00386269931600394
4075 0.00334809801527349
4074 0.00310506276851779
4073 0.0028711268215202
4072 0.0028711268215202
4071 0.00264599204950289
4070 0.00242936825066937
4069 0.0022209730124722
4068 0.00202053157688306
4067 0.00182777670484318
4066 0.00164244854006583
4065 0.00146429447235598
4064 0.00129306900060593
4063 0.000970456562909606
4062 0.000818612905613099
4061 0.000672784187650194
4060 0.00053275839726263
4059 0.00053275839726263
4058 0.000398329811048659
4057 0.000398329811048659
4056 0.000269298858611896
4055 0.000398329811048659
4054 0.000398329811048659
4053 0.000398329811048659
4052 0.00053275839726263
4051 0.000852685022301514
4050 0.00100504245134619
4049 0.00116361096469842
4048 0.00150027797955741
4047 0.00167884140538497
4046 0.00205764147056349
4045 0.00225838444501233
4044 0.00242936825066937
4043 0.0028711268215202
4042 0.00334809801527349
4041 0.00386269931600394
4040 0.00441747918253746
4039 0.00501512116409778
4038 0.00533089198046427
4037 0.00599816407665152
4036 0.00671562396367786
4035 0.00748645831886069
4034 0.00831400543091886
4033 0.00920175824180997
4032 0.00966934629757519
4031 0.0106543018851705
4030 0.0111726420901078
4029 0.0122635551957586
4028 0.0128371619189317
4027 0.0134302417648602
4026 0.0134411215924452
4025 0.0134411215924452
4024 0.0140581693606061
4023 0.0140581693606061
4022 0.0140581693606061
4021 0.0146960402417363
4020 0.0153317981319338
4019 0.0153317981319338
4018 0.0146770017284582
4017 0.0146770017284582
4016 0.0146770017284582
4015 0.0140433373768047
4014 0.0134302417648602
4013 0.0128371619189317
4012 0.0122635551957586
4011 0.0122635551957586
4010 0.0117088892660829
4009 0.0111726420901078
4008 0.0106543018851705
4007 0.0101533670859568
4006 0.0101533670859568
4005 0.00966934629757519
4004 0.00920175824180997
4003 0.00920175824180997
4002 0.0087501316968668
4001 0.00831400543091886
4000 0.00789292812975946
3999 0.00789292812975946
3998 0.00792326954922663
3997 0.00751806127336083
3996 0.00712689668174896
3995 0.00635042489481186
3994 0.00599816407665152
3993 0.0056584478885221
3992 0.00501512116409778
3991 0.00441747918253746
3990 0.0041728931489497
3989 0.00363874465702015
3988 0.0029091750421142
3987 0.00202053157688306
3986 0.00146429447235598
3985 0.000970456562909606
3984 0.00053275839726263
3983 2.66615315766517e-05
