-208434.417305145 2438371.24514906
6100 5.99951364637456e-05
6099 0
5998 0.000222281987975866
5997 0.00106078506738864
5996 0.0021445433938419
5995 0.00353469592085727
5994 0.00482185260064484
5993 0.00635787058193163
5992 0.00818295678093671
5991 0.0103421194196474
5990 0.0128854010864564
5989 0.0156990337815592
5988 0.0189697965511295
5987 0.0227586307183569
5986 0.0271319669250116
5985 0.032161711724044
5984 0.0338060464147855
5983 0.0355165224026882
5982 0.0372951359251103
5981 0.0391439095680233
5980 0.0410648908206225
5979 0.0391214588082374
5978 0.0372589638552395
5977 0.0354744679800679
5976 0.03376511079363
5975 0.0321281094242733
5974 0.0293018349634306
5973 0.0266762312098661
5972 0.0242400471521886
5971 0.0219823863112465
5970 0.0198927218097392
5969 0.0179609082683069
5968 0.0161771907243207
5967 0.0145322107742621
5966 0.0130170101431802
5965 0.0116230318854004
5964 0.0104541007350081
5963 0.00937276464353909
5962 0.00837344923289773
5961 0.0074508449644061
5960 0.00659990256010392
5959 0.00629721307410991
5958 0.00600508452723222
5957 0.00572315083946986
5956 0.00545105801610304
5955 0.00518846379545163
5954 0.00539951113264025
5953 0.00561586356318514
5952 0.00583763512729616
5951 0.00606494175536425
5950 0.00629790128367174
5949 0.0069267341127999
5948 0.00759885089768166
5947 0.00831697132521006
5946 0.00908396119299331
5945 0.00990283796109984
5944 0.0115020325872886
5943 0.0132832392409903
5942 0.0152633114664072
5941 0.017460153626383
5940 0.0198927218097392
5939 0.0229871458105892
5938 0.0264470989979988
5937 0.0303057506667434
5936 0.0345978610243001
5935 0.0393596578309489
5934 0.0449497047540993
5933 0.051134546506653
5932 0.0579549229985834
5931 0.0654513638727831
5930 0.0736637416949071
5929 0.0789983544158121
5928 0.0846494814539758
5927 0.0906304925898452
5926 0.0969548267712593
5925 0.103635939899956
5924 0.109984908509152
5923 0.116648010659983
5922 0.12363529868897
5921 0.130956693066814
5920 0.138621935830009
5919 0.149496087826783
5918 0.160938354232562
5917 0.172953809110549
5916 0.185545313331537
5915 0.198713368396325
5914 0.214109900272027
5913 0.230280006088874
5912 0.247223083865527
5911 0.264934304215428
5910 0.283404337420289
5909 0.308243281639925
5908 0.334270769961529
5907 0.361430435167574
5906 0.389651115829754
5905 0.418846514306176
5904 0.450608854598422
5903 0.483206049126907
5902 0.516481799807179
5901 0.55026209127705
5900 0.584356281626437
5899 0.616759223420145
5898 0.649073104133686
5897 0.681102564256814
5896 0.712644865148398
5895 0.743491913851727
5894 0.769014342085189
5893 0.793944234224323
5892 0.81815593444201
5891 0.841522706607567
5890 0.863917742131083
5889 0.878167522884928
5888 0.891596618672271
5887 0.904168215431212
5886 0.915848355908105
5885 0.92660609488477
5884 0.931578542796337
5883 0.93624144247826
5882 0.94059230115535
5881 0.944628991745519
5880 0.948349752391107
5879 0.950329478117932
5878 0.952304421135394
5877 0.954274415989281
5876 0.956239295833196
5875 0.958198892443981
5874 0.958610212369252
5873 0.959003953484256
5872 0.959379990590385
5871 0.959738199979466
5870 0.960078459480212
5869 0.95892182150275
5868 0.957761415558979
5867 0.956597302328852
5866 0.955429542258536
5865 0.954258195555043
5864 0.957035659655301
5863 0.95979031658849
5862 0.962521587688372
5861 0.965228891693451
5860 0.967911644914064
5859 0.971523131058688
5858 0.974927983931876
5857 0.978123945201354
5856 0.981108890225793
5855 0.983880830408459
5854 0.986437915404912
5853 0.988778435181334
5852 0.990900821920259
5851 0.992803651770763
5850 0.994485646440346
5849 0.995671475638087
5848 0.99671473247661
5847 0.997614967090589
5846 0.9983717910353
5845 0.998984877565953
5844 0.999634437422427
5843 0.999959375350284
5842 0.999959375350284
5841 0.999634437422427
5840 0.998984877565953
5839 0.99819604872503
5838 0.997182753282497
5837 0.995945674626042
5836 0.994485646440346
5835 0.992803651770763
5834 0.995388365579326
5833 0.997403339066166
5832 0.99884509685805
5831 0.999711149376243
5830 1
5829 0.9983717910353
5828 0.993503016520236
5827 0.985440976636716
5826 0.974263654328654
5825 0.960078459480212
5824 0.948708323185696
5823 0.936043071915272
5822 0.922138224953997
5821 0.907054136610202
5820 0.890855560269011
5819 0.886966336693681
5818 0.883022276942372
5817 0.879024262207353
5816 0.874973182828503
5815 0.870869937963941
5814 0.863917742131083
5813 0.856827418464099
5812 0.849603277259319
5811 0.842249683062777
5810 0.834771050300162
5809 0.824099399246883
5808 0.813203790891651
5807 0.802096729784594
5806 0.790790830927501
5805 0.779298796158976
5804 0.774319819730647
5803 0.769310006666884
5802 0.76427036544981
5801 0.759201905245722
5800 0.754105635574421
5799 0.757506188772723
5798 0.760894531777708
5797 0.76427036544981
5796 0.767633390675973
5795 0.77098330841291
5794 0.775479144800313
5793 0.779908152032254
5792 0.7842693404159
5791 0.788561751491652
5790 0.792784458392787
5789 0.791768390007389
5788 0.790734466445811
5787 0.789682712657193
5786 0.788613156473221
5785 0.787525828624924
5784 0.783715069106906
5783 0.779908152032254
5782 0.776105468500179
5781 0.772307402144076
5780 0.768514329150896
5779 0.765218794111013
5778 0.761910175267536
5777 0.758588763788882
5776 0.75525485094472
5775 0.751908728064268
5774 0.75358329754977
5773 0.75525485094472
5772 0.756923351830323
5771 0.758588763788882
5770 0.760251050405135
5769 0.765218794111013
5768 0.77015709929238
5767 0.775064983904523
5766 0.77994146694785
5765 0.784785568789486
5764 0.797537434925269
5763 0.810033622531235
5762 0.822255812267863
5761 0.834185874966611
5760 0.84580591603634
5759 0.863981995503146
5758 0.88121933301649
5757 0.897446985281006
5756 0.912597241907305
5755 0.92660609488477
5754 0.943104128276312
5753 0.957426518503318
5752 0.969466258918379
5751 0.979132548745349
5750 0.986351933259242
5749 0.990645477287978
5748 0.992965103541758
5747 0.993296920775391
5746 0.991638940111847
5745 0.988001094897552
5744 0.984087175273411
5743 0.979132548745349
5742 0.97315306814851
5741 0.966167793833166
5740 0.958198892443981
5739 0.951799763741323
5738 0.944904247961248
5737 0.937523747529697
5736 0.929670403581218
5735 0.921357062695879
5734 0.913716158588048
5733 0.9057428637628
5732 0.897446985281006
5731 0.888838662254407
5730 0.879928345234511
5729 0.870726775119309
5728 0.861244961637406
5727 0.851494161469661
5726 0.841485856068881
5725 0.831231729238653
5724 0.819226947240054
5723 0.806934550239599
5722 0.794372719108969
5721 0.781559813804401
5720 0.768514329150896
5719 0.756923351830323
5718 0.745181017559393
5717 0.733299814766729
5716 0.721292216063821
5715 0.709170656946566
5714 0.700449487993239
5713 0.69168097981663
5712 0.682869595443424
5711 0.674019770128447
5710 0.665135907790536
5709 0.658163169819674
5708 0.65112994110043
5707 0.644039079331124
5706 0.63689347491662
5705 0.629696048462838
5704 0.625996589267978
5703 0.622313058604283
5702 0.61864563275968
5701 0.614994481358891
5700 0.611359767454399
5699 0.614959633656123
5698 0.618558540671598
5697 0.622156226244737
5696 0.625752426725831
5695 0.629346877101011
5694 0.636529460837679
5693 0.643701831209403
5692 0.650861822103382
5691 0.658007248555388
5690 0.665135907790536
5689 0.672245580288333
5688 0.679334030871227
5687 0.686399009816016
5686 0.693438253987463
5685 0.700449487993239
5684 0.700449487993239
5683 0.700449487993239
5682 0.700449487993239
5681 0.700449487993239
5680 0.700449487993239
5679 0.702197652186646
5678 0.703943887061259
5677 0.705688156752522
5676 0.70743042535959
5675 0.709170656946566
5674 0.716110493214689
5673 0.723014853983959
5672 0.729881425119478
5671 0.736707886612705
5670 0.743491913851727
5669 0.743491913851727
5668 0.743491913851727
5667 0.743491913851727
5666 0.743491913851727
5665 0.743491913851727
5664 0.719567252517665
5663 0.695193777577063
5662 0.670470064149576
5661 0.645493074544851
5660 0.620357552584247
5659 0.57896035391201
5658 0.537769738397813
5657 0.497143839890008
5656 0.457407011402486
5655 0.418846514306176
5654 0.389651115829754
5653 0.361430435167574
5652 0.334270769961529
5651 0.308243281639925
5650 0.283404337420289
5649 0.270867167943324
5648 0.258631526634841
5647 0.246705412128119
5646 0.235095784368206
5645 0.223808574842589
5644 0.223808574842589
5643 0.223808574842589
5642 0.223808574842589
5641 0.223808574842589
5640 0.223808574842589
5639 0.22913162247014
5638 0.234558442931875
5637 0.240090008182828
5636 0.245727249185955
5635 0.251471053208417
5634 0.259185846267862
5633 0.267046661698939
5632 0.275052648100958
5631 0.28320278347533
5630 0.291495871518036
5629 0.301349973907457
5628 0.311394278801553
5627 0.321625949683281
5626 0.332041801538964
5625 0.342638295280155
5624 0.356521476577673
5623 0.370687624744169
5622 0.385126566134646
5621 0.399827113154093
5620 0.414777058707905
5619 0.436784677024612
5618 0.459241234547705
5617 0.482098719873363
5616 0.505304806843706
5615 0.5288029712664
5614 0.51792513845747
5613 0.507102735918524
5612 0.496341645066003
5611 0.485647564262872
5610 0.475026005279265
5609 0.440211462597421
5608 0.406441506180188
5607 0.373873081640506
5606 0.342638295280155
5605 0.312844545168374
5604 0.276401023782065
5603 0.242655921710267
5602 0.211672407702594
5601 0.183458142535172
5600 0.157972109944599
5599 0.135962815669248
5598 0.116297190055935
5597 0.0988496818374668
5596 0.0834778593814658
5595 0.0700278805368638
5594 0.0578321876982538
5593 0.0474113494268032
5592 0.0385670215230949
5591 0.0311103050687063
5590 0.0248642937861895
5589 0.0187617010336349
5588 0.0138881341840893
5587 0.0100337770434042
5586 0.00701480538637609
5585 0.00467276141821688
5584 0.00280896049595165
5583 0.0014035641079042
5582 0.000355512544563336
5495 1.93627409100068e-05
