-1050190.40781296 3447954.58631337
1366 0
1365 0.000218315327399743
1364 0.000410611284782102
1363 0.000619943062649765
1362 0.000847648285029585
1361 0.00109515287772356
1360 0.00136397535942074
1359 0.0016938975595829
1358 0.00205530158326558
1357 0.00245081182026482
1356 0.00288323121535492
1355 0.0033555493972633
1354 0.00397187224197448
1353 0.00465388492110646
1352 0.0054074676801148
1351 0.00623889135732006
1350 0.00715482793770247
1349 0.00780482530824934
1348 0.00849679033728226
1347 0.00923300102516426
1346 0.0100158268302038
1345 0.0108477300439395
1344 0.0110947862650984
1343 0.0113461179362935
1342 0.0116017867373179
1341 0.0118618549853521
1340 0.0121263856365332
1339 0.0116971873580595
1338 0.0112823405689039
1337 0.0108814532124946
1336 0.0104941385558175
1335 0.0101200154619408
1334 0.0095468228072155
1333 0.00899833840161105
1332 0.00847365685937724
1331 0.0079718977487946
1330 0.00749220531620126
1329 0.0073988412447281
1328 0.00730631997368842
1327 0.00721463500667761
1326 0.00712377988559725
1325 0.00703374819054999
1324 0.0078344335958355
1323 0.00869901471931634
1322 0.00963167200006475
1321 0.0106367726570847
1320 0.0117188712695748
1319 0.0133675915250467
1318 0.0151914092628162
1317 0.0172053811875598
1316 0.0194254201297464
1315 0.0218682913107611
1314 0.0249142041001155
1313 0.0282884055829761
1312 0.0320171601054208
1311 0.0361276450996738
1310 0.0406478280581257
1309 0.0467650816084041
1308 0.0536181286315288
1307 0.0612708009456326
1306 0.0697885454849256
1305 0.0792377969452748
1304 0.0946707028313177
1303 0.112327012324403
1302 0.13237305795652
1301 0.154956304930674
1300 0.180198050917174
1299 0.203327932788658
1298 0.228394339872637
1297 0.25540298482781
1296 0.284333489392957
1295 0.315136701168494
1294 0.329588923677837
1293 0.34439509703622
1292 0.359544373142656
1291 0.375024497845255
1290 0.390821793524736
1289 0.399729614198072
1288 0.408727904820084
1287 0.417813744488622
1286 0.426984075037221
1285 0.436235701359939
1284 0.445565291931537
1283 0.454969379526427
1282 0.464444362139472
1281 0.473986504111442
1280 0.483591937461547
1279 0.506879007832214
1278 0.530449031176211
1277 0.554239622936894
1276 0.578184500940201
1275 0.602213735292422
1274 0.654213082830316
1273 0.705469328664241
1272 0.755143970694117
1271 0.80237243864829
1270 0.846288435621123
1269 0.884607259249062
1268 0.918380141569791
1267 0.946967463510864
1266 0.969814686495449
1265 0.986470225718436
1264 0.991319763668381
1263 0.995108073568581
1262 0.997822853736346
1261 0.999455269279714
1260 1
1259 0.999950962101162
1258 0.999803862807126
1257 0.99955874531827
1256 0.999215681611733
1255 0.998774772406188
1254 0.999079577797828
1253 0.999340913467361
1252 0.99955874531827
1251 0.999733044925452
1250 0.999863789541403
1249 0.999950962101162
1248 0.999994551226027
1247 0.999994551226027
1246 0.999950962101162
1245 0.999863789541403
1244 0.999096705795214
1243 0.998320538709167
1242 0.997535357069961
1241 0.996741230166648
1240 0.995938227775131
1239 0.996789806549806
1238 0.997621922975819
1237 0.998434426091706
1236 0.999227167214768
1235 1
1234 0.999227167214768
1233 0.998434426091706
1232 0.997621922975819
1231 0.996789806549806
1230 0.995938227775131
1229 0.996681862240802
1228 0.997405522270269
1227 0.998109067973461
1226 0.998792361936759
1225 0.999455269279714
1224 0.998689123441218
1223 0.997913903906644
1222 0.99712967932843
1221 0.996336518860768
1220 0.995534492144138
1219 0.996741230166648
1218 0.997670619593255
1217 0.998320538709167
1216 0.998689123441218
1215 0.998774772406188
1214 0.996035697769039
1213 0.991746579796115
1212 0.985927479874695
1211 0.978605522867465
1210 0.969814686495449
1209 0.960263217028674
1208 0.949271246479362
1207 0.936884399122411
1206 0.923154851436094
1205 0.908140955858638
1204 0.89992188734927
1203 0.891424611965988
1202 0.882658423268405
1201 0.873632842097894
1200 0.864357599400824
1199 0.867476478338336
1198 0.870568348442199
1197 0.873632842097894
1196 0.876669593997851
1195 0.87967824121373
1194 0.894705799109804
1193 0.908663942660302
1192 0.921502959186799
1191 0.933178229787086
1190 0.943650513731524
1189 0.96302498019398
1188 0.978121287326593
1187 0.988728000869688
1186 0.994695245289605
1185 0.995938227775131
1184 0.989118286111718
1183 0.972190220709507
1182 0.945673086957314
1181 0.910367758645916
1180 0.86731675972058
1179 0.828628207736918
1178 0.786040860394064
1177 0.740303470319086
1176 0.69219835179287
1175 0.642518029842957
1174 0.628385862748117
1173 0.614272090538446
1172 0.600191611669182
1171 0.586158818784051
1170 0.572187581642377
1169 0.572137732764076
1168 0.572087812581138
1167 0.5720378511843
1166 0.571987878507951
1165 0.571937924319893
1164 0.569979101601625
1163 0.568026563560466
1162 0.566080394256137
1161 0.564140675508162
1160 0.562207486909504
1159 0.5581520421831
1158 0.554089789516913
1157 0.550021431281801
1156 0.545947668147629
1155 0.541869198762969
1154 0.542048337939285
1153 0.542229528541545
1152 0.542412504245459
1151 0.542596995767542
1150 0.54278273120682
1149 0.546723032371155
1148 0.55066799488217
1147 0.554617310415411
1146 0.55857066786971
1145 0.562527753401273
1144 0.568524553358463
1143 0.57450931437032
1142 0.580480284346748
1141 0.586435706978902
1140 0.592373822962304
1139 0.604209351373974
1138 0.616082146634987
1137 0.627983456464856
1136 0.639904243138174
1135 0.651835191045093
1134 0.667706694668887
1133 0.683538913760479
1132 0.699307967544451
1131 0.714989363062456
1130 0.730558049468791
1129 0.738401961306037
1128 0.746219243188582
1127 0.754006302299922
1126 0.761759499617356
1125 0.769475152505159
1124 0.767613760612814
1123 0.765748450133496
1122 0.763879271401373
1121 0.762006274755319
1120 0.76012951053671
1119 0.748792625077224
1118 0.7373327873139
1117 0.725760846030438
1116 0.714087613897502
1115 0.702323851113715
1114 0.686274849685585
1113 0.670203474021689
1112 0.654135741804667
1111 0.638096629878663
1110 0.622110027653459
1109 0.612173745807357
1108 0.602232718707945
1107 0.592292343867997
1106 0.582357930167794
1105 0.572434693632081
1104 0.574372194257928
1103 0.576316099965726
1102 0.578266332550544
1101 0.580222811619316
1100 0.582185454576592
1099 0.584154176610945
1098 0.586128890682002
1097 0.588109507508162
1096 0.590095935555
1095 0.592088081024368
1094 0.578060272662698
1093 0.564140675508162
1092 0.550342753693355
1091 0.536679160743184
1090 0.523161738456774
1089 0.513409418991803
1088 0.503701875690001
1087 0.494043453582502
1086 0.484438375876769
1085 0.474890741770563
1084 0.480435645096169
1083 0.486017382493887
1082 0.491635264620924
1081 0.497288571894127
1080 0.502976554226523
1079 0.500883927610203
1078 0.498789765675774
1077 0.496694274431077
1076 0.494597659371591
1075 0.492500125420749
1074 0.465617166394453
1073 0.439324088004087
1072 0.413693704814101
1071 0.388790023572152
1070 0.364668299765842
1069 0.332848956198825
1068 0.302595107137879
1067 0.273991640923921
1066 0.247097135110666
1065 0.221945452396795
1064 0.198888229277747
1063 0.177568470131006
1062 0.15794872077687
1061 0.139977234463986
1060 0.123590423633173
1059 0.109633583314554
1058 0.0968876157574728
1057 0.0852965209777108
1056 0.0747997906376932
1055 0.0653336589731533
1054 0.0589112383362746
1053 0.0530028228255134
1052 0.0475790042567713
1051 0.0426107249163638
1050 0.0380694455160819
1049 0.0350046484013874
1048 0.0321395657539148
1047 0.0294645127636923
1046 0.0269699811063052
1045 0.0246466631674942
1044 0.0242962442144341
1043 0.023952086903128
1042 0.0236140796636311
1041 0.0232821126922905
1040 0.0229560779360298
1039 0.0231787586011632
1038 0.0234031717974629
1037 0.0236293282108771
1036 0.0238572385663098
1035 0.0240869136274997
1034 0.0249142041001155
1033 0.0257644494810615
1032 0.0266381178902481
1031 0.0275356799200014
1030 0.0284576083473761
1029 0.0296452171763598
1028 0.0308767489357612
1027 0.0321536173716755
1026 0.0334772682991978
1025 0.0348491795102425
1024 0.0377369984734128
1023 0.0408150850317749
1022 0.0440926337960972
1021 0.0475790042567713
1020 0.0512836992532233
1019 0.0543222252706668
1018 0.0575032109512712
1017 0.0608312501863961
1016 0.0643109544478165
1015 0.067946943672878
1014 0.0711913972789464
1013 0.0745569684503359
1012 0.0780465485375238
1011 0.0816630126957079
1010 0.0854092145396203
1009 0.0866872685097617
1008 0.0879801560309998
1007 0.0892879805981921
1006 0.0906108452526967
1005 0.0919488525577045
1004 0.0896852383560311
1003 0.087464558546327
1002 0.0852864409282291
1001 0.0831505008845579
1000 0.0810563419524245
999 0.0778088434385508
998 0.0746624349475406
997 0.0716153305772309
996 0.0686657075314858
995 0.0658117101809595
994 0.0632428354990442
993 0.060754374350506
992 0.0583445947864625
991 0.0560117675397886
990 0.0537541677925054
989 0.050125779305171
988 0.0466942709433832
987 0.0434521940651572
986 0.0403921319372157
985 0.0375067214789545
984 0.0337973176202359
983 0.0303969319689507
982 0.0272846714448776
981 0.0244405013890318
980 0.0218452760876904
979 0.0201795323934441
978 0.0186169401506314
977 0.0171522802557994
976 0.0157805070890582
975 0.0144967497743363
974 0.0143422329529055
973 0.0141890088080715
972 0.0140370684043545
971 0.0138864028490579
970 0.0137370032922521
969 0.0125157083130014
968 0.0113796202653802
967 0.0103238178179372
966 0.00934357374708066
965 0.00843435509386981
964 0.00617347840051836
963 0.00437582789619866
962 0.00295635057413193
961 0.00184313453032882
960 0.000975992233568463
959 0.000362485348605786
