698757.449177307 2283498.0034266
1830 0
1829 0.000248586595497686
1828 0.000513303958432694
1827 0.000795068093495009
1826 0.0010948375305934
1825 0.00141361464657228
1824 0.00167068721023283
1823 0.00194015779164436
1822 0.00222255492408574
1821 0.00251842566089652
1820 0.00282833600181368
1819 0.00306062334307213
1818 0.00330080951670177
1817 0.00354913268887521
1816 0.00380583689554039
1815 0.00407117213263717
1814 0.00430056584689594
1813 0.00453666136353824
1812 0.00477963314702451
1811 0.00502965914846101
1810 0.0052869208292377
1809 0.00544712448311069
1808 0.00560994471099452
1807 0.00577541789012134
1806 0.00594358078251285
1805 0.00611447053684035
1804 0.00615762343792252
1803 0.00620094970236435
1802 0.00624444992201462
1801 0.00628812469025024
1800 0.00633197460197758
1799 0.00631976438876273
1798 0.00630773711098389
1797 0.00629589245632106
1796 0.00628423011680261
1795 0.00627274978881495
1794 0.00622910107805533
1793 0.00618562699344246
1792 0.00614232694064749
1791 0.00609920032687402
1790 0.00605624656085678
1789 0.00609920032687402
1788 0.00614232694064749
1787 0.00618562699344246
1786 0.00622910107805533
1785 0.00627274978881495
1784 0.00658323054252381
1783 0.00690250397139604
1782 0.0072307802871968
1781 0.00756827344490711
1780 0.00791520116860328
1779 0.00796554530954285
1778 0.00801608715922549
1777 0.00806682737141003
1776 0.00811776660144804
1775 0.00816890550628484
1774 0.00753206021796996
1773 0.00692676938515345
1772 0.00635168025873171
1771 0.00580548517540567
1770 0.0052869208292377
1769 0.00474629732519028
1768 0.0042357835539816
1767 0.00375392888778744
1766 0.00329933771792645
1765 0.00287066831350745
1764 0.0026571412278913
1763 0.00245017492677178
1762 0.0022495932758941
1761 0.00205522389790846
1760 0.00186689812794502
1759 0.00195534529250841
1758 0.00204561916669608
1757 0.00213775788814329
1756 0.00223180033984277
1755 0.00232778616145435
1754 0.00274525115656911
1753 0.00319044417694253
1752 0.00366497476784038
1751 0.00417052500832455
1750 0.00470885101793974
1749 0.0053267284138583
1748 0.00598604611814633
1747 0.00668915095639642
1746 0.00743848929679651
1745 0.00823660881562104
1744 0.00864045869378607
1743 0.00905697017943769
1742 0.00948648579467389
1741 0.00992935511218785
1740 0.0103859348126949
1739 0.0107191164366896
1738 0.0110605012746179
1737 0.0114102777862926
1736 0.0117686379375669
1735 0.012135777228097
1734 0.0125678049242029
1733 0.0130110990090755
1732 0.0134659097109152
1731 0.0139324908862716
1730 0.01441109999451
1729 0.0148834084210133
1728 0.0153667251782048
1727 0.0158612585252236
1726 0.0163672191694805
1725 0.0168848202501898
1724 0.0173927236927541
1723 0.0179116313540844
1722 0.018441734845198
1721 0.0189832278779833
1720 0.019536306255976
1719 0.0201504227771979
1718 0.0207804734731243
1717 0.0214268244865981
1716 0.0220898479730012
1715 0.022769922091244
1714 0.0235328229297388
1713 0.0243148973230222
1712 0.0251165205448469
1711 0.0259380716553767
1710 0.026779933419402
1709 0.0284988883240603
1708 0.0303005062142916
1707 0.0321877862862308
1706 0.0341637770422006
1705 0.036231573387448
1704 0.0400644158442023
1703 0.0442057183933625
1702 0.0486735077300289
1701 0.0534861574293739
1700 0.0586623167269476
1699 0.0630694103292948
1698 0.0677305306627678
1697 0.0726554207799113
1696 0.0778538059296213
1695 0.0833353569990939
1694 0.0851406085698812
1693 0.0869773359468236
1692 0.0888458526153404
1691 0.0907464673501171
1690 0.0926794839258185
1689 0.0927338254114605
1688 0.0927889304696254
1687 0.0928447987835906
1686 0.0929014300314353
1685 0.0929588238860105
1684 0.0925945911603288
1683 0.0922320558149584
1682 0.091871214209005
1681 0.0915120626691465
1680 0.0911545974900911
1679 0.0907464673501171
1678 0.090342443300781
1677 0.0899425140242177
1676 0.0895466679943102
1675 0.0891548934818765
1674 0.0892008911788009
1673 0.0892476444357116
1672 0.0892951530123327
1671 0.0893434166638803
1670 0.0893924351410355
1669 0.0887962297953015
1668 0.0882030550118488
1667 0.087612901592898
1666 0.0870257603212545
1665 0.0864416219607518
1664 0.0849943530173973
1663 0.0835656492871509
1662 0.082155365015827
1661 0.0807633538274374
1660 0.0793894687658379
1659 0.0774503491002186
1658 0.0755478358124679
1657 0.0736815028077593
1656 0.0718509211481197
1655 0.0700556593315941
1654 0.0684167128740904
1653 0.0668111246898446
1652 0.0652383783205235
1651 0.06369795882583
1650 0.0621893530545284
1649 0.0608891904042547
1648 0.0596112362382593
1647 0.0583552107261294
1646 0.0571208348604986
1645 0.0559078305364827
1644 0.0552424763610746
1643 0.0545836107394343
1642 0.0539311903279668
1641 0.0532851717242307
1640 0.0526455114738018
1639 0.0523671718348741
1638 0.0520920649308721
1637 0.0518201748514188
1636 0.0515514856415611
1635 0.0512859813059082
1634 0.0519439599190649
1633 0.0526103573456221
1632 0.0532852500120609
1631 0.053968714167462
1630 0.0546608258572428
1629 0.0556906484782547
1628 0.056735447824259
1627 0.0577953739700298
1626 0.0588705771515887
1625 0.0599612077361361
1624 0.0608449210456665
1623 0.0617386812640333
1622 0.062642565482165
1621 0.0635566507984825
1620 0.0644810143082152
1619 0.0660780473794573
1618 0.0677066987360229
1617 0.0693674075878824
1616 0.071060613545771
1615 0.0727867564215846
1614 0.0770080862054665
1613 0.0814139840906671
1612 0.086009301471175
1611 0.0907988149350322
1610 0.0957872109388479
1609 0.0989731421720964
1608 0.102238382223516
1607 0.105584018542148
1606 0.109011119922202
1605 0.112520734969873
1604 0.111754235169351
1603 0.110992174040038
1602 0.110234540044637
1601 0.109481321484926
1600 0.108732506504263
1599 0.108333245192134
1598 0.107935759005545
1597 0.107540044763971
1596 0.107146099248644
1595 0.106753919203021
1594 0.110616450451058
1593 0.114581944459233
1592 0.118651738796285
1591 0.12282712808623
1590 0.127109361062542
1589 0.13184082269895
1588 0.136699830714126
1587 0.141687868094571
1586 0.146806347491144
1585 0.152056606915996
1584 0.155691485618586
1583 0.159387449278029
1582 0.163144791566365
1581 0.16696378433866
1580 0.170844676965784
1579 0.173194023863235
1578 0.1755677023259
1577 0.177965805682543
1576 0.180388424120831
1575 0.182835644609162
1574 0.18492391979739
1573 0.187028724165219
1572 0.189150067310885
1571 0.191287956601543
1570 0.19344239714559
1569 0.196602468962529
1568 0.19979736467839
1567 0.203027136925167
1566 0.206291830929565
1565 0.209591484381078
1564 0.214606577064349
1563 0.219700462510088
1562 0.224873168548933
1561 0.230124681591022
1560 0.235454945675653
1559 0.238382755821721
1558 0.241335906384718
1557 0.244314402740516
1556 0.247318245497463
1555 0.250347430421494
1554 0.247318245497463
1553 0.244314402740516
1552 0.241335906384718
1551 0.238382755821721
1550 0.235454945675653
1549 0.235454945675653
1548 0.235454945675653
1547 0.235454945675653
1546 0.235454945675653
1545 0.235454945675653
1544 0.242752555214514
1543 0.250190064174457
1542 0.257766737192163
1541 0.265481678554247
1540 0.273333828794914
1539 0.283920355998405
1538 0.29474621777929
1537 0.305808189918886
1536 0.317102527381839
1535 0.32862495346438
1534 0.338890406017309
1533 0.349323235381565
1532 0.359919542442699
1531 0.370675098647847
1530 0.381585343404696
1529 0.39105640011083
1528 0.40063423661865
1527 0.410315393265875
1526 0.420096229047266
1525 0.42997292187059
1524 0.436562547099706
1523 0.44319526941391
1522 0.449869887661878
1521 0.45658516144863
1520 0.463339811199074
1519 0.469276898955887
1518 0.475242664109161
1517 0.481236173318642
1516 0.487256469902216
1515 0.493302573942079
1514 0.496812743264178
1513 0.500328572336778
1512 0.503849802264654
1511 0.507376171610051
1510 0.510907416428207
1509 0.512661747538267
1508 0.514417563764533
1507 0.516174839606349
1506 0.517933549438318
1505 0.519693667510775
1504 0.51883800755707
1503 0.517983464388126
1502 0.517130047417288
1501 0.516277765970187
1500 0.515426629284754
1499 0.51367239480379
1498 0.511919621407641
1497 0.51016833449291
1496 0.50841855933141
1495 0.506670321069704
1494 0.506670321069704
1493 0.506670321069704
1492 0.506670321069704
1491 0.506670321069704
1490 0.506670321069704
1489 0.508389912569623
1488 0.510112313446893
1487 0.511837488738973
1486 0.513565403106206
1485 0.515296020832167
1484 0.517958350637364
1483 0.520622782557668
1482 0.523289184296075
1481 0.525957422688662
1480 0.528627363718559
1479 0.531253859229171
1478 0.533884801405989
1477 0.536520086923604
1476 0.539159611288672
1475 0.541803268844
1474 0.544486212431162
1473 0.547170163255488
1472 0.549854982192031
1471 0.552540529352121
1470 0.555226664098975
1469 0.556101836192237
1468 0.556977902563952
1467 0.557854852388449
1466 0.558732674754433
1465 0.559611358665103
1464 0.558732674754433
1463 0.557854852388449
1462 0.556977902563952
1461 0.556101836192237
1460 0.555226664098975
1459 0.555211194090448
1458 0.555195893760555
1457 0.555180764607154
1456 0.555165808110501
1455 0.555151025733147
1454 0.557826624094292
1453 0.560504015965672
1452 0.563183105005766
1451 0.565863794314711
1450 0.56854598643924
1449 0.569440367516912
1448 0.570334901046345
1447 0.571229583377704
1446 0.572124410854492
1445 0.573019379813566
1444 0.56854598643924
1443 0.564076495102265
1442 0.559611358665103
1441 0.555151025733147
1440 0.550695940591196
1439 0.548915474602375
1438 0.547135946649603
1437 0.54535738457405
1436 0.543579816101949
1435 0.541803268844
1434 0.548042352485294
1433 0.55428981515617
1432 0.560544307856892
1431 0.56680446485992
1430 0.573068904214665
1429 0.582004793936936
1428 0.590956156519019
1427 0.59991925820059
1426 0.60889029350735
1425 0.617865387520259
1424 0.625034935643165
1423 0.632194310069388
1422 0.63934128195202
1421 0.646473604864676
1420 0.653589016030594
1419 0.661611589402948
1418 0.669618783771595
1417 0.677607487248959
1416 0.685574555296317
1415 0.69351681265112
1414 0.702241906246668
1413 0.710915209625199
1412 0.719532188630452
1411 0.72808829769583
1410 0.736578983999428
1409 0.745100410945157
1408 0.753560559839914
1407 0.761954891357653
1406 0.770278852326292
1405 0.778527879766065
1404 0.785020863246708
1403 0.791457278926978
1402 0.797834868906852
1401 0.804151381636358
1400 0.810404573222999
1399 0.811957715070222
1398 0.813506724788092
1397 0.815051567593042
1396 0.816592208744252
1395 0.818128613544954
1394 0.813506724788092
1393 0.808847334071465
1392 0.804151381636358
1391 0.799419810874444
1390 0.794653568015461
1389 0.790655897748558
1388 0.786635358693547
1387 0.782592502032191
1386 0.778527879766065
1385 0.77444204459281
1384 0.779282388923751
1383 0.784087415887102
1382 0.788856104391417
1381 0.793587437848687
1380 0.798280404579315
1379 0.805359023578524
1378 0.812356860476587
1377 0.819270748166844
1376 0.826097536834424
1375 0.832834096324406
1374 0.840298569249857
1373 0.847648612518014
1372 0.854879819396737
1371 0.861987819031222
1370 0.868968280883926
1369 0.875719515812576
1368 0.882330628358787
1367 0.888797683259064
1366 0.895116810269277
1365 0.901284208012617
1364 0.906106372905133
1363 0.910827169168644
1362 0.915444755258554
1361 0.919957323337865
1360 0.924363100454783
1359 0.929189789924985
1358 0.93387670815293
1357 0.938421500014322
1356 0.942821873929673
1355 0.947075603788315
1354 0.951495848213416
1353 0.955723809719725
1352 0.959756898528335
1351 0.963592650769988
1350 0.967228731098255
1349 0.969758460652182
1348 0.972191130302573
1347 0.974525979960526
1346 0.976762278889085
1345 0.978899326084333
1344 0.979491586441521
1343 0.98007567446523
1342 0.980651575165851
1341 0.981219273758001
1340 0.981778755661149
1339 0.981523432608892
1338 0.981250876725652
1337 0.980961100018184
1336 0.980654116771054
1335 0.980329943546471
1334 0.978806811220418
1333 0.977232719315933
1332 0.975607920506635
1331 0.973932675317506
1330 0.972207252055278
1329 0.97185617018867
1328 0.971503094460308
1327 0.971148027127324
1326 0.970790970459014
1325 0.970431926736828
1324 0.973117357077875
1323 0.975670394322342
1322 0.978090048723034
1321 0.980375389364082
1320 0.982525544790216
1319 0.985716531980242
1318 0.988607589358659
1317 0.991196029980417
1316 0.993479443682415
1315 0.995455700823314
1314 0.997095814434544
1313 0.998367913921657
1312 0.999270916384002
1311 0.999804157449639
1310 0.999967391896385
1309 1
1308 0.999401446061147
1307 0.998172266013682
1306 0.996314202983139
1305 0.993830203567306
1304 0.989060079717876
1303 0.983078082192246
1302 0.975906424503817
1301 0.967571618321104
1300 0.958104310204279
1299 0.949374624911902
1298 0.939904449054594
1297 0.9297175045146
1296 0.918839124321977
1295 0.907296147780201
1294 0.901892458472271
1293 0.896362548548308
1292 0.890709128118958
1291 0.884934955468095
1290 0.879042834815952
1289 0.875719515812576
1288 0.872361165258372
1287 0.868968280883926
1286 0.865541364118235
1285 0.862080919965713
1284 0.858587456882707
1283 0.855061486653568
1282 0.85150352426632
1281 0.847914087787962
1280 0.84429369823945
1279 0.835481615153281
1278 0.826501569086764
1277 0.81736094285521
1276 0.808067188900428
1275 0.798627819256461
1274 0.777712392066799
1273 0.756226391008917
1272 0.734247674537012
1271 0.711854042062053
1270 0.689122785987464
1269 0.66701850792265
1268 0.644739388821865
1267 0.622350665403426
1266 0.599915802930926
1265 0.577496218170911
1264 0.56854598643924
1263 0.559611358665103
1262 0.550695940591196
1261 0.541803268844
1260 0.5329368089811
1259 0.530282491478025
1258 0.527630929193579
1257 0.52498221182044
1256 0.522336428438457
1255 0.519693667510775
1254 0.521455167950264
1253 0.523218024760015
1252 0.52498221182044
1251 0.526747702889624
1250 0.528514471603835
1249 0.530282491478025
1248 0.532051735906356
1247 0.533822178162722
1246 0.535593791401278
1245 0.537366548656982
1244 0.537386216445165
1243 0.537406125776441
1242 0.537426275109619
1241 0.537446662884736
1240 0.537467287523166
1239 0.53656111830699
1238 0.535654969425646
1237 0.534748857321814
1236 0.533842798391074
1235 0.5329368089811
1234 0.532072829209885
1233 0.531209884895473
1232 0.530347985984021
1231 0.52948714233448
1230 0.528627363718559
1229 0.52772165465164
1228 0.526816042901032
1227 0.52591054470171
1226 0.52500517623867
1225 0.524099953646152
1224 0.524123149551325
1223 0.524146635783601
1222 0.52417041074874
1221 0.524194472833001
1220 0.524218820403255
1219 0.528604243182009
1218 0.533000152442353
1217 0.537406125776441
1216 0.541821734388787
1215 0.546246543141584
1214 0.556934553953568
1213 0.567651761456477
1212 0.578391958728393
1211 0.589148799377722
1210 0.599915802930926
1209 0.610687875764947
1208 0.621463288670007
1207 0.632235213703286
1206 0.642996695963232
1205 0.653740660261566
1204 0.659096053902066
1203 0.664442796819134
1202 0.669779978703833
1201 0.675106684191683
1200 0.680421993110034
1199 0.678651546747175
1198 0.676879765690961
1197 0.675106684191683
1196 0.673332336444416
1195 0.671556756587965
1194 0.661737144432739
1193 0.651898185496301
1192 0.642045772934416
1191 0.632185700940752
1190 0.622323659461002
1189 0.603508900506988
1188 0.584697207344959
1187 0.565923882236604
1186 0.547223008999444
1185 0.528627363718559
1184 0.501435077261034
1183 0.474635283848288
1182 0.448315746399391
1181 0.422556568928262
1180 0.39742996985411
1179 0.377556794999559
1178 0.358157343479517
1177 0.339260925155632
1176 0.320893305889684
1175 0.303076741026691
1174 0.298283378358865
1173 0.293536918845538
1172 0.288837597910238
1171 0.284185630626678
1170 0.27958121199826
1169 0.279515719756351
1168 0.279451133359833
1167 0.279387454377867
1166 0.279324684357971
1165 0.279262824825959
1164 0.278661183981642
1163 0.278061486612079
1162 0.277463732457038
1161 0.276867921195149
1160 0.276274052444363
1159 0.274891994871008
1158 0.273514465728978
1157 0.272141481742247
1156 0.270773059266902
1155 0.269409214292015
1154 0.269535056824125
1153 0.269664575413548
1152 0.269797757893313
1151 0.269934591758167
1150 0.270075064166266
1149 0.271375728291622
1148 0.2726801821645
1147 0.273988421093488
1146 0.275300440266215
1145 0.276616234748959
1144 0.278667988513326
1143 0.28072879570091
1142 0.28279861374659
1141 0.284877398910357
1140 0.286965106274221
1139 0.290943941809842
1138 0.294957716714035
1137 0.299006304531555
1136 0.303089567653022
1135 0.307207357175971
1134 0.312773282044444
1133 0.318398800952018
1132 0.324083445575383
1131 0.329826711919207
1130 0.335628059888612
1129 0.338520640247373
1128 0.341428511816218
1127 0.344351599535092
1126 0.347289825472764
1125 0.350243108807483
1124 0.349489726061097
1123 0.348737182067531
1122 0.347985478307975
1121 0.347234616254977
1120 0.346484597372462
1119 0.342002271551225
1118 0.337550659193456
1117 0.333130057018111
1116 0.32874075067379
1115 0.32438301479338
1114 0.318740146884008
1113 0.313160237657955
1112 0.307643728285537
1111 0.302191016693014
1110 0.296802458321258
1109 0.293380001689723
1108 0.289980648642127
1107 0.286604500980541
1106 0.283251655587113
1105 0.279922204459794
1104 0.280516272469276
1103 0.281112277904346
1102 0.281710221199386
1101 0.282310102728695
1100 0.282911922806037
1099 0.283515681684187
1098 0.284121379554476
1097 0.284729016546344
1096 0.285338592726889
1095 0.285950108100414
1094 0.281383481713537
1093 0.276867921195149
1092 0.272403549840576
1091 0.2679904663883
1090 0.2636287455371
1089 0.260441323172159
1088 0.257277805486153
1087 0.254138246793171
1086 0.251022696882583
1085 0.247931201062791
1084 0.249711457467173
1083 0.251501455124241
1082 0.25330119674263
1081 0.255110684211297
1080 0.256929918589959
1079 0.256233104308708
1078 0.255538123732431
1077 0.254844981616481
1076 0.254153682631329
1075 0.253464231362732
1074 0.244861657733265
1073 0.236450510491253
1072 0.228231146617246
1071 0.22020366639035
1070 0.212367922616246
1069 0.201946668060545
1068 0.19187540175948
1067 0.182152360432
1066 0.172775069741436
1065 0.163740387238151
1064 0.155109867522605
1063 0.146812825818422
1062 0.138844045721229
1061 0.131197842420022
1060 0.123868106076867
1059 0.11745251899899
1058 0.111285192100757
1057 0.10536131850107
1056 0.0996758741585209
1055 0.0942236415714564
1054 0.0902488570224148
1053 0.086402811052484
1052 0.0826829846456306
1051 0.0790868265541747
1050 0.0756117582986455
1049 0.073227524967171
1048 0.0709013883627857
1047 0.0686324528956134
1046 0.0664198176749731
1045 0.0642625773633652
1044 0.0638421557208965
1043 0.0634246391341584
1042 0.0630100109211447
1041 0.0625982544329052
1040 0.0621893530545284
1039 0.0624156410863624
1038 0.062642565482165
1037 0.0628701274466196
1036 0.0630983281843976
1035 0.063327168900147
1034 0.0640630008971872
1033 0.0648057931528616
1032 0.0655555882647873
1031 0.0663124286916434
1030 0.0670763567453736
1029 0.0682318143951741
1028 0.0694036783586434
1027 0.0705921171622887
1026 0.0717972995177444
1025 0.0730193942802977
1024 0.0753493864589806
1023 0.077736073297853
1022 0.0801803193999108
1021 0.0826829846456306
1020 0.0852449234368875
1019 0.0872790649213535
1018 0.0893499726123967
1017 0.0914580398552337
1016 0.0936036569548245
1015 0.0957872109388479
1014 0.0976893141099876
1013 0.099619810422154
1012 0.101578937051218
1011 0.103566928912199
1010 0.105584018542148
1009 0.106262887757335
1008 0.106945024095994
1007 0.107630435981758
1006 0.108319131804974
1005 0.109011119922202
1004 0.10791723660786
1003 0.106831997826456
1002 0.105755370787567
1001 0.10468732225487
1000 0.103627818555806
999 0.101915032579294
998 0.100223855868293
997 0.0985541457904822
996 0.0969057577814115
995 0.0952785454177339
994 0.0937186205788454
993 0.0921781315792798
992 0.0906569367340504
991 0.0891548934818765
990 0.087671858429915
989 0.0852938335152324
988 0.0829653523765614
987 0.0806858002103605
986 0.0784545561657299
985 0.0762709938909349
984 0.0731785649319986
983 0.0701850382052409
982 0.0672882781805309
981 0.064486146131866
980 0.061776502983208
979 0.0599952442692917
978 0.0582540147941506
977 0.05655219490373
976 0.0548891657390365
975 0.0532643095543945
974 0.0530638558556167
973 0.0528639877753797
972 0.0526647041121059
971 0.052466003664655
970 0.0522678852323353
969 0.050669759126033
968 0.0491098924098943
967 0.0475876390308837
966 0.046102354578741
965 0.0446533966396815
964 0.040464607778345
963 0.0365880955830484
962 0.0330060572637045
961 0.0297011497467345
960 0.0266565379360632
959 0.0241598431229303
958 0.0218433909253724
957 0.01969674392818
956 0.0177098310771517
955 0.0158729572160956
954 0.0155717495817844
953 0.0152750188726655
952 0.0149827059643462
951 0.0146947523210795
950 0.01441109999451
949 0.0146368567258009
948 0.0148651054627485
947 0.0150958686336996
946 0.0153291688009914
945 0.0155650286608598
944 0.0158034710433353
943 0.0160445189121231
942 0.0162881953644685
941 0.0165345236310088
940 0.0167835270756082
939 0.016350952113946
938 0.0159266177719175
937 0.015510395470171
936 0.0151021578782971
935 0.0147017789226806
934 0.0133236314907105
933 0.0120387261908901
932 0.0108417498372926
931 0.00972760785520631
930 0.00869142233880262
929 0.00751948762925666
928 0.00644910283363931
927 0.00547271537100066
926 0.00458320418770297
925 0.00377386838179075
924 0.00309958620966901
923 0.00248238835395281
922 0.00191803685099996
921 0.00140254916585069
920 0.000932188499264298
919 0.000636186788065761
918 0.000358405768881493
917 9.78518302366654e-05
