La Tia, 4100, with veg

50 20 0 0.0
50 20 10 0.0
50 20 20 0.266
50 50 0 0.0809
50 50 10 0.2078
50 50 20 0.1857
50 80 0 0.1261
50 80 10 0.1817
50 80 20 0.1731
150 20 0 0.0
150 20 10 0.0455
150 20 20 0.1018
150 50 0 0.0
150 50 10 0.0
150 50 20 0.1419
150 80 0 0.0
150 80 10 0.2713
150 80 20 0.1938
250 20 0 0.0
250 20 10 0.0
250 20 20 0.0
250 50 0 0.0
250 50 10 0.0
250 50 20 0.0
250 80 0 0.0
250 80 10 0.0
250 80 20 0.138

La Tia, 4100, no veg

50 20 0 0.0
50 20 10 0.0455
50 20 20 0.3557
50 50 0 0.0686
50 50 10 0.1837
50 50 20 0.0913
50 80 0 0.0988
50 80 10 0.1547
50 80 20 0.0457
150 20 0 0.0
150 20 10 0.1696
150 20 20 0.1287
150 50 0 0.0
150 50 10 0.0
150 50 20 0.2379
150 80 0 0.0
150 80 10 0.3323
150 80 20 0.1575
250 20 0 0.0
250 20 10 0.0
250 20 20 0.0
250 50 0 0.0
250 50 10 0.0
250 50 20 0.0455
250 80 0 0.0
250 80 10 0.0
250 80 20 0.2287

Saladero, 3000, no veg

50 20 0 0.0
50 20 10 0.096
50 20 20 0.0
50 50 0 0.0
50 50 10 0.0
50 50 20 0.0
50 80 0 0.0
50 80 10 0.0
50 80 20 0.0
150 20 0 0.0
150 20 10 0.0
150 20 20 0.0
150 50 0 0.0
150 50 10 0.1911
150 50 20 0.0626
150 80 0 0.0
150 80 10 0.0
150 80 20 0.0
250 20 0 0.0
250 20 10 0.0
250 20 20 0.0
250 50 0 0.0
250 50 10 0.0
250 50 20 0.2165
250 80 0 0.0
250 80 10 0.1638
250 80 20 0.0629

Saladero, 3000, with veg

50 20 0 0.0
50 20 10 0.0
50 20 20 0.0
50 50 0 0.0
50 50 10 0.0
50 50 20 0.0
50 80 0 0.0
50 80 10 0.0
50 80 20 0.0
150 20 0 0.0
150 20 10 0.0
150 20 20 0.0
150 50 0 0.0
150 50 10 0.0
150 50 20 0.0681
150 80 0 0.0
150 80 10 0.0
150 80 20 0.0
250 20 0 0.0
250 20 10 0.0
250 20 20 0.0
250 50 0 0.0
250 50 10 0.0
250 50 20 0.1747
250 80 0 0.0
250 80 10 0.0
250 80 20 0.0627

TUPI Encontro, 4400, no veg

50 20 0 0.1745
50 20 10 0.0
50 20 20 0.0
50 50 0 0.1481
50 50 10 0.0
50 50 20 0.0
50 80 0 0.0976
50 80 10 0.0
50 80 20 0.0
150 20 0 0.0
150 20 10 0.0
150 20 20 0.0
150 50 0 0.1713
150 50 10 0.0435
150 50 20 0.0
150 80 0 0.1684
150 80 10 0.0
150 80 20 0.0
250 20 0 0.0
250 20 10 0.0
250 20 20 0.0
250 50 0 0.0
250 50 10 0.1069
250 50 20 0.0419
250 80 0 0.1366
250 80 10 0.0607
250 80 20 0.0

TUPI Encontro, 4400, veg

50 20 0 0.0
50 20 10 0.0
50 20 20 0.0525
50 50 0 0.0
50 50 10 0.0545
50 50 20 0.0
50 80 0 0.0
50 80 10 0.0499
50 80 20 0.0
150 20 0 0.0
150 20 10 0.0
150 20 20 0.0
150 50 0 0.0
150 50 10 0.0
150 50 20 0.0519
150 80 0 0.0
150 80 10 0.0764
150 80 20 0.0
250 20 0 0.0
250 20 10 0.0
250 20 20 0.0
250 50 0 0.0
250 50 10 0.0
250 50 20 0.2252
250 80 0 0.0
250 80 10 0.0
250 80 20 0.0532


TUPI BVISTA, 2500, no veg

50 20 0 0.0814
50 20 10 0.1873
50 20 20 0.4476
50 50 0 0.0516
50 50 10 0.2726
50 50 20 0.1428
50 80 0 0.0581
50 80 10 0.2205
50 80 20 0.1346
150 20 0 0.0
150 20 10 0.0
150 20 20 0.0
150 50 0 0.0
150 50 10 0.0424
150 50 20 0.2923
150 80 0 0.0801
150 80 10 0.4501
150 80 20 0.2253
250 20 0 0.0
250 20 10 0.0
250 20 20 0.0
250 50 0 0.0
250 50 10 0.0506
250 50 20 0.2126
250 80 0 0.0459
250 80 10 0.0424
250 80 20 0.3805

TUPI BVISTA, 2500, veg

50 20 0 0.0831
50 20 10 0.1775
50 20 20 0.2048
50 50 0 0.081
50 50 10 0.1903
50 50 20 0.2477
50 80 0 0.081
50 80 10 0.1831
50 80 20 0.2345
150 20 0 0.0
150 20 10 0.0
150 20 20 0.0
150 50 0 0.0
150 50 10 0.1203
150 50 20 0.2635
150 80 0 0.0481
150 80 10 0.3124
150 80 20 0.1209
250 20 0 0.0
250 20 10 0.0
250 20 20 0.0
250 50 0 0.0
250 50 10 0.1287
250 50 20 0.1213
250 80 0 0.0
250 80 10 0.1224
250 80 20 0.2692
