1220653.1990441 2050601.77973856
1362 6.6183269556417e-05
1361 0.00025443808353085
1360 0.00059093054185325
1359 0.000726642665027178
1358 0.00101637683386264
1357 0.00133213807656826
1356 0.00167597409109518
1355 0.00192497258437218
1354 0.00245672781822832
1353 0.00289842493733967
1352 0.00380639972950954
1351 0.00435990675543149
1350 0.00527658741681154
1349 0.00630676832945857
1348 0.00681896419974268
1347 0.00804056508371908
1346 0.00866990635637769
1345 0.00961596031485302
1344 0.0106343993854246
1343 0.0120481233640566
1342 0.0126357710636314
1341 0.0132446750602565
1340 0.0132446750602565
1339 0.0123078672034886
1338 0.0120039527914988
1337 0.0114348555311889
1336 0.0103567999909306
1335 0.00935496520412067
1334 0.00842477543709197
1333 0.00756186006703167
1332 0.00676205021742839
1331 0.00602137490692433
1330 0.00516243875992118
1329 0.00454034759458433
1328 0.00396601622527907
1327 0.00343623770646885
1326 0.00318710128961958
1325 0.00294797894021709
1324 0.00271851773269465
1323 0.00271851773269465
1322 0.00271851773269465
1321 0.00294797894021709
1320 0.00332321921636316
1319 0.00400093651108987
1318 0.00487894682310841
1317 0.00607868125365161
1316 0.007210858718467
1315 0.00913416382597975
1314 0.011172188318927
1313 0.0138389736670697
1312 0.0170089420352306
1311 0.0211387161942146
1310 0.0260172606969527
1309 0.0317481247816015
1308 0.0370208715706618
1307 0.0429699867310762
1306 0.0496577431614457
1305 0.0578808521109627
1304 0.0655068489633595
1303 0.0747994304282383
1302 0.0824212961773972
1301 0.0906327419827577
1300 0.0985674753013016
1299 0.108002669159841
1298 0.117220332211374
1297 0.124320344863284
1296 0.135563762764115
1295 0.143464055620278
1294 0.155935710207816
1293 0.164671671696763
1292 0.173750041493337
1291 0.184176196965147
1290 0.198978277732364
1289 0.209284112130873
1288 0.221038248178174
1287 0.23204641523615
1286 0.24340355031477
1285 0.255108221907261
1284 0.267158087742917
1283 0.279549858956829
1282 0.297734391433253
1281 0.310981311190512
1280 0.324554091411648
1279 0.33755146967354
1278 0.359008645700501
1277 0.373686634233037
1276 0.396233940398044
1275 0.419377431501992
1274 0.44306643699969
1273 0.459134472158738
1272 0.484087948328416
1271 0.517172141401908
1270 0.542319552294665
1269 0.567825296755515
1268 0.601625351590858
1267 0.635413887872302
1266 0.668971335658131
1265 0.702068456506358
1264 0.735200793201718
1263 0.774592327810684
1262 0.804730612502652
1261 0.838897489698592
1260 0.871452894912846
1259 0.898860964950954
1258 0.917367199700074
1257 0.931196257844675
1256 0.935486011941531
1255 0.935486011941531
1254 0.931196257844675
1253 0.926744855158291
1252 0.914990764162675
1251 0.905083022716493
1250 0.889124258156477
1249 0.875610531485
1248 0.863848423823961
1247 0.851585524538038
1246 0.838847689608941
1245 0.832308949004689
1244 0.825661488989855
1243 0.818908727285235
1242 0.812054114688648
1241 0.812054114688648
1240 0.812054114688648
1239 0.812054114688648
1238 0.812054114688648
1237 0.818908727285235
1236 0.82740352129412
1235 0.834107776550359
1234 0.834107776550359
1233 0.840702717001423
1232 0.845274329069194
1231 0.851585524538038
1230 0.857777974937522
1229 0.863848423823961
1228 0.86979366223065
1227 0.875610531485
1226 0.88352366224135
1225 0.889124258156477
1224 0.894586322063072
1223 0.899906880017637
1222 0.905083022716493
1221 0.902662655976144
1220 0.902662655976144
1219 0.905083022716493
1218 0.905083022716493
1217 0.899906880017637
1216 0.896787542657386
1215 0.885631066683956
1214 0.87392897567293
1213 0.855408461330916
1212 0.835806556139871
1211 0.80814920733024
1210 0.786389601806929
1209 0.756208417617233
1208 0.724908829948983
1207 0.700842963532347
1206 0.668580886211179
1205 0.643588493327543
1204 0.618430250662494
1203 0.601612263364963
1202 0.584860320111151
1201 0.568149839389335
1200 0.559809316504457
1199 0.551482718517395
1198 0.543173064135091
1197 0.543173064135091
1196 0.534546321237956
1195 0.526237926849598
1194 0.517956061654378
1193 0.518375118089303
1192 0.510162306452412
1191 0.502498049731393
1190 0.486937322905398
1189 0.486937322905398
1188 0.478943894851765
1187 0.470989898453044
1186 0.47029105747637
1185 0.47764929660718
1184 0.492786639497987
1183 0.517172141401908
1182 0.558831443767199
1181 0.61023033112903
1180 0.687937572201134
1179 0.794932497548109
1178 0.911374389572226
1177 1
1176 0.96491618188097
1175 0.817833753769206
1174 0.705152976661538
1173 0.653693019367692
1172 0.662339276381715
1171 0.696658801119265
1170 0.746571458538729
1169 0.793899855277366
1168 0.829665375937355
1167 0.863009720945058
1166 0.892806951904875
1165 0.911555833969183
1164 0.92654912465491
1163 0.933549033962004
1162 0.939611696795385
1161 0.943570977110858
1160 0.943570977110858
1159 0.943570977110858
1158 0.939611696795385
1157 0.937874131043407
1156 0.929061076078297
1155 0.924412795466415
1154 0.914645824492914
1153 0.909532608976422
1152 0.896787542657386
1151 0.889124258156477
1150 0.881295925996672
1149 0.881295925996672
1148 0.873318161217863
1147 0.873318161217863
1146 0.873318161217863
1145 0.873318161217863
1144 0.873318161217863
1143 0.876490515131599
1142 0.881935405753077
1141 0.887244958070022
1140 0.897446761685995
1139 0.902333528035958
1138 0.911665577434347
1137 0.923294711415513
1136 0.935330639757608
1135 0.942536773689335
1134 0.955133607455387
1133 0.966176233380772
1132 0.972677537859982
1131 0.97900423189219
1130 0.981688237060711
1129 0.983609877504948
1128 0.984283337979666
1127 0.98708129904446
1126 0.987566736633178
1125 0.989707813794668
1124 0.992158518351381
1123 0.993734809186455
1122 0.993734809186455
1121 0.994919581076536
1120 0.993823361387581
1119 0.988985713695046
1118 0.987309178515651
1117 0.985438759527178
1116 0.983375567481477
1115 0.978940525372481
1114 0.976512101020433
1113 0.973896153437276
1112 0.971094219610327
1111 0.968107942719171
1110 0.967024439812791
1109 0.963652250289181
1108 0.960100121043937
1107 0.956370126016164
1106 0.954290680215329
1105 0.950186634785469
1104 0.950186634785469
1103 0.945910559391619
1102 0.941464932849112
1101 0.936852324082721
1100 0.936852324082721
1099 0.932075389654156
1098 0.930383218868742
1097 0.925474208464012
1096 0.925474208464012
1095 0.925474208464012
1094 0.925474208464012
1093 0.925474208464012
1092 0.920407272337337
1091 0.920407272337337
1090 0.920407272337337
1089 0.920407272337337
1088 0.922039592881436
1087 0.922039592881436
1086 0.922039592881436
1085 0.922039592881436
1084 0.922039592881436
1083 0.923523770856713
1082 0.923523770856713
1081 0.918242187911209
1080 0.918242187911209
1079 0.912807022239538
1078 0.90722135644542
1077 0.901488344984661
1076 0.895611211201478
1075 0.888289816047825
1074 0.875909932253917
1073 0.863009720945058
1072 0.849617306793293
1071 0.835761562101642
1070 0.821472003614967
1069 0.799290136908188
1068 0.776303090858716
1067 0.752615451840171
1066 0.720123978906826
1065 0.687156489731962
1064 0.661689647017555
1063 0.62741920075196
1062 0.593002877459029
1061 0.558663367711466
1060 0.516164705207252
1059 0.482740809956185
1058 0.450017179312398
1057 0.418149369849591
1056 0.387274271850947
1055 0.357509731255503
1054 0.32895449265314
1053 0.302488205388004
1052 0.276599091354739
1051 0.258089237527557
1050 0.240371306497457
1049 0.223452948442959
1048 0.208269385666906
1047 0.19294846808764
1046 0.18317459643044
1045 0.173750041493337
1044 0.169167804908299
1043 0.163770650601111
1042 0.159365767059844
1041 0.155046344561159
1040 0.155046344561159
1039 0.155046344561159
1038 0.155046344561159
1037 0.155046344561159
1036 0.159365767059844
1035 0.163770650601111
1034 0.168261539491639
1033 0.172838940527233
1032 0.182255110108689
1031 0.18709469186646
1030 0.197967188837367
1029 0.203074097998881
1028 0.213553193299416
1027 0.225402525683124
1026 0.236588194738878
1025 0.248125024411957
1024 0.260011248755544
1023 0.272244166663244
1022 0.284820106240074
1021 0.297734391433253
1020 0.304316670149009
1019 0.317727434355098
1018 0.330553603910157
1017 0.344627424657808
1016 0.351780247642382
1015 0.366311253760898
1014 0.373686634233037
1013 0.388649597664441
1012 0.396233940398044
1011 0.403884574814724
1010 0.411599697450404
1009 0.419377431501992
1008 0.420070296870334
1007 0.427885444912849
1006 0.436449347117706
1005 0.436449347117706
1004 0.436449347117706
1003 0.436449347117706
1002 0.436449347117706
1001 0.436449347117706
1000 0.427885444912849
999 0.420070296870334
998 0.411599697450404
997 0.403884574814724
996 0.395533753592321
995 0.38793124705375
994 0.372934277409316
993 0.365543051443517
992 0.351780247642382
991 0.33755146967354
990 0.324554091411648
989 0.317727434355098
988 0.304316670149009
987 0.290265774719038
986 0.277505223100935
985 0.271253576949341
984 0.259010249507062
983 0.248125024411957
982 0.230951390275575
981 0.221038248178174
980 0.205181305126322
979 0.19010901131332
978 0.175815867776414
977 0.165653758644462
976 0.156905387499953
975 0.152657652452881
974 0.152657652452881
973 0.152657652452881
972 0.157954173697548
971 0.162292787977125
970 0.166715617255295
969 0.175815867776414
968 0.180494167365726
967 0.184176196965147
966 0.189022978392585
965 0.188017698377728
964 0.18317459643044
963 0.172838940527233
962 0.15423838739225
961 0.129432404722101
960 0.101280152132316
959 0.0730426078207221
958 0.0463339397402624
957 0.0256542065725686
956 0.0138047005163734
955 0.00887513334396611
954 0.00753423437220511
953 0.00712062165855311
952 0.00753423437220511
951 0.00852439868748112
950 0.00961856967348126
949 0.0113801895912875
948 0.013384506169955
947 0.0163863647690295
946 0.0198928945131095
945 0.0235658622794815
944 0.0266560608158255
943 0.0317481247816015
942 0.0356416601433231
941 0.0390266235950747
940 0.0405043686671367
939 0.042026415049457
938 0.042026415049457
937 0.0399070402848825
936 0.0370208715706618
935 0.033006224107989
934 0.0288886905770131
933 0.0249767920592555
932 0.0202560342261334
931 0.0166081191361986
930 0.0125939154882448
929 0.00935496520412067
928 0.00676205021742839
927 0.00454034759458433
926 0.00294797894021709
925 0.00170447516028736
924 0.000740907011538723
923 0
