1267236.25064763 3046729.01661994
2715 0.000151068526658688
2714 0.000291518431506172
2713 0.000291518431506172
2712 0.000446362364920933
2711 0.000446362364920933
2710 0.000616920384314862
2709 0.000804616308186636
2708 0.00101098405366719
2707 0.00148646061152653
2706 0.00238513383592353
2705 0.00313344410231736
2704 0.00402483831149541
2703 0.0050827637172605
2702 0.00704068900638187
2701 0.00863793734909512
2700 0.00936523041667134
2699 0.0152320257804255
2698 0.0198102344232427
2697 0.0216724706189442
2696 0.0279417709801866
2695 0.0356425332190657
2694 0.0416898712478276
2693 0.0485561272039687
2692 0.052320917674221
2691 0.0563202291717729
2690 0.060564270661156
2689 0.067589326407116
2688 0.0773960919826024
2687 0.0827063639989944
2686 0.0883003107313278
2685 0.0858168812912654
2684 0.0979920073055649
2683 0.104564400299418
2682 0.111472934086901
2681 0.118726952345388
2680 0.126335458071361
2679 0.134307058743107
2678 0.134307058743107
2677 0.134307058743107
2676 0.134307058743107
2675 0.134307058743107
2674 0.134307058743107
2673 0.134307058743107
2672 0.142649909782687
2671 0.151371656518885
2670 0.151371656518885
2669 0.160479374875072
2668 0.1798778203049
2667 0.212007683499342
2666 0.247849051391944
2665 0.287409107014225
2664 0.330600644623136
2663 0.345774622637134
2662 0.361321581253488
2661 0.330600644623136
2660 0.301410056220422
2659 0.260624788914901
2658 0.212007683499342
2657 0.1798778203049
2656 0.151371656518885
2655 0.126335458071361
2654 0.118726952345388
2653 0.118726952345388
2652 0.118726952345388
2651 0.126335458071361
2650 0.134307058743107
2649 0.134307058743107
2648 0.134307058743107
2647 0.126335458071361
2646 0.111472934086901
2645 0.104564400299418
2644 0.0917461237043542
2643 0.0801942238059527
2642 0.0650633364446718
2641 0.052320917674221
2640 0.0450157630651761
2639 0.0356425332190657
2638 0.0279417709801866
2637 0.02361722875035
2636 0.0198621160791619
2635 0.0151628550586678
2634 0.0125702312079583
2633 0.0103501396143294
2632 0.00761896556383788
2631 0.00548621536263861
2630 0.00383532004967169
2629 0.00221717583448769
2628 0.00109760019879778
2627 0.000498362401877028
2626 0.000186732365889036
2623 5.28866047071412e-05
2622 0.000334774349259091
2621 0.00067895677160648
2620 0.00133918673690357
2619 0.00256852262418048
2618 0.00383532004967169
2617 0.00548621536263861
2616 0.00845653071254802
2615 0.0151628550586678
2614 0.0257042753815226
2613 0.0485561272039687
2612 0.0917461237043542
2611 0.161747060977746
2610 0.235487280158764
2609 0.311873992462723
2608 0.355499003352386
2607 0.3707237366438
2606 0.3707237366438
2605 0.340608923570361
2604 0.298046538426983
2603 0.246481763826893
2602 0.211832980957543
2601 0.171010046699915
2600 0.136146058890223
2599 0.113693688021019
2598 0.0941871054522984
2597 0.0773960919826024
2596 0.063074045155252
2595 0.0509676385208928
2594 0.0408249840026482
2593 0.0324022349910129
2592 0.0276279695307118
2591 0.0234508644300907
2590 0.0215671330943878
2589 0.0215671330943878
2588 0.0198102344232427
2587 0.0181731914947967
2586 0.0166492790854956
2585 0.0152320257804255
2584 0.0126928842586467
2583 0.0115593250673292
2582 0.00953693875463637
2581 0.00780735067454535
2580 0.00704068900638187
2579 0.00633369216801462
2578 0.00568232354551481
2577 0.0050827637172605
2576 0.0050827637172605
2575 0.00568232354551481
2574 0.00633369216801462
2573 0.00780735067454535
2572 0.00863793734909512
2571 0.0105090796962152
2570 0.0115593250673292
2569 0.016706627146285
2568 0.016706627146285
2567 0.0181935252285439
2566 0.0181935252285439
2565 0.0181935252285439
2564 0.016706627146285
2563 0.0153210490613436
2562 0.0140310545045606
2561 0.0128311334861218
2560 0.0106805992547718
2559 0.00882984817801234
2558 0.00724278001298973
2557 0.00588667055923722
2556 0.00473201920554822
2555 0.00422186001153189
2554 0.00238513383592353
2553 0.00205807660304107
2552 0.00175924756622629
2551 0.00148646061152653
2550 0.00148646061152653
2549 0.00148646061152653
2548 0.00222637036441804
2547 0.00256015610659696
2546 0.00332069793291947
2545 0.00274275724940568
2544 0.00355985838720628
2543 0.0050827637172605
2542 0.00633369216801462
2541 0.00780735067454535
2540 0.00953693875463637
2539 0.0126928842586467
2538 0.0139152148893904
2537 0.0166492790854956
2536 0.0181731914947967
2535 0.0198102344232427
2534 0.0198102344232427
2533 0.0198102344232427
2532 0.0198102344232427
2531 0.0181731914947967
2530 0.0166492790854956
2529 0.0166492790854956
2528 0.0152320257804255
2527 0.0139152148893904
2526 0.0153210490613436
2525 0.0153210490613436
2524 0.0140310545045606
2523 0.0140310545045606
2522 0.0153210490613436
2521 0.016706627146285
2520 0.0152320257804255
2519 0.0166492790854956
2518 0.0181731914947967
2517 0.0215671330943878
2516 0.0234508644300907
2515 0.0276279695307118
2514 0.0299365181161771
2513 0.0371916637858331
2512 0.0400556219846912
2511 0.0430981237399081
2510 0.0430981237399081
2509 0.0430981237399081
2508 0.0400556219846912
2507 0.0400556219846912
2506 0.0371916637858331
2505 0.0344982792649994
2504 0.0299365181161771
2503 0.0344982792649994
2502 0.0344982792649994
2501 0.0344982792649994
2500 0.0371916637858331
2499 0.0400556219846912
2498 0.0463272841189581
2497 0.0572176896093304
2496 0.0748616280567319
2495 0.0965757255866883
2494 0.122887559172366
2493 0.154270696779054
2492 0.201193857644634
2491 0.24514855573553
2490 0.308098832198879
2489 0.364519727764519
2488 0.410001221585171
2487 0.457800160534642
2486 0.507455044588514
2485 0.524325675904848
2484 0.541318700172339
2483 0.541318700172339
2482 0.524325675904848
2481 0.507455044588514
2480 0.474171121239684
2479 0.451401261445797
2478 0.418279470143583
2477 0.386271155679212
2476 0.379398227643283
2475 0.349940022764159
2474 0.349940022764159
2473 0.335670216803297
2472 0.349940022764159
2471 0.349940022764159
2470 0.364519727764519
2469 0.386271155679212
2468 0.40212795276748
2467 0.44163619475011
2466 0.474171121239684
2465 0.507455044588514
2464 0.541318700172339
2463 0.575575486819749
2462 0.592788570005478
2461 0.610022792669807
2460 0.627250601877502
2459 0.644443672432662
2458 0.644443672432662
2457 0.644443672432662
2456 0.627250601877502
2455 0.627250601877502
2454 0.610022792669807
2453 0.610022792669807
2452 0.592788570005478
2451 0.575575486819749
2450 0.575575486819749
2449 0.558410258061638
2448 0.541318700172339
2447 0.541318700172339
2446 0.524325675904848
2445 0.524325675904848
2444 0.524325675904848
2443 0.524325675904848
2442 0.520386767927669
2441 0.520386767927669
2440 0.520386767927669
2439 0.524325675904848
2438 0.524325675904848
2437 0.541318700172339
2436 0.541318700172339
2435 0.558410258061638
2434 0.575575486819749
2433 0.575575486819749
2432 0.591822341553981
2431 0.609869346451076
2430 0.627934142869677
2429 0.645986303950129
2428 0.644443672432662
2427 0.661572977637065
2426 0.67860886487653
2425 0.695521135797255
2424 0.695521135797255
2423 0.695521135797255
2422 0.712279130801458
2421 0.712279130801458
2420 0.712279130801458
2419 0.717431950444407
2418 0.717431950444407
2417 0.717431950444407
2416 0.717431950444407
2415 0.717431950444407
2414 0.7349376584903
2413 0.7349376584903
2412 0.728851817559922
2411 0.745207883208501
2410 0.761315829866455
2409 0.761315829866455
2408 0.777144073087029
2407 0.792661042825046
2406 0.81862407238342
2405 0.834350649665952
2404 0.849660087665216
2403 0.864518655984821
2402 0.864485948195108
2401 0.864485948195108
2400 0.877486259581263
2399 0.877486259581263
2398 0.877486259581263
2397 0.877486259581263
2396 0.864485948195108
2395 0.864485948195108
2394 0.850991102153702
2393 0.837031001532259
2392 0.822635573574876
2391 0.807835286482862
2390 0.802514512051643
2389 0.786056428497464
2388 0.769284463977965
2387 0.752233323686264
2386 0.7349376584903
2385 0.717431950444407
2384 0.695521135797255
2383 0.67860886487653
2382 0.661572977637065
2381 0.661572977637065
2380 0.644443672432662
2379 0.645986303950129
2378 0.644443672432662
2377 0.645986303950129
2376 0.645986303950129
2375 0.645986303950129
2374 0.645986303950129
2373 0.66399454907531
2372 0.66399454907531
2371 0.67860886487653
2370 0.712279130801458
2369 0.728851817559922
2368 0.745207883208501
2367 0.777144073087029
2366 0.807835286482862
2365 0.837031001532259
2364 0.864485948195108
2363 0.901890024363032
2362 0.953216780914601
2361 0.981433397389176
2360 0.980429855651138
2359 0.993567219068092
2358 1
2357 0.993567219068092
2356 0.974515825532141
2355 0.93410342599496
2354 0.90606080203966
2353 0.834350649665952
2352 0.752233323686264
2351 0.66399454907531
2350 0.573822624545525
2349 0.485492228069533
2348 0.40212795276748
2347 0.326064140412962
2346 0.258802362234476
2345 0.201054782960969
2344 0.152852509339251
2343 0.113693688021019
2342 0.0827063639989944
2341 0.063074045155252
2340 0.0440029538965863
2339 0.0324022349910129
2338 0.0215671330943878
2337 0.0152320257804255
2336 0.0115593250673292
2335 0.00780735067454535
2334 0.00568232354551481
2333 0.00402483831149541
2332 0.00313344410231736
2331 0.00205807660304107
2330 0.00175924756622629
2329 0.00123767417803417
2328 0.000804616308186636
2327 0.000616920384314862
2326 0.000446362364920933
2325 0.000291518431506172
2324 0.000151068526658688
2323 2.37902307519782e-05
2223 0
2222 0.000255347513594648
2221 0.000564313125584165
2220 0.0012963373171333
2219 0.000936860487227541
2218 0.000936860487227541
2217 0.000936860487227541
2216 0.000936860487227541
2215 0.000741957487148584
2214 0.000741957487148584
2213 0.000564313125584165
2212 0.000402539833128547
2211 0.000255347513594648
2210 0.000121538051218725
2209 0
2195 0
2193 0.000291518431506172
2192 0.000804616308186636
2191 0.00148646061152653
2190 0.00238513383592353
2189 0.00313344410231736
2188 0.00355985838720628
2187 0.00402483831149541
2186 0.00402483831149541
2185 0.00313344410231736
2184 0.00238513383592353
2183 0.00148646061152653
2182 0.000616920384314862
2181 2.37902307519782e-05
