529493.173631515 781932.902065294
2310 0.000116084709329746
2309 0.000323213141889655
2308 0.000665979361788104
2307 0.000917673893110012
2306 0.00133331113605011
2305 0.00179896964128099
2304 0.00250675917611136
2303 0.00311023462389536
2302 0.00402368517740702
2301 0.00479930200064575
2300 0.00596840611497326
2299 0.00730951207122515
2298 0.00884371822983235
2297 0.0105940132287234
2296 0.0120634704360375
2295 0.0142531285706514
2294 0.016083714439795
2293 0.0187998531438705
2292 0.0217449623620343
2291 0.0242622910555965
2290 0.0270040731724975
2289 0.0299856227462591
2288 0.0332227873594527
2287 0.0355309573737544
2286 0.0367319108765379
2285 0.0392306918562259
2284 0.0405297888126604
2283 0.0405297888126604
2282 0.0418628773303234
2281 0.0405297888126604
2280 0.0405297888126604
2279 0.0392306918562259
2278 0.0379649449086478
2277 0.0355309573737544
2276 0.0343614569585102
2275 0.0321143316908527
2274 0.0299856227462591
2273 0.0271704744489661
2272 0.0244014705767008
2271 0.0226828749275285
2270 0.0202848902512343
2269 0.0187122639735072
2268 0.0173252520462793
2267 0.0153951503672396
2266 0.0142031017670698
2265 0.0125478570674826
2264 0.0110414755314925
2263 0.0101143297167578
2262 0.00924513445574588
2261 0.00804332536414882
2260 0.00730585607077684
2259 0.00695519328760554
2258 0.00628833553079101
2257 0.00597149165087052
2256 0.00566528359328114
2255 0.00566528359328114
2254 0.00536940443672982
2253 0.00536940443672982
2252 0.00508355413781736
2251 0.00508355413781736
2250 0.00480743945243582
2249 0.00479930200064575
2248 0.00480743945243582
2247 0.00480743945243582
2246 0.00453160296010177
2245 0.00480743945243582
2244 0.00454077385502162
2243 0.00454077385502162
2242 0.00428327745581786
2241 0.00428327745581786
2240 0.00403467691629638
2239 0.00379470536288564
2238 0.00356310229914725
2237 0.00312399100390469
2236 0.00291599285580579
2235 0.00252193200310448
2234 0.00215561428608226
2233 0.00165440697752171
2232 0.00118945344012492
2231 0.000917673893110012
2230 0.000547246132307383
2229 0.000323213141889655
2228 0.000116084709329746
2176 0.000103083967729833
2175 0.000204579959774837
2174 0.000310176869564698
2173 9.3454414609625e-05
2172 0.000204579959774837
2154 0.000186721460194615
2153 0.00063877753065812
2152 0.00117498218295302
2151 0.0016479958951648
2150 0.00235179238417886
2149 0.00281699741361625
2148 0.00371836084287418
2147 0.00428681103162158
2146 0.00491856283130323
2145 0.00562087568013386
2144 0.00627443265150804
2143 0.00853849656960507
2142 0.0108211068779149
2141 0.0135231654922995
2140 0.0167067607237971
2139 0.0204400451846308
2138 0.0238721051679488
2137 0.029358085254467
2136 0.0327104758159403
2135 0.0369816760727081
2134 0.0410185832244835
2133 0.0446906538979054
2132 0.0477849591350704
2131 0.0518119819127674
2130 0.055277339825777
2129 0.057931072917678
2128 0.0617004301264842
2127 0.0627582996382192
2126 0.0647478777770958
2125 0.0659088740963398
2124 0.0659088740963398
2123 0.0679837621505346
2122 0.0679837621505346
2121 0.0701096425671153
2120 0.0701096425671153
2119 0.0701096425671153
2118 0.0714187397138921
2117 0.0714187397138921
2116 0.0706021947288894
2115 0.0728062453420713
2114 0.0728062453420713
2113 0.0728062453420713
2112 0.0759059243119413
2111 0.0759059243119413
2110 0.0782305588925768
2109 0.0782305588925768
2108 0.079742874214244
2107 0.0821659905363111
2106 0.0838096823987656
2105 0.0871834829148185
2104 0.0897794728837751
2103 0.092434690178285
2102 0.0979259547492024
2101 0.103663482878854
2100 0.108716000772133
2099 0.114943357744379
2098 0.120521917362226
2097 0.126400951972636
2096 0.133405857820498
2095 0.140693244859907
2094 0.14826792099187
2093 0.156134337562442
2092 0.164296557801903
2091 0.16942852799105
2090 0.17906843704495
2089 0.189095672775158
2088 0.19833674305278
2087 0.203070730264994
2086 0.212766355864599
2085 0.222766090138164
2084 0.233070091986934
2083 0.243677889467111
2082 0.249095384784424
2081 0.260156543251851
2080 0.26579966495326
2079 0.270436384823044
2078 0.275224767127304
2077 0.274282044058722
2076 0.274282044058722
2075 0.267594714209414
2074 0.261858031051255
2073 0.25061599790322
2072 0.23522980597138
2071 0.225735054905348
2070 0.216620977927626
2069 0.206775236738229
2068 0.197235432605582
2067 0.192579916808546
2066 0.188000405960631
2065 0.183496667821337
2064 0.183496667821337
2063 0.188000405960631
2062 0.192579916808546
2061 0.201967151528471
2060 0.216620977927626
2059 0.226773225501138
2058 0.242576009767615
2057 0.252464503187698
2056 0.262740599691274
2055 0.273408063968768
2054 0.285263142417588
2053 0.292160830005912
2052 0.299185876269281
2051 0.299185876269281
2050 0.306331848476445
2049 0.306331848476445
2048 0.306331848476445
2047 0.307365305200476
2046 0.307365305200476
2045 0.314673509920961
2044 0.319888391442015
2043 0.332689043307635
2042 0.345760445392601
2041 0.359094947866116
2040 0.372684055225937
2039 0.385660418198765
2038 0.39976996519162
2037 0.405453348291633
2036 0.412049850460447
2035 0.412049850460447
2034 0.412049850460447
2033 0.404796764588413
2032 0.398274546906417
2031 0.384851260012789
2030 0.364086296764387
2029 0.343897375689957
2028 0.325254519947854
2027 0.312568741876722
2026 0.300166590907469
2025 0.288053594727451
2024 0.282107036851757
2023 0.282107036851757
2022 0.283175002999149
2021 0.289114003973954
2020 0.296239046220898
2019 0.307365305200476
2018 0.319888391442015
2017 0.331701817689981
2016 0.351450726434503
2015 0.371789067044229
2014 0.392686088692011
2013 0.406910636357948
2012 0.428658483939582
2011 0.443412688569727
2010 0.466491666683695
2009 0.481632789887497
2008 0.504616370774388
2007 0.527875651040045
2006 0.551350130596168
2005 0.574836845869253
2004 0.598660289885333
2003 0.630438518562578
2002 0.661765271725846
2001 0.692889893719979
2000 0.723486088019746
1999 0.754192359865249
1998 0.784269679062286
1997 0.813483785640085
1996 0.847028186232667
1995 0.86723429994956
1994 0.891161936651221
1993 0.907874298821073
1992 0.928374728300274
1991 0.938898908222849
1990 0.945415248434274
1989 0.956961788323513
1988 0.963907344592243
1987 0.970234747626134
1986 0.975931227419161
1985 0.980985238913975
1984 0.985386500986003
1983 0.987339492406866
1982 0.986707976166259
1981 0.99074520278978
1980 0.992196176807217
1979 0.994484868995522
1978 0.994484868995522
1977 0.996618178880072
1976 0.99514762531341
1975 0.995462806703839
1974 0.993425677631283
1973 0.987163484717948
1972 0.980134862437762
1971 0.969264690365003
1970 0.960510990785198
1969 0.947283272090408
1968 0.934947904958882
1967 0.923921011530652
1966 0.914520534584909
1965 0.902532323069572
1964 0.892189268731838
1963 0.886836650784026
1962 0.888779491376857
1961 0.883266874429457
1960 0.883266874429457
1959 0.885062452569118
1958 0.885062452569118
1957 0.886751493246194
1956 0.888332199554903
1955 0.882587158037764
1954 0.882587158037764
1953 0.875220745978418
1952 0.867716688898781
1951 0.855608177487346
1950 0.849398888197504
1949 0.836684521818948
1948 0.823595150007181
1947 0.810154378426016
1946 0.79638615130512
1945 0.782314681009742
1944 0.775172852076013
1943 0.768886593446528
1942 0.761569737109722
1941 0.761569737109722
1940 0.760692329196379
1939 0.760692329196379
1938 0.775172852076013
1937 0.790443000804224
1936 0.811343245064379
1935 0.832737376202725
1934 0.85848849037394
1933 0.882587158037764
1932 0.903165115793518
1931 0.926019807073647
1930 0.941085456507258
1929 0.959303456090601
1928 0.971147203655639
1927 0.982383182733141
1926 0.988428645192492
1925 0.994429398633758
1924 0.992564131825485
1923 0.991803260499261
1922 0.989524136607057
1921 0.987166120260903
1920 0.984142621499593
1919 0.984934621889907
1918 0.985386500986003
1917 0.98762782352901
1916 0.98762782352901
1915 0.989716780878899
1914 0.989594377932567
1913 0.989594377932567
1912 0.989126031290492
1911 0.989126031290492
1910 0.989126031290492
1909 0.99074520278978
1908 0.988315184537981
1907 0.988315184537981
1906 0.987166120260903
1905 0.987166120260903
1904 0.988428645192492
1903 0.988428645192492
1902 0.989524136607057
1901 0.99306743091542
1900 0.993833308573204
1899 0.996304500028669
1898 0.996905046983247
1897 0.996304500028669
1896 0.99862187657256
1895 1
1894 0.997917526704428
1893 0.99514762531341
1892 0.987339492406866
1891 0.978627133794201
1890 0.968420190231364
1889 0.959303456090601
1888 0.948815864564053
1887 0.937004268347615
1886 0.917105039776306
1885 0.907517855165385
1884 0.892189268731838
1883 0.883266874429457
1882 0.877638747062165
1881 0.866046569291418
1880 0.858364809183756
1879 0.84622823252312
1878 0.841594922791923
1877 0.836684521818948
1876 0.830185244999252
1875 0.823595150007181
1874 0.810154378426016
1873 0.803309688995372
1872 0.789386799729082
1871 0.774140555111062
1870 0.760692329196379
1869 0.745969808065287
1868 0.731029891168524
1867 0.707659329211005
1866 0.692376360786393
1865 0.677381648194669
1864 0.669585493857619
1863 0.653923919766601
1862 0.6460643522703
1861 0.638189458149497
1860 0.630302099279647
1859 0.630438518562578
1858 0.638527006115224
1857 0.646662326130185
1856 0.654835697659583
1855 0.670806319980544
1854 0.68668542841636
1853 0.710278773864792
1852 0.732976443501524
1851 0.755684776908532
1850 0.784269679062286
1849 0.804454533539448
1848 0.824871301119215
1847 0.838046729969073
1846 0.850845668717169
1845 0.85848849037394
1844 0.85848849037394
1843 0.857096607334752
1842 0.849398888197504
1841 0.84309004088956
1840 0.823595150007181
1839 0.810154378426016
1838 0.782314681009742
1837 0.761569737109722
1836 0.731728165173052
1835 0.701116742116774
1834 0.677771386695243
1833 0.646283690652854
1832 0.614556561907479
1831 0.582872646771554
1830 0.559428967729796
1829 0.528241284270576
1828 0.505085931346811
1827 0.48219954190054
1826 0.467119330942096
1825 0.444804295624282
1824 0.430152509252156
1823 0.415696659834009
1822 0.40144952516352
1821 0.386518417563066
1820 0.372684055225937
1819 0.358166109277009
1818 0.343897375689957
1817 0.330772715532545
1816 0.323433975997069
1815 0.30987270287324
1814 0.297419533517924
1813 0.292160830005912
1812 0.281103583349781
1811 0.276234477495986
1810 0.26579966495326
1809 0.260156543251851
1808 0.255749054404438
1807 0.250260031228687
1806 0.244845806455481
1805 0.240741626912009
1804 0.240741626912009
1803 0.244845806455481
1802 0.244845806455481
1801 0.250260031228687
1800 0.255749054404438
1799 0.262531443744781
1798 0.26695040992372
1797 0.272662088329916
1796 0.277309302119868
1795 0.283175002999149
1794 0.289114003973954
1793 0.289114003973954
1792 0.29512577917763
1791 0.296239046220898
1790 0.29512577917763
1789 0.289114003973954
1788 0.283175002999149
1787 0.282107036851757
1786 0.276234477495986
1785 0.264713179311199
1784 0.259065234461152
1783 0.253492877528256
1782 0.242576009767615
1781 0.23723192914019
1780 0.231964298450555
1779 0.231964298450555
1778 0.225735054905348
1777 0.224767168529804
1776 0.229064003646377
1775 0.234335060832733
1774 0.239684164697357
1773 0.25150499310895
1772 0.262740599691274
1771 0.281103583349781
1770 0.299185876269281
1769 0.318876554884582
1768 0.345760445392601
1767 0.365858240194776
1766 0.386518417563066
1765 0.407707242713184
1764 0.429386610790821
1763 0.451514049326311
1762 0.466491666683695
1761 0.474042755263131
1760 0.481632789887497
1759 0.481632789887497
1758 0.473472558320827
1757 0.465326151725985
1756 0.457762810856076
1755 0.434720713291801
1754 0.420646260800301
1753 0.39899816885048
1752 0.371789067044229
1751 0.344800871853616
1750 0.318876554884582
1749 0.28705705357985
1748 0.263692884088965
1747 0.241541978254965
1746 0.220620339074946
1745 0.200932885581316
1744 0.186974418138455
1743 0.178050226669851
1742 0.16942852799105
1741 0.161106468151388
1740 0.160178234301724
1739 0.155282066570505
1738 0.154500878222535
1737 0.15054208550493
1736 0.15054208550493
1735 0.15054208550493
1734 0.15054208550493
1733 0.151317893040786
1732 0.147427471581693
1731 0.143610269924768
1730 0.136193276932057
1729 0.13259230404157
1728 0.125602290941339
1727 0.11889047041742
1726 0.112451327622336
1725 0.106279085067479
1724 0.101099233524001
1723 0.0954242865444252
1722 0.0907509322642572
1721 0.0881181157059307
1720 0.0863355074307973
1719 0.0838096823987656
1718 0.0830299777212215
1717 0.0830299777212215
1716 0.0848114800971684
1715 0.0873745715096003
1714 0.0866895314170088
1713 0.0893026605543832
1712 0.0893026605543832
1711 0.0893026605543832
1710 0.0899971906163717
1709 0.0873745715096003
1708 0.0848114800971684
1707 0.0774710639179412
1706 0.0706362595142488
1705 0.0622699382935943
1704 0.0529349629354734
1703 0.0442686749916585
1702 0.0358682203767658
1701 0.0287919561700962
1700 0.022873850623591
1699 0.0179595437467065
1698 0.0141425492221639
1697 0.0107885860063482
1696 0.00866290048335083
1695 0.00706299185444174
1694 0.00567716735765184
1693 0.00476316986411133
1692 0.00382478184229344
1691 0.0033368648410415
1690 0.00310657662498868
1689 0.00310657662498868
1688 0.00288500285215574
1687 0.00299092080709273
1686 0.00321612145487332
1685 0.00333582672591516
1684 0.00357388943335498
1683 0.00382117427145552
1682 0.00382117427145552
1681 0.00407799007053082
1680 0.0042080946114791
1679 0.00408302965633221
1678 0.00423355247190846
1677 0.00423355247190846
1676 0.00439816190783749
1675 0.00439816190783749
1674 0.00450814459301281
1673 0.00450814459301281
1672 0.00462971411550237
1671 0.00462971411550237
1670 0.00476316986411133
1669 0.00448043667835482
1668 0.0043512302393967
1667 0.0043512302393967
1666 0.0043512302393967
1665 0.0042080946114791
1664 0.0042080946114791
1663 0.0046214910206022
1662 0.0046214910206022
1661 0.00490883536209439
1660 0.00520702929577418
1659 0.00583737920460875
1658 0.00651545620584522
1657 0.00724432058682787
1656 0.00783452974993133
1655 0.00866290048335083
1654 0.0100197295264309
1653 0.0112423233778165
1652 0.0128744871692961
1651 0.0143514556400652
1650 0.0156314424133178
1649 0.0180752868560943
1648 0.0195977582375492
1647 0.0200056551933639
1646 0.0216578343397775
1645 0.0225231469451562
1644 0.0234154788755668
1643 0.0234154788755668
1642 0.0243354951566593
1641 0.0243354951566593
1640 0.0243354951566593
1639 0.0243354951566593
1638 0.023015072722386
1637 0.023015072722386
1636 0.0217704436037701
1635 0.0205982335190969
1634 0.0197855069662051
1633 0.0193072919139178
1632 0.0188639546424661
1631 0.0184538153648222
1630 0.0177139639944688
1629 0.0173494375830979
1628 0.0170141618131152
1627 0.0163238247366898
1626 0.0163238247366898
1625 0.0156552847427604
1624 0.0156552847427604
1623 0.0156552847427604
1622 0.0156552847427604
1621 0.0150079767454222
1620 0.0146681758442089
1619 0.0140505424579013
1618 0.0131529029958973
1617 0.0120314633212061
1616 0.0102429958417137
1615 0.00886739737582602
1614 0.00762879484534603
1613 0.00583737920460875
1612 0.0046214910206022
1611 0.00346601146443474
1610 0.00258371857066171
1609 0.00165695372848626
1608 0.00103690481073149
1607 0.000437542687519537
1606 0.000209643245906813
1605 0
1604 0
1603 0
1602 0.000102624015949775
1601 0.000321225176027797
1600 0.000685103731412301
1599 0.00109660884133046
1598 0.00131524884046101
1597 0.00180905510705724
1596 0.00208018273515833
1595 0.00226971414932125
1594 0.00226971414932125
1593 0.00226971414932125
1592 0.00198721368046916
1591 0.00163783303916031
1590 0.00109660884133046
1589 0.000558774185901592
1588 0.000102624015949775
