140620.134386185 -165781.21903409
1308 0
1307 0.000365230972143182
1306 0.00076615680216287
1305 0.00124130221924528
1304 0.0016874591020292
1303 0.00221455285445331
1302 0.00264191570677921
1301 0.00309856681035131
1300 0.00354073960718413
1299 0.00405860366201858
1298 0.00456442601975253
1297 0.00495117440032445
1296 0.00556298808278959
1295 0.00599290232973869
1294 0.00667244794726815
1293 0.00714956994408516
1292 0.0076467692230184
1291 0.00822668390924326
1290 0.0090474783108688
1289 0.00962288701701427
1288 0.0102976869034533
1287 0.0109233755142431
1286 0.0115742032073754
1285 0.0122510026560489
1284 0.0129546256740692
1283 0.0136859432663195
1282 0.0147432854015322
1281 0.0155448439004071
1280 0.0163772368855391
1279 0.0171472947854867
1278 0.0185010087448944
1277 0.0194460440351909
1276 0.0209299975842059
1275 0.022496783105621
1274 0.0241500313189944
1273 0.0253020660890844
1272 0.0272312101445875
1271 0.0297964513791173
1270 0.031838840115182
1269 0.0341403362821728
1268 0.0371847997289493
1267 0.0404352755756846
1266 0.0439019404292335
1265 0.0475951496940113
1264 0.0513319425814051
1263 0.0565838341498327
1262 0.0610780293672307
1261 0.0673023444624448
1260 0.073760159463351
1259 0.0809481393107482
1258 0.087138865545235
1257 0.0917807793471766
1256 0.0933690986409867
1255 0.0933690986409867
1254 0.0917807793471766
1253 0.0902130729170141
1252 0.087450872665555
1251 0.0844522258903079
1250 0.0801023667637217
1249 0.0776125486310436
1248 0.0748800213902616
1247 0.0722221017414449
1246 0.0696374713924984
1245 0.0683722262358451
1244 0.0671248066938201
1243 0.0658950467017942
1242 0.0646827800321634
1241 0.0646827800321634
1240 0.0646827800321634
1239 0.0646827800321634
1238 0.0646827800321634
1237 0.0658950467017942
1236 0.0668334022371036
1235 0.0680780759539379
1234 0.0680780759539379
1233 0.0693405785716245
1232 0.0709207080235661
1231 0.0722221017414449
1230 0.0735418178679187
1229 0.0748800213902616
1228 0.0762368769166726
1227 0.0776125486310436
1226 0.0786912620768365
1225 0.0801023667637217
1224 0.0815327871885108
1223 0.0829826861732728
1222 0.0844522258903079
1221 0.0847788609196095
1220 0.0847788609196095
1219 0.0844522258903079
1218 0.0844522258903079
1217 0.0829826861732728
1216 0.0812307910273512
1215 0.0783943344457793
1214 0.0756345205631036
1213 0.0716356162345399
1212 0.0678017049258578
1211 0.0629386854671895
1210 0.0594722034258872
1209 0.0550826648791975
1208 0.0509489579892144
1207 0.0480101609150775
1206 0.0440931307329115
1205 0.0414659020626026
1204 0.0389618049951003
1203 0.0373586803246134
1202 0.0359894856561358
1201 0.0344837100956538
1200 0.0337493125669672
1199 0.0330270372985591
1198 0.0323167319476482
1197 0.0323167319476482
1196 0.0314491590050176
1195 0.0307645111896212
1194 0.030091367945981
1193 0.0302561254605959
1192 0.0295921944570243
1191 0.0291112680482277
1190 0.0280127721619861
1189 0.0280127721619861
1188 0.0273882597269924
1187 0.0267744209214861
1186 0.0266007952418754
1185 0.0270472273317572
1184 0.0279922246911811
1183 0.0297964513791173
1182 0.032993408356616
1181 0.0372945745795227
1180 0.0447575157719261
1179 0.0578069597678756
1178 0.0792788410957187
1177 0.119390014215221
1176 0.180574672425937
1175 0.254041884793222
1174 0.302368778748672
1173 0.324600364554986
1172 0.320833779566089
1171 0.306012223355572
1170 0.284670805526149
1169 0.264283326798066
1168 0.248292525543018
1167 0.232792588787649
1166 0.217979627868504
1165 0.207012521458604
1164 0.198588799068778
1163 0.193454937004488
1162 0.18844795903365
1161 0.1857950158075
1160 0.1857950158075
1159 0.1857950158075
1158 0.18844795903365
1157 0.190750867626105
1156 0.196185000459342
1155 0.198941096954691
1154 0.204531524556826
1153 0.207365913032951
1152 0.213492289847767
1151 0.216809675020635
1150 0.220178178687899
1149 0.220178178687899
1148 0.223597316426642
1147 0.223597316426642
1146 0.223597316426642
1145 0.223597316426642
1144 0.223597316426642
1143 0.221110590948197
1142 0.218171339470017
1141 0.215257906743137
1140 0.209508476381746
1139 0.206672457222518
1138 0.201077724937674
1137 0.19511040796989
1136 0.187067403102799
1135 0.181833524495482
1134 0.17373017801684
1133 0.165886522167618
1132 0.158689099030219
1131 0.153631288187799
1130 0.149060145844406
1129 0.144587529543347
1128 0.142387910221534
1127 0.142035050853888
1126 0.139861360164193
1125 0.141706032534982
1124 0.141400961614934
1123 0.143313844551956
1122 0.143313844551956
1121 0.145273105256234
1120 0.147515130829913
1119 0.152336184778522
1118 0.154653970200899
1117 0.156996835152793
1116 0.159364874138221
1115 0.162049537945988
1114 0.164469170315818
1113 0.16691420390139
1112 0.169384719749152
1111 0.171880795566145
1110 0.174106659549089
1109 0.176653296444602
1108 0.179225747206437
1107 0.181824076282969
1106 0.184175171909612
1105 0.186824873611423
1104 0.186824873611423
1103 0.18950066534795
1102 0.192202597166212
1101 0.194930715170723
1100 0.194930715170723
1099 0.197685061457331
1098 0.197960633097892
1097 0.200741597903252
1096 0.200741597903252
1095 0.200741597903252
1094 0.200741597903252
1093 0.200741597903252
1092 0.203548818754759
1091 0.203548818754759
1090 0.203548818754759
1089 0.203548818754759
1088 0.203272586821854
1087 0.203272586821854
1086 0.203272586821854
1085 0.203272586821854
1084 0.203272586821854
1083 0.203022257012174
1082 0.203022257012174
1081 0.205855255327431
1080 0.205855255327431
1079 0.208714650108574
1078 0.211600463036866
1077 0.214512711390395
1076 0.217451407980062
1075 0.220667726652464
1074 0.226677343782029
1073 0.232792588787649
1072 0.239013353850714
1071 0.245339452844185
1070 0.251770619447477
1069 0.261613586226299
1068 0.271690620542403
1067 0.281999753899854
1066 0.2961020620968
1065 0.31037208785129
1064 0.321512405249522
1063 0.336703413555468
1062 0.352269476223068
1061 0.368197769636104
1060 0.388595352631119
1059 0.405283324989433
1058 0.422280538338481
1057 0.439567173708705
1056 0.457121763372185
1055 0.474921206387735
1054 0.49294079261027
1053 0.511252630387076
1052 0.529614714774682
1051 0.543477106191857
1050 0.55740308502418
1049 0.571379341631912
1048 0.585418098287863
1047 0.599436433128682
1046 0.608787074146486
1045 0.618136686933073
1044 0.622809721777377
1043 0.627506799690369
1042 0.632181393588358
1041 0.636852963359795
1040 0.636852963359795
1039 0.636852963359795
1038 0.636852963359795
1037 0.636852963359795
1036 0.632181393588358
1035 0.627506799690369
1034 0.622829751822407
1033 0.618150816362305
1032 0.608789528656693
1031 0.604108289339971
1030 0.594762097377
1029 0.590089140380458
1028 0.580749502707583
1027 0.57146758860296
1026 0.562167610103824
1025 0.552887528890082
1024 0.543631338039716
1023 0.534402947971517
1022 0.525206184180811
1021 0.516044785111909
1020 0.51147849131638
1019 0.502376953625437
1018 0.493182075770962
1017 0.484163028894767
1016 0.479672552882738
1015 0.470731730508068
1014 0.46628217979248
1013 0.457426742307028
1012 0.453021614152799
1011 0.448632041738833
1010 0.444258388737988
1009 0.439901012522606
1008 0.440091819723575
1007 0.435755034248584
1006 0.431650129791733
1005 0.431650129791733
1004 0.431650129791733
1003 0.431650129791733
1002 0.431650129791733
1001 0.431650129791733
1000 0.435755034248584
999 0.440091819723575
998 0.444258388737988
997 0.448632041738833
996 0.452857927010248
995 0.457266941123251
994 0.466130347422158
993 0.470583980364781
992 0.479672552882738
991 0.488666340861259
990 0.497842587858576
989 0.502376953625437
988 0.51147849131638
987 0.520513487830733
986 0.529703660169278
985 0.534311641158117
984 0.543551038830954
983 0.552887528890082
982 0.566815364924262
981 0.576166410525821
980 0.590133804099911
979 0.604117429357837
978 0.618102752610147
977 0.62745190810007
976 0.636772955685089
975 0.641428251332861
974 0.641428251332861
973 0.641428251332861
972 0.636726735772979
971 0.632074898987788
970 0.627419912490367
969 0.618102752610147
968 0.613441700964194
967 0.608783858988009
966 0.604114701580595
965 0.604111607036994
964 0.608787074146486
963 0.618150816362305
962 0.63688698002841
961 0.664914039080111
960 0.701914264126962
959 0.747106815388138
958 0.802948654045471
957 0.861964904104586
956 0.90976457119012
955 0.935853563483346
954 0.943789564007234
953 0.94633761161065
952 0.943789564007234
951 0.938234922365929
950 0.932453257205309
949 0.923581437371257
948 0.914280709278674
947 0.9014021337803
946 0.887857802994218
945 0.874159639430396
944 0.863490165383763
943 0.848347043757696
942 0.836971977341021
941 0.828817826656733
940 0.824908508513158
939 0.820969335211119
938 0.820969335211119
937 0.82531177395731
936 0.833116130934011
935 0.844588025524418
934 0.856197151511074
933 0.870178300815047
932 0.887361644863736
931 0.902983208117763
930 0.920972634752214
929 0.937336131877603
928 0.951975464031258
927 0.965512253918756
926 0.976472222983531
925 0.985468422582085
924 0.992444741263094
923 0.997357428639916
922 0.999852240185982
921 1
920 1
919 0.999061393238182
918 0.997742962813649
917 0.997357428639916
916 0.99668342913407
915 0.995951335836723
914 0.995161277022191
913 0.995161277022191
912 0.995169707938661
911 0.995169707938661
910 0.995169707938661
909 0.995169707938661
908 0.995169707938661
907 0.994381513360105
906 0.993407826328341
905 0.991424304219329
904 0.988020713151663
903 0.982691598927659
902 0.975736269374762
901 0.968660343622113
900 0.957874262524265
899 0.946574655792024
898 0.934038398146264
897 0.923815557874267
896 0.918084528098803
895 0.91217468455037
894 0.909153923506094
893 0.909153923506094
892 0.911541240104884
891 0.917436961630463
890 0.925944767157581
889 0.934038398146264
888 0.939198032384657
887 0.946574655792024
886 0.949659203851718
885 0.951975464031258
884 0.949659203851718
883 0.947292950502168
882 0.941705705476377
881 0.934038398146264
880 0.925944767157581
879 0.917436961630463
878 0.908527672536486
877 0.899230101192854
876 0.893411782590303
875 0.893411782590303
874 0.893411782590303
873 0.89664361706057
872 0.906089930363816
871 0.914511166160098
870 0.925944767157581
869 0.936642120309861
868 0.948935112238199
867 0.960732836401759
866 0.968660343622113
865 0.975736269374762
864 0.981941127964382
863 0.986012718330592
862 0.988446339572818
861 0.988754906045429
860 0.989827270502448
859 0.990842736097905
858 0.990842736097905
857 0.990653345020476
856 0.990653345020476
855 0.990653345020476
854 0.990653345020476
853 0.989578269060247
852 0.989578269060247
851 0.989578269060247
850 0.988754906045429
849 0.988754906045429
848 0.988754906045429
847 0.989578269060247
846 0.989578269060247
845 0.989212097136875
844 0.988020713151663
843 0.986772749182605
842 0.983354174613367
841 0.981941127964382
840 0.979672078940857
839 0.978152050437969
838 0.976577147374154
837 0.974947641575787
836 0.975736269374762
835 0.975736269374762
834 0.975736269374762
833 0.976577147374154
832 0.978152050437969
831 0.978818552081882
830 0.981685251508171
829 0.983035489125781
828 0.98556857238541
827 0.987625829329421
826 0.988754906045429
825 0.989827270502448
824 0.989827270502448
823 0.989827270502448
822 0.989827270502448
821 0.988754906045429
820 0.987625829329421
819 0.986440236679227
818 0.985198334084991
817 0.984711449936372
816 0.981941127964382
815 0.980472555041243
814 0.97969217219292
813 0.977369857397336
812 0.975736269374762
811 0.973263813982465
810 0.973263813982465
809 0.971525954566297
808 0.969734362248682
807 0.968660343622113
806 0.964801731590387
805 0.962793398580931
804 0.95645644160274
803 0.951975464031258
802 0.944877104577152
801 0.936642120309861
800 0.92868927494935
799 0.917436961630463
798 0.905470958562387
797 0.893411782590303
796 0.876653385095637
795 0.862560231158734
794 0.844144600466929
793 0.828817826656733
792 0.81300383220254
791 0.79674118111112
790 0.77973350876441
789 0.767011083085006
788 0.754097157873181
787 0.750025534884712
786 0.745653447659581
785 0.745653447659581
784 0.745653447659581
783 0.754378817675438
782 0.763026492261464
781 0.771273992039741
780 0.77973350876441
779 0.792247793049582
778 0.800846776356073
777 0.808978712484236
776 0.813382597697111
775 0.817387869491009
774 0.813382597697111
773 0.805288455290368
772 0.79674118111112
771 0.784273244825931
770 0.767319644998895
769 0.750025534884712
768 0.732430548103316
767 0.710073956763502
766 0.691946297779745
765 0.678356359638272
764 0.664441859889522
763 0.650583761070464
762 0.641253322286246
761 0.636621223538472
760 0.636621223538472
759 0.636621223538472
758 0.636621223538472
757 0.641253322286246
756 0.645881033369381
755 0.650583761070464
754 0.659828958719841
753 0.664336475560718
752 0.66893357711875
751 0.673522801509687
750 0.678103557181704
749 0.682675250050983
748 0.682675250050983
747 0.687237283623803
746 0.687385795158683
745 0.68281506595387
744 0.68281506595387
743 0.678234710763119
742 0.66893357711875
741 0.659732085734889
740 0.650417564026896
739 0.641184917491697
738 0.627346141775999
737 0.613414760894662
736 0.599474191861943
735 0.585539125811085
734 0.566992342499183
733 0.553125273891463
732 0.534718797953019
731 0.516582241889007
730 0.498478067637146
729 0.480552733903247
728 0.462608821212495
727 0.445096307889228
726 0.427587172437582
725 0.410588330853523
724 0.393888031988416
723 0.38156995901348
722 0.365748559595837
721 0.35388374377499
720 0.342218634326212
719 0.334914286035485
718 0.323235389174393
717 0.31580684811433
716 0.308121095152713
715 0.304489292080335
714 0.300882036360348
713 0.297299459881995
712 0.297658532757568
711 0.297658532757568
710 0.297658532757568
709 0.301239277625234
708 0.304844616978074
707 0.312128543494692
706 0.315457786297564
705 0.322890936170508
704 0.330419275159436
703 0.338041436628656
702 0.34575595597379
701 0.357497458810473
700 0.365748559595837
699 0.37376642184742
698 0.377807039453528
697 0.385655702975452
696 0.389761816594406
695 0.398034074910201
694 0.398034074910201
693 0.402199664744813
692 0.402199664744813
691 0.398316844307313
690 0.398316844307313
689 0.394174870340559
688 0.390052631762196
687 0.381868451546446
686 0.373460619788029
685 0.361455715023001
684 0.349647365161255
683 0.338375615176206
682 0.326985307294506
681 0.31580684811433
680 0.301619799371018
679 0.290957481484076
678 0.277089663868505
677 0.263626131881494
676 0.250171060642271
675 0.234431908635938
674 0.22230968797467
673 0.210605396672562
672 0.196562057755082
671 0.1857950158075
670 0.175836460065062
669 0.165495246624728
668 0.153631288187799
667 0.144587529543347
666 0.135934502386483
665 0.127324218123001
664 0.119771373521897
663 0.114092733233015
662 0.106836326317687
661 0.101959031011401
660 0.0953024074014129
659 0.0905300100108464
658 0.0841452011828301
657 0.0798029002478041
656 0.0756345205631036
655 0.0700760996406337
654 0.0663034724092576
653 0.0615198461121576
652 0.0583502498344958
651 0.0550826648791975
650 0.0519589839723143
649 0.049954255755276
648 0.0470604385409567
647 0.0461253804411367
646 0.0440931307329115
645 0.0440931307329115
644 0.0432034379335906
643 0.0432034379335906
642 0.0434065573712505
641 0.0442986027632284
640 0.0442986027632284
639 0.0442986027632284
638 0.0440931307329115
637 0.0432034379335906
636 0.0421409410612407
635 0.0404352755756846
634 0.0379777107898355
633 0.0348826876155886
632 0.0321454612432796
631 0.0287790005447691
630 0.0252507441915686
629 0.0224590903504012
628 0.0192955472059633
627 0.016584278865674
626 0.0145454926654551
625 0.0130481988057514
624 0.0116619614022482
623 0.0106910064590474
622 0.0101619471990843
621 0.00956694874345095
620 0.0092782248842322
619 0.0092782248842322
618 0.00956694874345095
617 0.00956694874345095
616 0.00977584251355704
615 0.0100748667371881
614 0.0106910064590474
613 0.0110083230621966
612 0.0114249225660897
611 0.0114249225660897
610 0.0117564622254038
609 0.0120945279045542
608 0.0124392255265454
607 0.0126915023745327
606 0.013411834769532
605 0.0141603692212484
604 0.0148367996082969
603 0.0157456627399282
602 0.016584278865674
601 0.0179023500279173
600 0.0199057214340869
599 0.0214100869693787
598 0.0229978187652713
597 0.0252507441915686
596 0.0275108773094236
595 0.0294295803748909
594 0.0321454612432796
593 0.0343058069379917
592 0.0375455998585988
591 0.039976891536251
590 0.0425285246811587
589 0.0452048229094575
588 0.0470604385409567
587 0.049954255755276
586 0.0527575229030829
585 0.0548508476963523
584 0.0581111465118111
583 0.0603668438137949
582 0.0615198461121576
581 0.0641282788815721
580 0.0653352015151392
579 0.066559621014329
578 0.066559621014329
577 0.066559621014329
576 0.0653352015151392
575 0.063876999279717
574 0.0615198461121576
573 0.0594722034258872
572 0.0561556478937456
571 0.0519589839723143
570 0.0482400571682607
569 0.0442986027632284
568 0.039976891536251
567 0.0359894856561358
566 0.0323167319476482
565 0.0287790005447691
564 0.0258391680720785
563 0.0229978187652713
562 0.0199057214340869
561 0.0177020201628924
560 0.0155672031138121
559 0.0136238754374836
558 0.0118577564960344
557 0.0104684182826558
556 0.00899522222972559
555 0.00766273124716901
554 0.00669030520265014
553 0.00579501584592332
552 0.00477638133008386
551 0.00403581823127159
550 0.00335628370208338
549 0.0026859255601723
548 0.00221455285445331
547 0.0016874591020292
546 0.00128878159963366
545 0.000920717946611697
544 0.000605743429075763
543 0.00033741856070646
542 6.19824156352851e-05
