408471.653251994 3490295.48370511
3692 0.000176328498405125
3691 0.000600471494037044
3690 0.00113893945355624
3689 0.00201406962509045
3688 0.0029155426486932
3687 0.00435851481967084
3686 0.00582279829621603
3685 0.00713731442768862
3684 0.00922822123811219
3683 0.0110880840809845
3682 0.0121970007038733
3681 0.0137210570077733
3680 0.0153947957975807
3679 0.0162914662632457
3678 0.0160065915891741
3677 0.0182120785273682
3676 0.0192391999993408
3675 0.0192391999993408
3674 0.0182120785273682
3673 0.0182120785273682
3672 0.0172300367515317
3671 0.0162914662632457
3670 0.0157011566264315
3669 0.0140187779193781
3668 0.0117698942040653
3667 0.00955366773942774
3666 0.00788500889113116
3665 0.00645023208469725
3664 0.00466583962044019
3663 0.0033968539957912
3662 0.00225043029668304
3661 0.00164056503217496
3660 0.00112962850157621
3659 0.000703088460491552
3658 0.00034826166405773
3657 0.000146047302181889
3648 0.00015382003764683
3647 0.000305739605560403
3646 0.000539156818504917
3645 0.000950741656000873
3644 0.00144826534237714
3643 0.00204737982813595
3642 0.00276607216114673
3641 0.00352681437584356
3640 0.00492061420140446
3639 0.00667168594631327
3638 0.00885621301098947
3637 0.0115623260329498
3636 0.0139943675332591
3635 0.0168236571163728
3634 0.0178638359515755
3633 0.0189088491577892
3632 0.0189088491577892
3631 0.0200640120559543
3630 0.0189048185567842
3629 0.0200710475958378
3628 0.0200710475958378
3627 0.0200710475958378
3626 0.0189463621666629
3625 0.0201256952162464
3624 0.0201256952162464
3623 0.0201256952162464
3622 0.0201256952162464
3621 0.0190363134296877
3620 0.0202309641241009
3619 0.0202309641241009
3618 0.0203901636416167
3617 0.0230037369025639
3616 0.0244100545874506
3615 0.0261998446559645
3614 0.0277770986506456
3613 0.0281965185681079
3612 0.0298848617580451
3611 0.0281965185681079
3610 0.0270543393961717
3609 0.0244769388712096
3608 0.0235519498320817
3607 0.0213295674023348
3606 0.0200180109468786
3605 0.0193198617795056
3604 0.0193198617795056
3603 0.0181045548628453
3602 0.0169525371646641
3601 0.0148275767945326
3600 0.0129241912044126
3599 0.0104422114336316
3598 0.00901011097409709
3597 0.00875454467120725
3596 0.00875454467120725
3595 0.00875454467120725
3594 0.0106400451702612
3593 0.0137566703618595
3592 0.0167838692567014
3591 0.0222063060393516
3590 0.023595140027415
3589 0.0261998446559645
3588 0.0274349968964335
3587 0.0274349968964335
3586 0.0290590983351648
3585 0.0304352067556879
3584 0.032187561801942
3583 0.0340218601160802
3582 0.0340218601160802
3581 0.0359409944594225
3580 0.0379479044271045
3579 0.0417868423443369
3578 0.0417868423443369
3577 0.0463794243472854
3576 0.0488249286595619
3575 0.0567950575879176
3574 0.065780826784513
3573 0.0758666020470545
3572 0.0911701693559454
3571 0.104145335553062
3570 0.123588276380399
3569 0.139868014067018
3568 0.151563809308259
3567 0.170409662635836
3566 0.183859596094125
3565 0.205385648746918
3564 0.240118167736103
3563 0.265391661953482
3562 0.292220535435235
3561 0.320552521318209
3560 0.350312696171004
3559 0.381402457260831
3558 0.413698861584661
3557 0.435828308040757
3556 0.447054375383241
3555 0.435828308040757
3554 0.424707680002363
3553 0.424707680002363
3552 0.413698861584661
3551 0.411341434693357
3550 0.422469019449393
3549 0.433714393975021
3548 0.468091474892117
3547 0.491472501193006
3546 0.515151903429884
3545 0.539062787242273
3544 0.539062787242273
3543 0.52708276389474
3542 0.50200065978965
3541 0.466369509716303
3540 0.454673840018751
3539 0.443081508118499
3538 0.443081508118499
3537 0.454673840018751
3536 0.454673840018751
3535 0.441098154451644
3534 0.429496923531517
3533 0.418018740316679
3532 0.406670112175254
3531 0.406670112175254
3530 0.395457206061948
3529 0.395457206061948
3528 0.393074037678402
3527 0.381912254894686
3526 0.370903246571058
3525 0.34673117990783
3524 0.325739712642337
3523 0.302728089058648
3522 0.273628742094923
3521 0.261598564385615
3520 0.249888854638237
3519 0.249888854638237
3518 0.236275593836337
3517 0.234204637839363
3516 0.225482573299024
3515 0.216979982386399
3514 0.20869655556972
3513 0.200631688807043
3512 0.192784495849
3511 0.185153820728674
3510 0.177738250396531
3509 0.165526212177216
3508 0.158723681669463
3507 0.145732131229944
3506 0.135578343672484
3505 0.124102719952471
3504 0.113375810825984
3503 0.108285118229077
3502 0.108285118229077
3501 0.108285118229077
3500 0.118647248556018
3499 0.129745400942524
3498 0.147826535530791
3497 0.167693694399178
3496 0.187186492799082
3495 0.210760390549237
3494 0.236275593836337
3493 0.252306881218427
3492 0.271282847032751
3491 0.291123217472303
3490 0.32246983294289
3489 0.355649000371304
3488 0.404135983661134
3487 0.453459844693336
3486 0.504959469282711
3485 0.585014103709572
3484 0.66632375257321
3483 0.759089474453719
3482 0.833339404782556
3481 0.899451549066185
3480 0.946187944905467
3479 0.976995816453353
3478 0.994074841239067
3477 1
3476 0.987715047615873
3475 0.973727286638057
3474 0.940958540812156
3473 0.912539559728947
3472 0.878506276080219
3471 0.856432125230039
3470 0.833339404782556
3469 0.821446343758699
3468 0.811221479790846
3467 0.786154677480756
3466 0.773360901559478
3465 0.771898078315533
3464 0.759089474453719
3463 0.759089474453719
3462 0.759089474453719
3461 0.771898078315533
3460 0.784552588547554
3459 0.809341225959226
3458 0.833339404782556
3457 0.86760349254096
3456 0.89622326864462
3455 0.933789939352742
3454 0.963094770010364
3453 0.985184366232148
3452 0.993133280198869
3451 0.994067366371842
3450 0.992323514651039
3449 0.973587147801229
3448 0.950157307370241
3447 0.921292530739081
3446 0.893870107999942
3445 0.856155863827187
3444 0.820162564285858
3443 0.786706427155171
3442 0.745638396178146
3441 0.713199784090118
3440 0.688824568753546
3439 0.655418491756232
3438 0.644131809045938
3437 0.632786373871375
3436 0.631660097903162
3435 0.631660097903162
3434 0.642784090831058
3433 0.653847059392379
3432 0.664839219364914
3431 0.684197602806754
3430 0.705064025064689
3429 0.725447271889094
3428 0.745269849898997
3427 0.769212725014618
3426 0.786855832522962
3425 0.803687067173254
3424 0.813663482096158
3423 0.82827466958307
3422 0.835213562600357
3421 0.841898285510866
3420 0.848321838370625
3419 0.848321838370625
3418 0.854477457753896
3417 0.854477457753896
3416 0.848321838370625
3415 0.848321838370625
3414 0.841898285510866
3413 0.835058769749685
3412 0.828555378074226
3411 0.821803652773733
3410 0.80758301767265
3409 0.800128515148557
3408 0.792454469282487
3407 0.776478493456492
3406 0.768192311254248
3405 0.751063916634102
3404 0.733249254475544
3403 0.727998066603262
3402 0.70881582203141
3401 0.689115038041889
3400 0.66896760079877
3399 0.648445305291854
3398 0.627619439400567
3397 0.606560384081582
3396 0.585337232679125
3395 0.563763098396702
3394 0.542824723308833
3393 0.521901930692058
3392 0.511464904827474
3391 0.491695200747827
3390 0.471417119861164
3389 0.45132832472328
3388 0.441369999781166
3387 0.421654017095367
3386 0.402241327674509
3385 0.392661363855446
3384 0.37377769340425
3383 0.364482760449313
3382 0.346207058754195
3381 0.337233801898439
3380 0.319633676543551
3379 0.311013058985488
3378 0.29772548897042
3377 0.281492699718601
3376 0.269547330715854
3375 0.261926561894288
3374 0.247067609802509
3373 0.232727468880805
3372 0.218914238862585
3371 0.199193777400761
3370 0.186716704286013
3369 0.169005132139115
3368 0.157862489696646
3367 0.142132852922667
3366 0.132291768053227
3365 0.118474755732245
3364 0.105757760073078
3363 0.0944855473216644
3362 0.0868887042527344
3361 0.0801133351714309
3360 0.0707295940868424
3359 0.0649698633627248
3358 0.0595878729857193
3357 0.0545670279207149
3356 0.0498906731836596
3355 0.0455421859902546
3354 0.0434857278088755
3353 0.0395981501113336
3352 0.0357148951071898
3351 0.0340085566793611
3350 0.0323692862832317
3349 0.0307950816650315
3348 0.0278339969732291
3347 0.0264432527875389
3346 0.025109848668636
3345 0.0238319303029721
3344 0.0226076763518188
3343 0.0214352993311961
3342 0.0217561962390367
3341 0.0195575087122426
3340 0.0185281754779026
3339 0.0166015443027603
3338 0.014840719917342
3337 0.0132339101263624
3336 0.0117698942040653
3335 0.0104380240024826
3334 0.00922822123811219
3333 0.00813097136449811
3332 0.00713731442768862
3331 0.00647400059538072
3330 0.00564882244300065
3329 0.00490372712550408
3328 0.00423193512999521
3327 0.00412108904131574
3326 0.00326259046842419
3325 0.00276156501251533
3324 0.0023116798879464
3323 0.0019082934098924
3322 0.00172268355669594
3321 0.00110414066551909
3320 0.000825853630830986
3319 0.000698404310938899
3318 0.000464939904957946
3317 0.000358194213035958
3316 0.00045000709413177
3315 0.000345278261287801
3314 0.000246567408036617
3313 0.000246567408036617
3312 0.000246567408036617
3311 0.000246567408036617
3310 0.000246567408036617
3309 0.000246567408036617
3308 0.000345278261287801
3307 0.000257646145319887
3306 0.000358194213035958
3305 0.000578224262397479
3304 0.000698404310938899
3303 0.000960962936632106
3302 0.00110414066551909
3301 0.00141642733959139
3300 0.00176635843940083
3299 0.00195666726232227
3298 0.00237060969487927
3297 0.00259536504086715
3296 0.00308342197856103
3295 0.0029155426486932
3294 0.00317378311851568
3293 0.00373434984734115
3292 0.00435851481967084
3291 0.00505245107999305
3290 0.00582279829621603
3289 0.00713731442768862
3288 0.00866610005926284
3287 0.0104380240024826
3286 0.0124847318465274
3285 0.014840719917342
3284 0.0175433748217243
3283 0.0206329717632645
3282 0.0229288476066942
3281 0.0241526245963134
3280 0.0254292585159945
3279 0.0267605124750674
3278 0.0267605124750674
3277 0.0267605124750674
3276 0.0254292585159945
3275 0.0229288476066942
3274 0.0217561962390367
3273 0.0185281754779026
3272 0.0166015443027603
3271 0.014840719917342
3270 0.0124847318465274
3269 0.0117698942040653
3268 0.0104380240024826
3267 0.00981847196900378
3266 0.00866610005926284
3265 0.00813097136449811
3264 0.00762173241804065
3263 0.00762173241804065
3262 0.00713731442768862
3261 0.00667668212085294
3260 0.00623883328800336
3259 0.00582279829621603
3258 0.00542763957543668
3257 0.00505245107999305
3256 0.00469635772780684
3255 0.0040381074408705
3254 0.00301112505324914
3253 0.00252022736648992
3252 0.00222096339977162
3251 0.00181851264549903
3250 0.00145922202282081
3249 0.00113893945355624
3248 0.000853853299595824
3247 0.000723405686257287
3246 0.000600471494037044
3245 0.000484660795933185
3244 0.000375601113876704
3243 0.000272936811665293
3242 0.000272936811665293
3241 0.000176328498405125
3240 8.54524429789074e-05
3239 8.54524429789074e-05
3238 0
3237 0
