-535449.332176535 3383590.28204896
2874 0
2873 0.000625440563837997
2872 0.000969365159567765
2871 0.00137710140815928
2870 0.00185902093850578
2869 0.00145397068909346
2868 0.001697777739423
2867 0.00225166364764437
2866 0.00256519263241839
2865 0.00290559585944564
2864 0.00238830039156211
2863 0.00272215560742242
2862 0.00308525471040503
2861 0.00347982803559626
2860 0.00390824364641249
2859 0.00437301285125126
2858 0.00622545717529052
2857 0.00755214525782284
2856 0.00909094052584042
2855 0.0108699500021986
2854 0.0129199601113288
2853 0.0165772440882125
2852 0.0210454618622003
2851 0.022806647198532
2850 0.0310045115459502
2849 0.0386318589011701
2848 0.0477352686487494
2847 0.0625135077853154
2846 0.0758435279611178
2845 0.0970018216190899
2844 0.115663877178581
2843 0.146033857924039
2842 0.161969175239466
2841 0.188121636585401
2840 0.197448370125552
2839 0.217022806000761
2838 0.227270629770768
2837 0.237824450364564
2836 0.237824450364564
2835 0.237824450364564
2834 0.237824450364564
2833 0.227270629770768
2832 0.217022806000761
2831 0.207081960691376
2830 0.197448370125552
2829 0.18840087626199
2828 0.179630143665097
2827 0.162942172162358
2826 0.155020924019199
2825 0.140010314001109
2824 0.132914216631119
2823 0.126085782153103
2822 0.113214379690271
2821 0.107161880623931
2820 0.0935969763739369
2819 0.0882267920878837
2818 0.083099458894452
2817 0.0782083448626174
2816 0.0735466958937021
2815 0.0735466958937021
2814 0.0691076620779212
2813 0.0691076620779212
2812 0.0648843228516692
2811 0.0648843228516692
2810 0.0648843228516692
2809 0.0585133511418221
2808 0.0585133511418221
2807 0.0523682700338642
2806 0.0523682700338642
2805 0.0523682700338642
2804 0.0464878057338849
2803 0.0464878057338849
2802 0.0464878057338849
2801 0.0464878057338849
2800 0.0464878057338849
2799 0.0464878057338849
2798 0.0464878057338849
2797 0.0500044267759268
2796 0.0500044267759268
2795 0.0537349057915194
2794 0.0576883404193415
2793 0.0576883404193415
2792 0.0618739038953144
2791 0.0663008184311682
2790 0.0663008184311682
2789 0.0709783264706594
2788 0.0811220066853673
2787 0.0866064765823278
2786 0.0984456055946781
2785 0.111502890508203
2784 0.125844341781015
2783 0.149895350607785
2782 0.186963032882996
2781 0.2186665490817
2780 0.2662264526373
2779 0.319717127947254
2778 0.378745856430667
2777 0.426236425191289
2776 0.442601327630994
2775 0.459204109137835
2774 0.476025113940123
2773 0.493043396637274
2772 0.505588496690022
2771 0.523627809681651
2770 0.541828368450838
2769 0.580274284418475
2768 0.615679356493291
2767 0.651034039290647
2766 0.689719444368651
2765 0.726133566842701
2764 0.744063647729613
2763 0.77918500202725
2762 0.802637371668272
2761 0.83306599383422
2760 0.890444105109656
2759 0.94244031872504
2758 0.970020770934268
2757 1
2756 1
2755 0.970020770934268
2754 0.912728862111013
2753 0.83306599383422
2752 0.770707095772894
2751 0.703425639211791
2750 0.633378226139037
2749 0.580274284418475
2748 0.54505368055912
2747 0.510236747081722
2746 0.452689548173154
2745 0.402087365886995
2744 0.354284559885075
2743 0.29554553871678
2742 0.243032754328824
2741 0.196990911025601
2740 0.148443478950126
2739 0.116437650882464
2738 0.0961085009410233
2737 0.073436998396774
2736 0.0594132471676651
2735 0.0552522640722356
2734 0.0513312214584204
2733 0.0513312214584204
2732 0.0513312214584204
2731 0.0552522640722356
2730 0.0552522640722356
2729 0.0576883404193415
2728 0.0464878057338849
2727 0.0371317481983554
2726 0.0250044720770484
2725 0.0178517864115697
2724 0.0113673572491862
2723 0.00693715355984083
2722 0.00447697650780059
2721 0.00237271034867597
2720 0.00124770715275787
2719 0.000471881778332398
2718 5.75796299497287e-05
