-1546664.57537706 2417295.27500477
4413 9.90302026999126e-05
4412 0.000894614515532441
4411 0.00166585355620418
4410 0.00257783211947112
4409 0.00365251383067348
4408 0.00491454511065712
4407 0.00600045720970083
4406 0.00816211399949688
4405 0.00963079908859514
4404 0.0112701423786494
4403 0.0124658284462244
4402 0.0137496400381196
4401 0.0144262376905187
4400 0.0151268670715709
4399 0.015107787345889
4398 0.0158372893161886
4397 0.0158372893161886
4396 0.0158372893161886
4395 0.0158372893161886
4394 0.0158372893161886
4393 0.0158372893161886
4392 0.0166030123454568
4391 0.0158372893161886
4390 0.0158372893161886
4389 0.0158372893161886
4388 0.0158372893161886
4387 0.0165925496892391
4386 0.0165925496892391
4385 0.0165925496892391
4384 0.0181837913046753
4383 0.0181837913046753
4382 0.0181837913046753
4381 0.0190152623822494
4380 0.0190152623822494
4379 0.0190152623822494
4378 0.0190152623822494
4377 0.0190152623822494
4376 0.0190152623822494
4375 0.0190152623822494
4374 0.0181837913046753
4373 0.0173799571168531
4372 0.0166030123454568
4371 0.0158522226884144
4370 0.0151268670715709
4369 0.0137496400381196
4368 0.0124658284462244
4367 0.0112701423786494
4366 0.0101575042194798
4365 0.00963079908859514
4364 0.00912304732346682
4363 0.00863367322658531
4362 0.00816211399949688
4361 0.00863367322658531
4360 0.00912304732346682
4359 0.00963079908859514
4358 0.0101575042194798
4357 0.0112701423786494
4356 0.0130963929182405
4355 0.0151653010775011
4354 0.0166340326898118
4353 0.0182061057137904
4352 0.0207707398137353
4351 0.0226270174975377
4350 0.0246078443743427
4349 0.0267197231413112
4348 0.0278268905833483
4347 0.0301479484588488
4346 0.0326171205211694
4345 0.033909470054907
4344 0.0352415330699861
4343 0.0366142249011771
4342 0.0353510468697576
4341 0.0353510468697576
4340 0.0353510468697576
4339 0.0353510468697576
4338 0.0340067352117657
4337 0.0327027631420645
4336 0.0314382040863388
4335 0.0302121416622576
4334 0.0278718941577377
4333 0.0256749057798033
4332 0.0246279600706016
4331 0.0226329215685965
4330 0.020764170508234
4329 0.0190152623822494
4328 0.0173799571168531
4327 0.0166030123454568
4326 0.0151268670715709
4325 0.0137231840027491
4324 0.0124331274074629
4323 0.0118218602377639
4322 0.0112322244191609
4321 0.0106635799338646
4320 0.0106635799338646
4319 0.0107037514000292
4318 0.0107037514000292
4317 0.0107037514000292
4316 0.0101153003309707
4315 0.0112701423786494
4314 0.0112701423786494
4313 0.0112701423786494
4312 0.0118572920366151
4311 0.0118572920366151
4310 0.0118572920366151
4309 0.0118572920366151
4308 0.0118572920366151
4307 0.0118572920366151
4306 0.0118572920366151
4305 0.0118572920366151
4304 0.0118572920366151
4303 0.0124658284462244
4302 0.0130963929182405
4301 0.0137496400381196
4300 0.0151268670715709
4299 0.0166030123454568
4298 0.0181837913046753
4297 0.020764170508234
4296 0.0226641180294
4295 0.0246748809323392
4294 0.0302121416622576
4293 0.0340067352117657
4292 0.0381644440087238
4291 0.0411505566330302
4290 0.0459705311944665
4289 0.0494225561702571
4288 0.0534131783250997
4287 0.0573202573062527
4286 0.061447751495542
4285 0.063596771023779
4284 0.0680705971366894
4283 0.0680705971366894
4282 0.0703974996819079
4281 0.0703974996819079
4280 0.0703974996819079
4279 0.0703974996819079
4278 0.0680705971366894
4277 0.065804036747727
4276 0.063596771023779
4275 0.061447751495542
4274 0.0573202573062527
4273 0.0569356056801328
4272 0.054978687179842
4271 0.0512231779802496
4270 0.0494225561702571
4269 0.0476720087860028
4268 0.0459705311944665
4267 0.0459705311944665
4266 0.0443171242507565
4265 0.0443171242507565
4264 0.0427107948798757
4263 0.0427107948798757
4262 0.0427107948798757
4261 0.0427107948798757
4260 0.0427107948798757
4259 0.0443171242507565
4258 0.0443171242507565
4257 0.0459705311944665
4256 0.0459705311944665
4255 0.0476720087860028
4254 0.0494225561702571
4253 0.0512231779802496
4252 0.0530748837297102
4251 0.054978687179842
4250 0.0569356056801328
4249 0.0589466594831101
4248 0.0631352642280374
4247 0.065314863657071
4246 0.0698497782591429
4245 0.074625794693545
4244 0.0822596677568478
4243 0.0876738769592414
4242 0.0942262025510592
4241 0.10340294556824
4240 0.113240533689054
4239 0.123763601106099
4238 0.134995223207355
4237 0.149398006087244
4236 0.162160495886065
4235 0.171087914034691
4234 0.182557761479765
4233 0.194900348417295
4232 0.205030140489896
4231 0.215508270066425
4230 0.226335531508968
4229 0.237511921520779
4228 0.249036599619304
4227 0.260907850010604
4226 0.273123045116198
4225 0.285678611006215
4224 0.2985699949942
4223 0.314229600627448
4222 0.327715920977983
4221 0.334575054059981
4220 0.348519889263876
4219 0.355603240735982
4218 0.369985429542816
4217 0.37517393104928
4216 0.384645631079325
4215 0.384645631079325
4214 0.392076242106225
4213 0.392076242106225
4212 0.384645631079325
4211 0.377281510491267
4210 0.369985429542816
4209 0.360563272137519
4208 0.346244699119262
4207 0.332228606494073
4206 0.318524281668234
4205 0.2985699949942
4204 0.2793585429526
4203 0.266972655273693
4202 0.249036599619304
4201 0.231880117898096
4200 0.218279823762148
4199 0.202440035630532
4198 0.192322858346859
4197 0.177806462364731
4196 0.168564426463208
4195 0.164072793348257
4194 0.15782305175177
4193 0.153569079068607
4192 0.149398006087244
4191 0.149398006087244
4190 0.146956604321162
4189 0.146956604321162
4188 0.151109255292825
4187 0.15782305175177
4186 0.164072793348257
4185 0.173142160165462
4184 0.177806462364731
4183 0.187396445049243
4182 0.197337303002388
4181 0.2076312664694
4180 0.2129111580305
4179 0.223737326728249
4178 0.229283678304409
4177 0.229283678304409
4176 0.234918836893374
4175 0.234918836893374
4174 0.234918836893374
4173 0.229283678304409
4172 0.229283678304409
4171 0.223737326728249
4170 0.218279823762148
4169 0.2076312664694
4168 0.202440035630532
4167 0.192322858346859
4166 0.182557761479765
4165 0.177806462364731
4164 0.173142160165462
4163 0.173142160165462
4162 0.175678856044971
4161 0.180355202809111
4160 0.185117342509379
4159 0.199921781966219
4158 0.215508270066425
4157 0.237511921520779
4156 0.260907850010604
4155 0.285678611006215
4154 0.318524281668234
4153 0.35336679912502
4152 0.390065161960143
4151 0.4284349953067
4150 0.476360398362229
4149 0.517541895832005
4148 0.559512187862073
4147 0.601849059687037
4146 0.636213085704092
4145 0.670400135333836
4144 0.704179368662548
4143 0.737311946630382
4142 0.761590257722629
4141 0.785263504257801
4140 0.800658104827601
4139 0.815706822064826
4138 0.823091945074325
4137 0.830379200842702
4136 0.830379200842702
4135 0.830379200842702
4134 0.830379200842702
4133 0.823091945074325
4132 0.815706822064826
4131 0.80822760911088
4130 0.793002125968635
4129 0.785263504257801
4128 0.769553715126279
4127 0.753559571302511
4126 0.745465515569945
4125 0.729102714001276
4124 0.712532605141989
4123 0.69469556714794
4122 0.678020410636056
4121 0.66963605420422
4120 0.652791885119846
4119 0.635870884755582
4118 0.618901098200444
4117 0.61040650610622
4116 0.593414746334871
4115 0.584924170890943
4114 0.567528468879615
4113 0.558979767991584
4112 0.551071840739064
4111 0.54265171417262
4110 0.5334591540934
4109 0.525004095165415
4108 0.516579780691503
4107 0.508189018984122
4106 0.499834553560365
4105 0.499834553560365
4104 0.499834553560365
4103 0.508189018984122
4102 0.516579780691503
4101 0.525004095165415
4100 0.54194208555185
4099 0.558979767991584
4098 0.584670027172716
4097 0.610444404550226
4096 0.635870884755582
4095 0.66963605420422
4094 0.69469556714794
4093 0.727568714312719
4092 0.759606887419229
4091 0.790569351695369
4090 0.817264027458297
4089 0.844920892189691
4088 0.876981557997409
4087 0.894717672584319
4086 0.916438121526957
4085 0.935783740588191
4084 0.952584113196311
4083 0.963423014675161
4082 0.981005343361317
4081 0.9860093965222
4080 0.992106107743983
4079 0.996483900966342
4078 0.998435764623813
4077 0.999608712213691
4076 1
4075 0.999608712213691
4074 0.999119817163032
4073 0.998435764623813
4072 0.998435764623813
4071 0.997556954658998
4070 0.996483900966342
4069 0.995217230377969
4068 0.993757682250132
4067 0.992106107743983
4066 0.990263468998358
4065 0.98823083819567
4064 0.9860093965222
4063 0.981005343361317
4062 0.978225628459131
4061 0.975262893062466
4060 0.972118844191585
4059 0.972118844191585
4058 0.968795289503248
4057 0.968795289503248
4056 0.965294135558873
4055 0.968795289503248
4054 0.968795289503248
4053 0.968795289503248
4052 0.972118844191585
4051 0.969778956857492
4050 0.972690376165492
4049 0.975421850953262
4048 0.980338833467976
4047 0.982521528115979
4046 0.986329066421591
4045 0.987951721964124
4044 0.996483900966342
4043 0.998435764623813
4042 0.999608712213691
4041 1
4040 0.999608712213691
4039 0.998435764623813
4038 0.997556954658998
4037 0.995217230377969
4036 0.992106107743983
4035 0.98823083819567
4034 0.983600433024196
4033 0.978225628459131
4032 0.975262893062466
4031 0.968795289503248
4030 0.965294135558873
4029 0.957767139648341
4028 0.953745588488397
4027 0.949555015609599
4026 0.950078667254181
4025 0.950078667254181
4024 0.945481175623353
4023 0.945481175623353
4022 0.945481175623353
4021 0.940719586732899
4020 0.935993318096908
4019 0.935993318096908
4018 0.940676379493961
4017 0.940676379493961
4016 0.940676379493961
4015 0.945197793036429
4014 0.949555015609599
4013 0.953745588488397
4012 0.957767139648341
4011 0.957767139648341
4010 0.961617386002123
4009 0.965294135558873
4008 0.968795289503248
4007 0.972118844191585
4006 0.972118844191585
4005 0.975262893062466
4004 0.978225628459131
4003 0.978225628459131
4002 0.981005343361317
4001 0.983600433024196
4000 0.9860093965222
3999 0.9860093965222
3998 0.982521528115979
3997 0.984518654767909
3996 0.986329066421591
3995 0.993757682250132
3994 0.995217230377969
3993 0.996483900966342
3992 0.998435764623813
3991 0.999608712213691
3990 0.99408445188302
3989 0.993700046620415
3988 0.991684349377289
3987 0.993757682250132
3986 0.98823083819567
3985 0.981005343361317
3984 0.972118844191585
3983 0.957767139648341
3982 0.945197793036429
3981 0.926152831784223
3980 0.910247903802053
3979 0.89304057928367
3978 0.870810741454541
3977 0.85156762898718
3976 0.841443181059854
3975 0.827393394618964
3974 0.812940424255961
3973 0.798113644111586
3972 0.782942772890071
3971 0.767457775717469
3970 0.751688766868638
3969 0.735665913797234
3968 0.7112215437877
3967 0.69469556714794
3966 0.678892389192776
3965 0.661882432178547
3964 0.644785296330591
3963 0.627629865157443
3962 0.619039148031519
3961 0.601849059687037
3960 0.59325649110516
3959 0.576092945054234
3958 0.56796974507579
3957 0.559512187862073
3956 0.551071840739064
3955 0.551071840739064
3954 0.551071840739064
3953 0.559512187862073
3952 0.56796974507579
3951 0.576441446195598
3950 0.59353356135622
3949 0.610326014481486
3948 0.635481506993402
3947 0.660516697237191
3946 0.68637479750062
3945 0.719419342887659
3944 0.743707185908263
3943 0.767457775717469
3942 0.790569351695369
3941 0.812940424255961
3940 0.834470505559758
3939 0.841443181059854
3938 0.85156762898718
3937 0.85156762898718
3936 0.85156762898718
3935 0.844920892189691
3934 0.834470505559758
3933 0.820215480773723
3932 0.798113644111586
3931 0.775237660269101
3930 0.751688766868638
3929 0.727568714312719
3928 0.69469556714794
3927 0.66963605420422
3926 0.644339222286211
3925 0.627390360398324
3924 0.610326014481486
3923 0.593414746334871
3922 0.584924170890943
3921 0.576441446195598
3920 0.576441446195598
3919 0.56796974507579
3918 0.56796974507579
3917 0.56796974507579
3916 0.576441446195598
3915 0.576753730320808
3914 0.576753730320808
3913 0.576753730320808
3912 0.576753730320808
3911 0.576753730320808
3910 0.576441446195598
3909 0.576441446195598
3908 0.56796974507579
3907 0.559512187862073
3906 0.551071840739064
3905 0.54265171417262
3904 0.534254761414403
3903 0.525883877084423
3902 0.509231591075552
3901 0.49271679156129
3900 0.484517527250325
3899 0.468247856024791
3898 0.452165999142588
3897 0.436290210771675
3896 0.420637641294017
3895 0.412900117756396
3894 0.397612085600071
3893 0.382585238605763
3892 0.37517393104928
3891 0.360563272137519
3890 0.35336679912502
3889 0.339198236517414
3888 0.332228606494073
3887 0.322976100281733
3886 0.316134512174843
3885 0.309374930771238
3884 0.305139920998045
3883 0.2985699949942
3882 0.292082649351178
3881 0.285678611006215
3880 0.2793585429526
3879 0.273123045116198
3878 0.269555305821372
3877 0.260907850010604
3876 0.254929045717051
3875 0.249036599619304
3874 0.245855526991882
3873 0.240142843361812
3872 0.234515588466973
3871 0.228973928945502
3870 0.228973928945502
3869 0.226194964948526
3868 0.220825731209113
3867 0.220825731209113
3866 0.220825731209113
3865 0.220825731209113
3864 0.220825731209113
3863 0.220825731209113
3862 0.218147799690587
3861 0.223517978629433
3860 0.223517978629433
3859 0.223517978629433
3858 0.228973928945502
3857 0.228973928945502
3856 0.228973928945502
3855 0.234515588466973
3854 0.228973928945502
3853 0.228973928945502
3852 0.231648389764729
3851 0.231648389764729
3850 0.226194964948526
3849 0.220825731209113
3848 0.220825731209113
3847 0.210339981162973
3846 0.202551762627346
3845 0.19258218430876
3844 0.187725195897542
3843 0.178265493250572
3842 0.169142570916692
3841 0.156082382838128
3840 0.147785926665094
3839 0.135945160330035
3838 0.124813232182239
3837 0.117776053168512
3836 0.107780632648855
3835 0.0984373531458336
3834 0.0897221818692569
3833 0.0790354865636528
3832 0.0716868678835836
3831 0.062726610337623
3830 0.0565999187528402
3829 0.0491710578629228
3828 0.0425298983306999
3827 0.0367366345196639
3826 0.0314382040863388
3825 0.0267559302224256
3824 0.0226329215685965
3823 0.0198751309221366
3822 0.0166030123454568
3821 0.0144262376905187
3820 0.0118572920366151
3819 0.0101575042194798
3818 0.00863367322658531
3817 0.00777017453495054
3816 0.00691215066443762
3815 0.00611637949005066
3814 0.00537897429988267
3813 0.00469623645979891
3812 0.00406465091507325
3811 0.00376699081925103
3810 0.00348088138468354
3809 0.00348088138468354
3808 0.00348088138468354
3807 0.00314541543226488
3806 0.00348088138468354
3805 0.00341971144121318
3804 0.00406465091507325
3803 0.00437426229987981
3802 0.00503099589971014
3801 0.00574061666854848
3800 0.00650673086819679
3799 0.00777017453495054
3798 0.0091829102968052
3797 0.0107595346774133
3796 0.013143770330398
3795 0.0158871041746791
3794 0.0182061057137904
3793 0.0216837089267559
3792 0.0256469884450362
3791 0.0301479484588488
3790 0.0352415330699861
3789 0.0394852016312778
3788 0.0441197696370133
3787 0.0491710578629228
3786 0.0546654034141641
3785 0.058587625755326
3784 0.0606295229656499
3783 0.0644964492874451
3782 0.0644964492874451
3781 0.0623682179032501
3780 0.0606295229656499
3779 0.0565999187528402
3778 0.0527830833170121
3777 0.0491710578629228
3776 0.0457559389215579
3775 0.0409853612671073
3774 0.0380284700186507
3773 0.033909470054907
3772 0.0301479484588488
3771 0.0267197231413112
3770 0.0246078443743427
3769 0.0216837089267559
3768 0.0198873275994949
3767 0.0182061057137904
3766 0.0166340326898118
3765 0.0151653010775011
3764 0.0144679295476593
3763 0.013794308639921
3762 0.0124658284462244
3761 0.0124658284462244
3760 0.0124658284462244
3759 0.0124658284462244
3758 0.0124658284462244
3757 0.0124658284462244
3756 0.0124658284462244
3755 0.0130963929182405
3754 0.0137496400381196
3753 0.0144262376905187
3752 0.0151268670715709
3751 0.0166340326898118
3750 0.0182061057137904
3749 0.0181837913046753
3748 0.0198751309221366
3747 0.021683167631473
3746 0.0236142442434967
3745 0.0246279600706016
3744 0.0267559302224256
3743 0.0279461150270903
3742 0.0303072592263643
3741 0.031544638039321
3740 0.0328211192336467
3739 0.0354951476589854
3738 0.0354951476589854
3737 0.0368946002522041
3736 0.0383369651793579
3735 0.0396354302187002
3734 0.0396354302187002
3733 0.0381644440087238
3732 0.0367366345196639
3731 0.0353510468697576
3730 0.0327027631420645
3729 0.0291080565669857
3728 0.0257304129437627
3727 0.0226641180294
3726 0.0198860940353962
3725 0.0165925496892391
3724 0.0144033217028338
3723 0.0118218602377639
3722 0.0101153003309707
3721 0.00811377277673697
3720 0.00727025287119003
3719 0.00605273310805334
3718 0.00496761293844266
3717 0.00431153094056561
3716 0.00370523054990221
3715 0.00314541543226488
3714 0.00288195782632845
3713 0.00262896453279424
3712 0.00262896453279424
3711 0.00262896453279424
3710 0.00262896453279424
3709 0.00288195782632845
3708 0.00288195782632845
3707 0.00314541543226488
3706 0.00341971144121318
3705 0.00370523054990221
3704 0.00370523054990221
3703 0.00370523054990221
3702 0.00406465091507325
3701 0.00406465091507325
3700 0.00376699081925103
3699 0.00320593267831276
3698 0.0026880101879341
3697 0.00198567980840342
3696 0.0011217323542847
3695 0.000599488671949496
3694 0
