706022.681218459 4197095.82724332
2318 4.84388157613131e-05
2317 0.000148871228306511
2316 0.000148871228306511
2315 0.000257790811823803
2314 0.000503699715736186
2313 0.000642099061830127
2312 0.00115796608250944
2311 0.00154758518444187
2310 0.00199924525590984
2309 0.00252151744748673
2308 0.00345844272373329
2307 0.00420118864955984
2306 0.00552306185489682
2305 0.00713588044718865
2304 0.00983114755414784
2303 0.0123401020912424
2302 0.0164669371389862
2301 0.0202488730236449
2300 0.0263704212612177
2299 0.0339292571333459
2298 0.0431643551703451
2297 0.0543271137407862
2296 0.06411870752768
2295 0.0792707968386105
2294 0.0923403759491371
2293 0.112218816973406
2292 0.134664068511654
2291 0.153375049176516
2290 0.173789553508613
2289 0.195915698795375
2288 0.219735430873174
2287 0.236534126518718
2286 0.245201599786216
2285 0.263056202353784
2284 0.272235442278644
2283 0.272235442278644
2282 0.281576672085678
2281 0.272235442278644
2280 0.272235442278644
2279 0.263056202353784
2278 0.254043536217257
2277 0.236534126518718
2276 0.228044433906093
2275 0.211609626030218
2274 0.195915698795375
2273 0.175218788583867
2272 0.154251064907022
2271 0.141268105581378
2270 0.123263526113674
2269 0.112309402379079
2268 0.102208728193662
2267 0.0883467763369306
2266 0.0799303235540781
2265 0.0684776509490837
2264 0.0583471726044043
2263 0.0522793109634819
2262 0.0467251553699972
2261 0.0392912219457221
2260 0.0348898107817527
2259 0.0328443940212435
2258 0.0290460607227843
2257 0.0272860573841156
2256 0.025614196462976
2255 0.025614196462976
2254 0.0240270781030321
2253 0.0240270781030321
2252 0.0225213670038975
2251 0.0225213670038975
2250 0.0210937957639059
2249 0.0202488730236449
2248 0.0210937957639059
2247 0.0210937957639059
2246 0.018916669396098
2245 0.0210937957639059
2244 0.0197411678401994
2243 0.0197411678401994
2242 0.0184603601395522
2241 0.0184603601395522
2240 0.0172483252539275
2239 0.0161020933552555
2238 0.0150187737643128
2237 0.013029711786659
2236 0.0121185936482861
2235 0.0104503613561144
2234 0.00897133542994142
2233 0.00706808226619972
2232 0.00505252746970056
2231 0.00420118864955984
2230 0.00312392896046504
2229 0.00252151744748673
2228 0.00199924525590984
2227 0.00134552076281457
2226 0.000983987762346902
2225 0.000673280272192569
2224 0.000288536245861273
2223 0.000179133721515603
2210 7.8090597299305e-05
2209 0.000179133721515603
2208 0.000288536245861273
2207 0.000406916440319206
2206 0.000534931664624214
2205 0.000673280272192569
2204 0.000822703560125021
2203 0.00137979929118468
2202 0.00137979929118468
2201 0.00137979929118468
2200 0.00137979929118468
2199 0.00137979929118468
2198 0.000822703560125021
2197 0.000673280272192569
2196 0.000406916440319206
2195 0.000179133721515603
2180 4.84388157613131e-05
2179 0.000503699715736186
2178 0.000953652551467603
2177 0.001317268787357
2176 0.00174055600254541
2175 0.00197720150256675
2174 0.00223203587957517
2173 0.00150140771143194
2172 0.00197720150256675
2171 0.00110516589029227
2170 0.000929028216745041
2169 0.000615879767830046
2168 0.000349090879316122
2167 0
2157 0
2156 0.000190996393778007
2155 0.000580028542267487
2154 0.00127485954063185
2153 0.00223299045737885
2152 0.00322339514643244
2151 0.00409712908057781
2150 0.00612816161557539
2149 0.00657523491570884
2148 0.00956455678421701
2147 0.0109633403496809
2146 0.0126324254240236
2145 0.0146323110047133
2144 0.0173842862013274
2143 0.0283124506736809
2142 0.0412686255184723
2141 0.0587105006339424
2140 0.0816366388151583
2139 0.111046433186493
2138 0.139857162519612
2137 0.189198694393421
2136 0.21917244314135
2135 0.257713695996372
2134 0.294692562210425
2133 0.329300975035432
2132 0.357682037618033
2131 0.391463165912469
2130 0.421411308653552
2129 0.43988960402684
2128 0.470262047546756
2127 0.483562708670181
2126 0.499456549577673
2125 0.513975555183708
2124 0.513975555183708
2123 0.530477579672487
2122 0.530477579672487
2121 0.547047198101608
2120 0.547047198101608
2119 0.547047198101608
2118 0.563301392917436
2117 0.563301392917436
2116 0.56273237899752
2115 0.580289258649842
2114 0.580289258649842
2113 0.580289258649842
2112 0.597493804187882
2111 0.597493804187882
2110 0.614559898925186
2109 0.614559898925186
2108 0.632918893180264
2107 0.650341354107388
2106 0.669769607711232
2105 0.684804482597746
2104 0.701776181014458
2103 0.718527954095953
2102 0.751230128284971
2101 0.782627179582739
2100 0.819261334485549
2099 0.848201270520243
2098 0.883340410476574
2097 0.917318422318603
2096 0.940476613610087
2095 0.960527545574762
2094 0.97725005883273
2093 0.990457260475489
2092 1
2091 0.991647540643745
2090 0.983030462562538
2089 0.970275487979216
2088 0.966828050677511
2087 0.963821581695381
2086 0.955283030809628
2085 0.94345585357992
2084 0.928464157421574
2083 0.910463745475677
2082 0.900391972956136
2081 0.87823320542599
2080 0.866201834014706
2079 0.861870087565843
2078 0.855654892173086
2077 0.862711405516846
2076 0.862711405516846
2075 0.884385221225296
2074 0.898810510781145
2073 0.925643089407031
2072 0.950905067636126
2071 0.958774066762986
2070 0.96171567785814
2069 0.972314727404386
2068 0.979445506768415
2067 0.981684570651481
2066 0.983030462562538
2065 0.983479502689725
2064 0.983479502689725
2063 0.983030462562538
2062 0.981684570651481
2061 0.976319385303326
2060 0.96171567785814
2059 0.947762928626115
2058 0.92088161941839
2057 0.908510881253518
2056 0.891304339538003
2055 0.869338284936913
2054 0.837539568673186
2053 0.815642541517122
2052 0.793883156143736
2051 0.793883156143736
2050 0.772379285975719
2049 0.772379285975719
2048 0.772379285975719
2047 0.767109510073601
2046 0.767109510073601
2045 0.746187094989822
2044 0.735024437425445
2043 0.701776181014458
2042 0.66764796399178
2041 0.632918893180264
2040 0.597860296579895
2039 0.561972926194157
2038 0.526175317353558
2037 0.504125308170491
2036 0.483275719938335
2035 0.483275719938335
2034 0.483275719938335
2033 0.501887091939608
2032 0.522600472800344
2031 0.561048516105576
2030 0.616456002234159
2029 0.671637985836389
2028 0.722213065680066
2027 0.755972436374004
2026 0.788421082520461
2025 0.819261334485549
2024 0.83398673807837
2023 0.83398673807837
2022 0.826660313351646
2021 0.812437114532152
2020 0.791117493236075
2019 0.767109510073601
2018 0.735024437425445
2017 0.704935346475298
2016 0.651954857349411
2015 0.598010851868342
2014 0.544028796246858
2013 0.50844155145223
2012 0.456229522732536
2011 0.422492593581427
2010 0.378382261267439
2009 0.347967686747565
2008 0.304809620671788
2007 0.264852756766148
2006 0.228274050034086
2005 0.189490776330728
2004 0.159971109427202
2003 0.125967410650429
2002 0.102363906630573
2001 0.0787249624442418
2000 0.0596211003483735
1999 0.0414530006498323
1998 0.0278752065915635
1997 0.0180737970761636
1996 0.0111740160183759
1995 0.00735614423403361
1994 0.00461208586714179
1993 0.00311748193085669
1992 0.00168282284156175
1991 0.00149915484164217
1990 0.00131945562331498
1989 0.000674953453426763
1988 0.000340011976343837
1987 6.63999016039625e-05
1971 1.72791113899486e-05
1970 0.000499102369006856
1969 0.00141529741696198
1968 0.00229238301971612
1967 0.00360661707494255
1966 0.00458087814637855
1965 0.00662567367759046
1964 0.00812209305147196
1963 0.00896387737229827
1962 0.00787016952159616
1961 0.00870481828634728
1960 0.00870481828634728
1959 0.00766477378018757
1958 0.00766477378018757
1957 0.00674465799136793
1956 0.00593526266483447
1955 0.0066372929757406
1954 0.0066372929757406
1953 0.00833745053770201
1952 0.0103708574374927
1951 0.0125669318272532
1950 0.0137988995781451
1949 0.0165605341512144
1948 0.0197619981453731
1947 0.0234584979239861
1946 0.0277094259745004
1945 0.0325781886262124
1944 0.0352651035144395
1943 0.0354139867432158
1942 0.0383357990395168
1941 0.0383357990395168
1940 0.0411875677548879
1939 0.0411875677548879
1938 0.0352651035144395
1937 0.027728282444917
1936 0.0214772603140593
1935 0.0149462654016368
1934 0.0101217066267111
1933 0.0066372929757406
1932 0.00480784065930799
1931 0.0030267843075782
1930 0.00210254727309161
1929 0.000850055802102424
1928 0.000198851789291659
