-393391.632129821 4754125.23162824
2001 0.000154119396018554
2000 0.000644038136511577
1999 0.00113174188062597
1998 0.00169585839587553
1997 0.00234795994320607
1996 0.00342601305146168
1995 0.00406618715539527
1994 0.00517771066669938
1993 0.0061187596743636
1992 0.00753305470043373
1991 0.00905827038456293
1990 0.0101400201676946
1989 0.011591318975507
1988 0.0126385986998811
1987 0.0137536908860298
1986 0.0149401800262653
1985 0.0162017784307029
1984 0.017542326215563
1983 0.0182434410158201
1982 0.0192819873242135
1981 0.019709891541754
1980 0.0204762665099937
1979 0.0201691060824948
1978 0.0201691060824948
1977 0.0198859702129832
1976 0.0191334291128077
1975 0.0181557354191428
1974 0.0165566988345988
1973 0.0154673879488746
1972 0.0144547587681942
1971 0.0129533509479458
1970 0.0121067013253437
1969 0.010830396725149
1968 0.00945215772734402
1967 0.00881377761384694
1966 0.00800891540463847
1965 0.00745610500819271
1964 0.00673988095068671
1963 0.00639927395200673
1962 0.00621487339030943
1961 0.00589073612807773
1960 0.00589073612807773
1959 0.00572416235035052
1958 0.00572416235035052
1957 0.00556986297254059
1956 0.00542753869598023
1955 0.00512759897510089
1954 0.00512759897510089
1953 0.00497198526560332
1952 0.00482937935926325
1951 0.00428230110512293
1950 0.00402273132382988
1949 0.0035301573930149
1948 0.00307124914666097
1947 0.00264398879278193
1946 0.00224645686766917
1945 0.00187682918677684
1944 0.00170193467288616
1943 0.00144504555155204
1942 0.00128546506388078
1941 0.00128546506388078
1940 0.00137094381910976
1939 0.00137094381910976
1938 0.00170193467288616
1937 0.00196091583208519
1936 0.00253687841382029
1935 0.00307062138672626
1934 0.00402677464885806
1933 0.00512759897510089
1932 0.00654691441308085
1931 0.00860487356897766
1930 0.0105889953233141
1929 0.0131506742640116
1928 0.0155069877353676
1927 0.0188839852022151
1926 0.0219691756381767
1925 0.0250327349251922
1924 0.028297385849471
1923 0.0314109490721427
1922 0.0347885265867708
1921 0.0371951439481378
1920 0.039731571640137
1919 0.0405176129365558
1918 0.0413536491453118
1917 0.0408827900755126
1916 0.0408827900755126
1915 0.0404475794720883
1914 0.0395586345613035
1913 0.0395586345613035
1912 0.0387216495953358
1911 0.0387216495953358
1910 0.0387216495953358
1909 0.0374563634849706
1908 0.0379345007874334
1907 0.0379345007874334
1906 0.0371951439481378
1905 0.0371951439481378
1904 0.0359759273060874
1903 0.0359759273060874
1902 0.0347885265867708
1901 0.0331593199327455
1900 0.0320432753432627
1899 0.0316111298230718
1898 0.0305338714918945
1897 0.0316111298230718
1896 0.0312099821202741
1895 0.0319303331841674
1894 0.034203092708166
1893 0.036601837814228
1892 0.040020525578066
1891 0.0446513140288767
1890 0.0497062549195853
1889 0.0545433877293671
1888 0.0597442163052755
1887 0.0653271888468092
1886 0.0741768014231647
1885 0.0785149296716788
1884 0.0853878352335459
1883 0.0893655264672901
1882 0.0918490421828288
1881 0.0969743920540272
1880 0.100514929041094
1879 0.105985187255988
1878 0.107876027900477
1877 0.109857848216047
1876 0.112770291536306
1875 0.115740357890106
1874 0.12185565290907
1873 0.125001997806939
1872 0.131474774975127
1871 0.139148006959479
1870 0.145154850349443
1869 0.15236967467903
1868 0.159838910244714
1867 0.172536499490924
1866 0.180662521051102
1865 0.188025467954149
1864 0.192315527482378
1863 0.201095351248541
1862 0.205585403399508
1861 0.210142361965715
1860 0.214766301332496
1859 0.213791260307569
1858 0.208255422008904
1857 0.202852256556651
1856 0.197583856136591
1855 0.18882088953199
1854 0.180329460139437
1853 0.168097253946166
1852 0.1572149964839
1851 0.146155785344385
1850 0.133077236476787
1849 0.124132641670075
1848 0.114895207617651
1847 0.109029709121821
1846 0.103392954218529
1845 0.0999109795087704
1844 0.0999109795087704
1843 0.100658831558962
1842 0.104203469974422
1841 0.107002440407124
1840 0.115740357890106
1839 0.12185565290907
1838 0.134802242304914
1837 0.144242757167864
1836 0.158903391370274
1835 0.174598285359694
1834 0.18706092607998
1833 0.204612240291057
1832 0.223240080903356
1831 0.243916959227745
1830 0.260412454476529
1829 0.281949211246396
1828 0.298776028634173
1827 0.316166939481172
1826 0.32806659483787
1825 0.346360988734335
1824 0.358844722054124
1823 0.371550269180031
1822 0.384469894039143
1821 0.396828079351198
1820 0.410187706245964
1819 0.423083066152848
1818 0.436272243681594
1817 0.450250751548693
1816 0.456814058059106
1815 0.470652341055161
1814 0.485090450945756
1813 0.49271805123796
1812 0.507645926575304
1811 0.515292699550702
1810 0.530236224450101
1809 0.537563900812568
1808 0.545156187612915
1807 0.552486955675998
1806 0.559831351309859
1805 0.567340118079613
1804 0.567340118079613
1803 0.559831351309859
1802 0.559831351309859
1801 0.552486955675998
1800 0.545156187612915
1799 0.538127010394365
1798 0.530543532714803
1797 0.523265560232746
1796 0.515643081568878
1795 0.50838140892409
1794 0.501145470255843
1793 0.501145470255843
1792 0.493937069898067
1791 0.494386727745239
1790 0.493937069898067
1789 0.501145470255843
1788 0.50838140892409
1787 0.508004257673205
1786 0.515292699550702
1785 0.529940990024435
1784 0.537297026138908
1783 0.544671720446564
1782 0.559469063617611
1781 0.566887616372751
1780 0.574316636681904
1779 0.574316636681904
1778 0.581667799382588
1777 0.58158295118962
1776 0.573981469649526
1775 0.566471930684315
1774 0.5589740971281
1773 0.544226582272482
1772 0.529392477936096
1771 0.507645926575304
1770 0.485873532589456
1769 0.464887595080246
1768 0.437464983173563
1767 0.416939207703688
1766 0.396828079351198
1765 0.377165013479897
1764 0.357980022366098
1763 0.339299723806072
1762 0.327138196628181
1761 0.321147371743597
1760 0.315217449992885
1759 0.315217449992885
1758 0.32026000407477
1757 0.325436436220495
1756 0.331508020565039
1755 0.349352783924571
1754 0.362759127330928
1753 0.382192798011952
1752 0.40949622407048
1751 0.436851415236169
1750 0.464887595080246
1749 0.500359249678245
1748 0.529659279949538
1747 0.559296350517839
1746 0.589141018481273
1745 0.619055247483279
1744 0.641449175296546
1743 0.656323230921873
1742 0.671130507370337
1741 0.685851273814923
1740 0.686182928564864
1739 0.693868665033936
1738 0.694170537006614
1737 0.701551476300193
1736 0.701551476300193
1735 0.701551476300193
1734 0.701551476300193
1733 0.701222522213747
1732 0.708544983624727
1731 0.715833465276022
1730 0.730298099956371
1729 0.73746903610813
1728 0.751675053223818
1727 0.765682423273786
1726 0.779470118315241
1725 0.793017134273523
1724 0.80549134129903
1723 0.818435284706072
1722 0.830070220752426
1721 0.83624016773858
1720 0.841176767370201
1719 0.847145660515093
1718 0.848328901084079
1717 0.848328901084079
1716 0.8433959291574
1715 0.837277982642481
1714 0.838235509567939
1713 0.83200552998192
1712 0.83200552998192
1711 0.83200552998192
1710 0.831076888690066
1709 0.837277982642481
1708 0.8433959291574
1707 0.86122617143753
1706 0.878220107997094
1705 0.899468159029217
1704 0.92356090999858
1703 0.946154246638702
1702 0.967336511399156
1701 0.983533016620602
1700 0.994480675128985
1699 1
1698 0.998239101506525
1697 0.992748782429143
1696 0.982218943695407
1695 0.972671417991638
1694 0.960867078281053
1693 0.950583002994715
1692 0.940699613817674
1691 0.932376661972409
1690 0.928029442813876
1689 0.928029442813876
1688 0.92356090999858
1687 0.92207226767014
1686 0.926516597985273
1685 0.924890823616343
1684 0.929189145263026
1683 0.933365489857835
1682 0.933365489857835
1681 0.937418041579603
1680 0.943068000669786
1679 0.944671694821017
1678 0.950017334055415
1677 0.950017334055415
1676 0.955144720156196
1675 0.955144720156196
1674 0.953749495342626
1673 0.953749495342626
1672 0.952228314933018
1671 0.952228314933018
1670 0.950583002994715
1669 0.946890327975491
1668 0.948515161468838
1667 0.948515161468838
1666 0.948515161468838
1665 0.943068000669786
1664 0.943068000669786
1663 0.945144746512275
1662 0.945144746512275
1661 0.948815515292456
1660 0.952355724807318
1659 0.959038275727398
1658 0.965180570311567
1657 0.970771686255807
1656 0.977731957916747
1655 0.982218943695407
1654 0.987856569194054
1653 0.98886622956767
1652 0.992253801831206
1651 0.991585430458398
1650 0.99248616613219
1649 0.990391484991969
1648 0.989794958689006
1647 0.991585430458398
1646 0.990086015951585
1645 0.989112609497176
1644 0.987990634298442
1643 0.987990634298442
1642 0.986720596943581
1641 0.986720596943581
1640 0.986720596943581
1639 0.986720596943581
1638 0.990144621145294
1637 0.990144621145294
1636 0.993299051830879
1635 0.996176691574524
1634 0.997016419095883
1633 0.995803508518333
1632 0.994291898793705
1631 0.99248616613219
1630 0.992711477542096
1629 0.990466075989278
1628 0.987939556582703
1627 0.98771747067622
1626 0.98771747067622
1625 0.987347438153028
1624 0.987347438153028
1623 0.987347438153028
1622 0.987347438153028
1621 0.986829624907714
1620 0.989273292166235
1619 0.988602981012773
1618 0.990086015951585
1617 0.987990634298442
1616 0.985864739869456
1615 0.980261417778649
1614 0.973357394948795
1613 0.959038275727398
1612 0.945144746512275
1611 0.923153910504992
1610 0.904892690663613
1609 0.879571028894562
1608 0.857483600622081
1607 0.835122802152778
1606 0.822769432676467
1605 0.810105294224201
1604 0.810105294224201
1603 0.810105294224201
1602 0.816474964767679
1601 0.828986204217615
1600 0.847145660515093
1599 0.864517844459307
1598 0.876972355611221
1597 0.892981844690669
1596 0.904513207068739
1595 0.909447102203555
1594 0.909447102203555
1593 0.909447102203555
1592 0.898108591658133
1591 0.887748743973205
1590 0.864517844459307
1589 0.841176767370201
1588 0.816474964767679
1587 0.790570217270511
1586 0.763624111147457
1585 0.73580037790551
1584 0.707263262758103
1583 0.685490514768674
1582 0.663193150380335
1581 0.648486109411725
1580 0.641109136116338
1579 0.633719710831178
1578 0.626320194311561
1577 0.61891292457722
1576 0.618989117822249
1575 0.618989117822249
1574 0.618989117822249
1573 0.626430060770628
1572 0.626320194311561
1571 0.626320194311561
1570 0.626320194311561
1569 0.626197201081246
1568 0.618825669355047
1567 0.611448315100173
1566 0.604067410875604
1565 0.589252215245602
1564 0.574434272726002
1563 0.559647837968558
1562 0.537841055167153
1561 0.516009042605354
1560 0.494386727745239
1559 0.479609910595838
1558 0.458368601933596
1557 0.450790179030794
1556 0.443800214820411
1555 0.443800214820411
1554 0.443800214820411
1553 0.457819816660177
1552 0.472494567960133
1551 0.487234354260167
1550 0.508775848966776
1549 0.530543532714803
1548 0.552486955675998
1547 0.567187333561515
1546 0.574552829370622
1545 0.581925734403326
1544 0.581925734403326
1543 0.574552829370622
1542 0.559831351309859
1541 0.538127010394365
1540 0.509185981074548
1539 0.481182077010213
1538 0.446351123589028
1537 0.412482396066439
1536 0.378844526071656
1535 0.347299864452025
1534 0.323075998719506
1533 0.29414161240828
1532 0.272116603964006
1531 0.252258640153065
1530 0.237204948995978
1529 0.222738970515996
1528 0.208862772311985
1527 0.194430645652174
1526 0.185904971845112
1525 0.177640576712598
1524 0.169635665384858
1523 0.165729851904201
1522 0.15810998483469
1521 0.154395257533586
1520 0.150743517993288
1519 0.142605811072172
1518 0.139148006959479
1517 0.134802242304914
1516 0.128208196897804
1515 0.124132641670075
1514 0.120994177959137
1513 0.115740357890106
1512 0.112770291536306
1511 0.110740632610977
1510 0.107876027900477
1509 0.105985187255988
1508 0.103222594720337
1507 0.103222594720337
1506 0.100514929041094
1505 0.100514929041094
1504 0.100514929041094
1503 0.103222594720337
1502 0.103222594720337
1501 0.105985187255988
1500 0.10880330482043
1499 0.111677535942678
1498 0.114608458901497
1497 0.117596641110567
1496 0.120642638496048
1495 0.123746994866918
1494 0.123746994866918
1493 0.126910241278462
1492 0.130132895389325
1491 0.130132895389325
1490 0.130132895389325
1489 0.130132895389325
1488 0.129142341473345
1487 0.129142341473345
1486 0.129142341473345
1485 0.125001997806939
1484 0.125001997806939
1483 0.12277347185619
1482 0.119677966628177
1481 0.117596641110567
1480 0.114608458901497
1479 0.111677535942678
1478 0.10880330482043
1477 0.105067704769973
1476 0.10231506463075
1475 0.0969743920540272
1474 0.0943851173244797
1473 0.0943851173244797
1472 0.0918490421828288
1471 0.0902212672001805
1470 0.0877789671101862
1469 0.0877789671101862
1468 0.0877789671101862
1467 0.0853878352335459
1466 0.0877789671101862
1465 0.0869339234392355
1464 0.0869339234392355
1463 0.0869339234392355
1462 0.0902212672001805
1461 0.0902212672001805
1460 0.0927153792772504
1459 0.0918490421828288
1458 0.0943851173244797
1457 0.0943851173244797
1456 0.0943851173244797
1455 0.0910335789860647
1454 0.0885601554417496
1453 0.0861387366474225
1452 0.0837686613501062
1451 0.0822238389359129
1450 0.0799440360567689
1449 0.0777135041184908
1448 0.0747883954575543
1447 0.0747883954575543
1446 0.0747883954575543
1445 0.0747883954575543
1444 0.07695980748098
1443 0.0799440360567689
1442 0.0845535803397415
1441 0.0893655264672901
1440 0.0969743920540272
1439 0.10231506463075
1438 0.111677535942678
1437 0.117596641110567
1436 0.119677966628177
1435 0.12277347185619
1434 0.12277347185619
1433 0.119677966628177
1432 0.116641029922973
1431 0.111677535942678
1430 0.105985187255988
1429 0.0969743920540272
1428 0.0885601554417496
1427 0.0814492629866749
1426 0.0747883954575543
1425 0.0685592253089749
1424 0.0627432029408148
1423 0.0590861689878224
1422 0.0539172608964497
1421 0.0528915072930578
1420 0.0503398008041927
1419 0.0472859692364507
1418 0.0458150146137136
1417 0.042981718744589
1416 0.0410500688186524
1415 0.0384468118693091
1414 0.0359759273060874
1413 0.0336323118638071
1412 0.0325066588460226
1411 0.0293069156563013
1410 0.0273153872751501
1409 0.0241386231027282
1408 0.0216047360792693
1407 0.0192819873242135
1406 0.017156056878533
1405 0.0152132494580443
1404 0.0134405042453826
1403 0.0118253996323554
1402 0.0103561533741234
1401 0.00967279397037201
1400 0.00881377761384694
1399 0.00840476195678149
1398 0.00781127621471915
1397 0.00781127621471915
1396 0.00762800816841226
1395 0.00801307861195338
1394 0.00882241688383994
1393 0.00945215772734402
1392 0.0103561533741234
1391 0.0120774489382247
1390 0.0137128502436101
1389 0.0155069877353676
1388 0.0164887655018931
1387 0.0185521644216081
1386 0.0208077465551258
1385 0.0227980668001774
1384 0.023651072878192
1383 0.0249459207202933
1382 0.0249459207202933
1381 0.023651072878192
1380 0.0219691756381767
1379 0.0200336737806234
1378 0.0178436900306353
1377 0.0152132494580443
1376 0.0134405042453826
1375 0.0113200078729524
1374 0.0098968727971991
1373 0.00820154833499124
1372 0.00689527314676771
1371 0.00588453442842547
1370 0.00526578235167386
1369 0.00441404728844986
1368 0.00402273132382988
1367 0.0035301573930149
1366 0.00317897456419746
1365 0.00274325026768502
1364 0.00243828222207027
1363 0.00224234397896707
1362 0.00214593778144214
1361 0.00205826537070233
1360 0.00180075515661748
1359 0.00162904221609031
1358 0.00130406025685983
1357 0.00100237147317242
1356 0.000722489591536272
1355 0.000389685993597779
1354 0.000222596968836713
1353 0
