-1253322.06451142 4446777.46324632
3565 0
3564 0.000464393244296936
3563 0.000805845249847164
3562 0.00116765957919514
3561 0.00155088537321692
3560 0.0019566146750128
3559 0.00238598346900462
3558 0.00284017269878981
3557 0.00315735860365611
3556 0.00332040925989311
3555 0.00315735860365611
3554 0.00299729547474055
3553 0.00299729547474055
3552 0.00284017269878981
3551 0.00278385547647288
3550 0.00294007047014145
3549 0.00309921443634983
3548 0.00359469410629543
3547 0.00394053798723877
3546 0.0042992643259962
3545 0.00467128103513949
3544 0.00467128103513949
3543 0.00448358550757993
3542 0.00405785478662046
3541 0.0035370607563745
3540 0.00336974845539484
3539 0.00320549716585581
3538 0.00320549716585581
3537 0.00336974845539484
3536 0.00336974845539484
3535 0.00315286478920025
3534 0.00299245898632682
3533 0.00283500805761347
3532 0.00268046504446146
3531 0.00268046504446146
3530 0.00252878357402148
3529 0.00252878357402148
3528 0.00248240314211352
3527 0.00233428288186245
3526 0.00218892368911846
3525 0.00186562860086866
3524 0.00159485190223508
3523 0.00129871437572806
3522 0.000927796423130483
3521 0.000778051773440102
3520 0.000633957397797167
3519 0.000633957397797167
3518 0.000472353749866307
3517 0.000451625418442351
3516 0.000341570739913931
3515 0.000233658472533171
3514 0.000127852035961745
3513 2.41153599248906e-05
3495 0.000147537165793858
3494 0.000472353749866307
3493 0.000678310908500108
3492 0.000914017963042505
3491 0.00115905805951442
3490 0.00154482022337286
3489 0.00195342129782042
3488 0.00256283653186664
3487 0.00319254449274207
3486 0.0038709405510884
3485 0.00498685446684319
3484 0.00623099365815924
3483 0.00786099093330816
3482 0.00942624549717126
3481 0.0111615979800816
3480 0.0127484995026807
3479 0.0141167522003109
3478 0.0147787499238776
3477 0.0151462682531774
3476 0.0144171983250691
3475 0.0137116794681552
3474 0.0123688072431326
3473 0.011418909559901
3472 0.0105633362034198
3471 0.00998507130001891
3470 0.00942624549717126
3469 0.00915395098587644
3468 0.00884274798936446
3467 0.00832241725154126
3466 0.00806896152993313
3465 0.00811066655347177
3464 0.00786099093330816
3463 0.00786099093330816
3462 0.00786099093330816
3461 0.00811066655347177
3460 0.00836473547045854
3459 0.00888631210433813
3458 0.00942624549717126
3457 0.0102717392635387
3456 0.0112156190355279
3455 0.0124774944407815
3454 0.0143178077998872
3453 0.0162576386464328
3452 0.0179538448446006
3451 0.0202185348015997
3450 0.0220745216527964
3449 0.0246907732003754
3448 0.0269710968912348
3447 0.0294053838347927
3446 0.0318253225739215
3445 0.034573678016731
3444 0.0372969315202704
3443 0.0396507574982213
3442 0.0426627314126726
3441 0.0450325040596171
3440 0.0469058067517784
3439 0.0494476804738044
3438 0.0503177201127628
3437 0.0511993131970683
3436 0.0514617405861277
3435 0.0514617405861277
3434 0.050577724367637
3433 0.0497052662027677
3432 0.0488442587749427
3431 0.0474177974064709
3430 0.045769242673502
3429 0.0441643858954192
3428 0.0426023844724781
3427 0.0405877379384534
3426 0.0391241847168779
3425 0.0377006177478718
3424 0.0365609202401068
3423 0.03520978345256
3422 0.034548367317878
3421 0.0338962534963912
3420 0.0332533431588189
3419 0.0332533431588189
3418 0.0326195379394636
3417 0.0326195379394636
3416 0.0332533431588189
3415 0.0332533431588189
3414 0.0338962534963912
3413 0.0341403067967177
3412 0.0347950363212532
3411 0.0354590801062966
3410 0.0368155070073333
3409 0.0375080894825115
3408 0.0382103849164561
3407 0.0396445179305729
3406 0.0403765581259697
3405 0.0418710952552112
3404 0.0434069246949069
3403 0.0439089211678522
3402 0.0455027148933551
3401 0.0471398424722089
3400 0.0488211433054448
3399 0.0505474608622756
3398 0.0523196422204553
3397 0.0541385375886039
3396 0.0560049998104178
3395 0.0582463744677662
3394 0.060216206265436
3393 0.0622361767523333
3392 0.0632652309363275
3391 0.0657213638508375
3390 0.0678762634008315
3389 0.070084276235615
3388 0.0712084646654949
3387 0.07349773328857
3386 0.0758422257158668
3385 0.0770354430678405
3384 0.0794643422259615
3383 0.0807002320276615
3382 0.0832154096077871
3381 0.0844949033201014
3380 0.0870982124491298
3379 0.0884222313209415
3378 0.0915497623803688
3377 0.0943096461065063
3376 0.0975917617258204
3375 0.0990287677435666
3374 0.101949965234036
3373 0.104934705368134
3372 0.107983732178677
3371 0.112679406113689
3370 0.115892319549023
3369 0.120837125555102
3368 0.124218272759934
3367 0.129418545524135
3366 0.132972017389503
3365 0.138433680627963
3364 0.144054830334287
3363 0.147358410234902
3362 0.153782816188725
3361 0.157801277783732
3360 0.163966782758847
3359 0.168169615575364
3358 0.172446905756547
3357 0.176799015511008
3356 0.18122627714209
3355 0.185728992083154
3354 0.188008730065113
3353 0.192625120265116
3352 0.194399161714846
3351 0.196754243759007
3350 0.199128454076242
3349 0.201521813490489
3348 0.206366051723287
3347 0.208816960919168
3346 0.211287079908363
3345 0.213776418069197
3344 0.216284982403899
3343 0.218812777510006
3342 0.221926092280974
3341 0.227077580997784
3340 0.229682052790435
3339 0.234948407969614
3338 0.240291224195767
3337 0.245710359451186
3336 0.251205628997243
3335 0.256776804557079
3334 0.262423613517915
3333 0.268145738154217
3332 0.273942814872994
3331 0.283339695336312
3330 0.289318196762283
3329 0.295369633690295
3328 0.301493422820036
3327 0.308246819385538
3326 0.317664218497039
3325 0.324029540104114
3324 0.330463564884554
3323 0.336965428305818
3322 0.340241515191007
3321 0.346326313325245
3320 0.353001889116238
3319 0.356364052175903
3318 0.36313645049566
3317 0.366546404491093
3316 0.370458421500989
3315 0.373894711322458
3314 0.377346237499824
3313 0.377346237499824
3312 0.377346237499824
3311 0.377346237499824
3310 0.377346237499824
3309 0.377346237499824
3308 0.373894711322458
3307 0.36997200195394
3306 0.366546404491093
3305 0.359742285622512
3304 0.356364052175903
3303 0.349655932067488
3302 0.346326313325245
3301 0.339716603353495
3300 0.333173751343712
3299 0.329927692717276
3298 0.323486872879731
3297 0.320292326975554
3296 0.313955477230431
3295 0.310272949442516
3294 0.307145773091899
3293 0.300945076124737
3292 0.294816480199812
3291 0.288760613563379
3290 0.282778054895005
3289 0.273942814872994
3288 0.265275283017489
3287 0.256776804557079
3286 0.248448490675314
3285 0.240291224195767
3284 0.232305665519103
3283 0.224492258790667
3282 0.219379085070242
3281 0.216851238277147
3280 0.214342550565219
3279 0.211853018170777
3278 0.211853018170777
3277 0.211853018170777
3276 0.214342550565219
3275 0.219379085070242
3274 0.221926092280974
3273 0.229682052790435
3272 0.234948407969614
3271 0.240291224195767
3270 0.248448490675314
3269 0.251205628997243
3268 0.256776804557079
3267 0.259590773653932
3266 0.265275283017489
3265 0.268145738154217
3264 0.271034932039718
3263 0.271034932039718
3262 0.273942814872994
3261 0.276869333918143
3260 0.279814433482472
3259 0.282778054895005
3258 0.285760136485416
3257 0.288760613563379
3256 0.291779418398352
3255 0.297871725097933
3254 0.303505758475815
3253 0.309747429423247
3252 0.319760705883953
3251 0.326173432318466
3250 0.332655240015936
3249 0.33920524483905
3248 0.345822510097716
3247 0.349156058212061
3246 0.352506046175294
3245 0.355872341960544
3244 0.359254810193271
3243 0.36265331214296
3242 0.36265331214296
3241 0.366067705715469
3240 0.369497845446014
3239 0.369497845446014
3238 0.372943582492829
3237 0.372943582492829
3236 0.376404764631473
3235 0.379881236249826
3234 0.383372838343758
3233 0.386441250086998
3232 0.389967613210824
3231 0.393508710096918
3230 0.397064368170677
3229 0.40063441143291
3228 0.404218660459561
3227 0.408223636290563
3226 0.411830150122685
3225 0.415450210384936
3224 0.415450210384936
3223 0.415450210384936
3222 0.415450210384936
3221 0.419083624069936
3220 0.419083624069936
3219 0.422730194777633
3218 0.426389722719679
3217 0.430062004724572
3216 0.433746834243568
3215 0.441153292783573
3214 0.452351729845176
3213 0.459873915406776
3212 0.46743919572254
3211 0.478863736394943
3210 0.49037429034377
3209 0.501963947141046
3208 0.513625540910584
3207 0.525163932202805
3206 0.537134630248839
3205 0.545017644692652
3204 0.552920026760982
3203 0.556877719112253
3202 0.560839334024101
3201 0.560839334024101
3200 0.560839334024101
3199 0.556877719112253
3198 0.552920026760982
3197 0.548966566390374
3196 0.54107356559927
3195 0.537134630248839
3194 0.529273381180382
3193 0.521436249572426
3192 0.517527450125128
3191 0.509730802688832
3190 0.50584351320027
3189 0.501963947141046
3188 0.501963947141046
3187 0.501963947141046
3186 0.501963947141046
3185 0.501963947141046
3184 0.505614325885872
3183 0.509509729312497
3182 0.513412671643419
3181 0.517527450125128
3180 0.521436249572426
3179 0.525351655498234
3178 0.529273381180382
3177 0.533201136955878
3176 0.537134630248839
3175 0.54107356559927
3174 0.545017644692652
3173 0.552920026760982
3172 0.556877719112253
3171 0.564804559382281
3170 0.576718737311003
3169 0.584673734698401
3168 0.596618023635129
3167 0.604584867624856
3166 0.616534347999028
3165 0.628474624679398
3164 0.640396249447908
3163 0.652160075981062
3162 0.660046237234957
3161 0.667912397355572
3160 0.675755621722099
3159 0.679667709680739
3158 0.683572953039916
3157 0.687470978884415
3156 0.691361413104506
3155 0.695243880453137
3154 0.695243880453137
3153 0.694980568503914
3152 0.698842835182632
3151 0.702696351260986
3150 0.706540740293459
3149 0.710375624947754
3148 0.714200627064299
3147 0.718015367716261
3146 0.725612545446277
3145 0.73354712573937
3144 0.737316924817196
3143 0.744818527413686
3142 0.752266904006056
3141 0.759658973409352
3140 0.76333292960078
3139 0.766991653024114
3138 0.774261860934827
3137 0.777872575610477
3136 0.781466518028086
3135 0.784491046525581
3134 0.784491046525581
3133 0.788038256786473
3132 0.787456656710436
3131 0.783921794376583
3130 0.780369425098881
3129 0.77679992824369
3128 0.77374579931753
3127 0.766499774751173
3126 0.759191301082697
3125 0.755514603682629
3124 0.748549561476846
3123 0.741074186904093
3122 0.73354712573937
3121 0.725971453159215
3120 0.722166346842083
3119 0.714200627064299
3118 0.710375624947754
3117 0.710375624947754
3116 0.710375624947754
3115 0.710686539636055
3114 0.714523508189584
3113 0.718350237778503
3112 0.722166346842083
3111 0.729765173910264
3110 0.737699138969725
3109 0.745224270118869
3108 0.752696202588769
3107 0.76379757842416
3106 0.771122961602844
3105 0.778384304044117
3104 0.785578512426433
3103 0.793243377542612
3102 0.796789433608576
3101 0.800316759423965
3100 0.803824969654112
3099 0.803824969654112
3098 0.800316759423965
3097 0.793243377542612
3096 0.782496691353836
3095 0.771595364807043
3094 0.760549886471096
3093 0.7456165065322
3092 0.730470439037581
3091 0.718986260268599
3090 0.711276596456843
3089 0.703527690758445
3088 0.695742609190059
3087 0.691837456550309
3086 0.691837456550309
3085 0.691837456550309
3084 0.695742609190059
3083 0.69963948089322
3082 0.707128397353478
3081 0.714835456752104
3080 0.726318460031495
3079 0.737699138969725
3078 0.74896707969436
3077 0.760111839302439
3076 0.774761831361123
3075 0.785578512426433
3074 0.799753185397444
3073 0.810185065162501
3072 0.820434812250335
3071 0.830492203231727
3070 0.840347111355969
3069 0.846799609647161
3068 0.853154727167719
3067 0.859409556493892
3066 0.865561220367476
3065 0.871606873890015
3064 0.874589067124568
3063 0.880470447089826
3062 0.883368945166163
3061 0.889079854488229
3060 0.894673740879991
3059 0.89742597039651
3058 0.902839366397939
3057 0.905499887320245
3056 0.908129198135036
3055 0.909757424307975
3054 0.912313980833445
3053 0.912313980833445
3052 0.914838490550709
3051 0.914838490550709
3050 0.914838490550709
3049 0.912313980833445
3048 0.912313980833445
3047 0.909757424307975
3046 0.910726983635976
3045 0.908129198135036
3044 0.905499887320245
3043 0.902839366397939
3042 0.900147953655197
3041 0.899216917173129
3040 0.896504794158159
3039 0.896504794158159
3038 0.893762512817053
3037 0.893762512817053
3036 0.896504794158159
3035 0.896504794158159
3034 0.896504794158159
3033 0.899216917173129
3032 0.90189855955464
3031 0.904549401935616
3030 0.904549401935616
3029 0.907169127952484
3028 0.909757424307975
3027 0.912313980833445
3026 0.914838490550709
3025 0.91382108070994
3024 0.91382108070994
3023 0.916303806512536
3022 0.916303806512536
3021 0.91382108070994
3020 0.914838490550709
3019 0.912313980833445
3018 0.909757424307975
3017 0.907169127952484
3016 0.904549401935616
3015 0.90189855955464
3014 0.899216917173129
3013 0.896504794158159
3012 0.893762512817053
3011 0.893762512817053
3010 0.893762512817053
3009 0.893762512817053
3008 0.893762512817053
3007 0.896504794158159
3006 0.89825822599408
3005 0.904549401935616
3004 0.909757424307975
3003 0.914838490550709
3002 0.923232222741138
3001 0.930337597543705
3000 0.937135074427383
2999 0.943617168182985
2998 0.949776705747173
2997 0.955606839420752
2996 0.959307364116196
2995 0.96457419783695
2994 0.967893560019356
2993 0.971057482794322
2992 0.97285767760865
2991 0.975695110904499
2990 0.977054144480107
2989 0.978373159496511
2988 0.978373159496511
2987 0.978373159496511
2986 0.978277000798311
2985 0.976912729669916
2984 0.9755084627348
2983 0.974064377145349
2982 0.972580654897861
2981 0.969495052403211
2980 0.967893560019356
2979 0.96457419783695
2978 0.962856743885279
2977 0.96110105954781
2976 0.959307364116196
2975 0.957475881348113
2974 0.955606839420752
2973 0.955606839420752
2972 0.955606839420752
2971 0.957475881348113
2970 0.959307364116196
2969 0.96110105954781
2968 0.96457419783695
2967 0.967893560019356
2966 0.973746515565521
2965 0.976685236926404
2964 0.980793170699509
2963 0.984536796554011
2962 0.987911838636517
2961 0.991831923511609
2960 0.994332634377162
2959 0.996453521391634
2958 0.998192141199825
2957 0.998284064456572
2956 0.999248917262976
2955 0.999828274420534
2954 1
2953 1
2952 0.999828274420534
2951 0.999678038616724
2950 0.999484911313458
2949 0.999248917262976
2948 0.998970086707242
2947 0.998970086707242
2946 0.998970086707242
2945 0.998970086707242
2944 0.998970086707242
2943 0.998970086707242
2942 0.998970086707242
2941 0.998970086707242
2940 0.997667190436225
2939 0.997346811670093
2938 0.998648455371485
2937 0.998648455371485
2936 0.998284064456572
2935 0.997876960630209
2934 0.997876960630209
2933 0.998686373539278
2932 0.998192141199825
2931 0.997655208251431
2930 0.996453521391634
2929 0.995788921494819
2928 0.995081928985346
2927 0.994332634377162
2926 0.993541133553256
2925 0.991831923511609
2924 0.989684504131176
2923 0.988728843455858
2922 0.98773168955962
2921 0.986693169274321
2920 0.985613414602339
2919 0.984492562688601
2918 0.983330755791562
2917 0.983329672263031
2916 0.982081744178716
2915 0.982081744178716
2914 0.980793170699509
2913 0.979601103848752
2912 0.979601103848752
2911 0.979601103848752
2910 0.979601103848752
2909 0.979601103848752
2908 0.980884871467408
2907 0.98089047363962
2906 0.982088454999003
2905 0.984492562688601
2904 0.986693169274321
2903 0.98773168955962
2902 0.989684504131176
2901 0.990598549951116
2900 0.992301336627765
2899 0.994332634377162
2898 0.993836335311284
2897 0.99520276252265
2896 0.995822540313489
2895 0.996399920144786
2894 0.996934828187236
2893 0.996934828187236
2892 0.996934828187236
2891 0.995639853577579
2890 0.995639853577579
2889 0.995107025735036
2888 0.994531890441106
2887 0.993914521047374
2886 0.994540665991293
2885 0.993089860429315
2884 0.991470864504426
2883 0.989684504131176
2882 0.986693169274321
2881 0.984492562688601
2880 0.982128141253106
2879 0.978277000798311
2878 0.9755084627348
2877 0.969862286963029
2876 0.966710442734189
2875 0.961692800039183
2874 0.958156890774684
2873 0.953300845390023
2872 0.949480467494974
2871 0.945513741140261
2870 0.941402620817951
2869 0.940408587434632
2868 0.938255880403718
2867 0.933845146739942
2866 0.931587659858397
2865 0.929295792445136
2864 0.928002971785214
2863 0.925634417403997
2862 0.923232222741138
2861 0.920796679706565
2860 0.91832808372
2859 0.91582673365132
2858 0.912313980833445
2857 0.907169127952484
2856 0.90189855955464
2855 0.896504794158159
2854 0.890990398333696
2853 0.88249834966829
2852 0.873749771952615
2851 0.865561220367476
2850 0.853154727167719
2849 0.843585350265773
2848 0.833800167679619
2847 0.820434812250335
2846 0.810185065162501
2845 0.796237197050336
2844 0.785578512426433
2843 0.774261860934827
2842 0.766991653024114
2841 0.755970169760142
2840 0.752266904006056
2839 0.744818527413686
2838 0.741074186904093
2837 0.737316924817196
2836 0.737316924817196
2835 0.737316924817196
2834 0.737316924817196
2833 0.741074186904093
2832 0.744818527413686
2831 0.748549561476846
2830 0.752266904006056
2829 0.759191301082697
2828 0.762853152517948
2827 0.770130784662956
2826 0.77374579931753
2825 0.780926312427266
2824 0.784491046525581
2823 0.788038256786473
2822 0.795078582297258
2821 0.798570937325125
2820 0.802656480262719
2819 0.806122291596857
2818 0.809568274066501
2817 0.812994049016642
2816 0.81639923878044
2815 0.81639923878044
2814 0.81978346674791
2813 0.81978346674791
2812 0.823146357434662
2811 0.823146357434662
2810 0.823146357434662
2809 0.823809151049005
2808 0.823809151049005
2807 0.824451331365671
2806 0.824451331365671
2805 0.824451331365671
2804 0.825072786307388
2803 0.825072786307388
2802 0.825072786307388
2801 0.825072786307388
2800 0.825072786307388
2799 0.825072786307388
2798 0.825072786307388
2797 0.821676498910546
2796 0.821676498910546
2795 0.818258768645338
2794 0.81481997715295
2793 0.81481997715295
2792 0.811360507195895
2791 0.807880742587703
2790 0.807880742587703
2789 0.804381068122699
2788 0.79732353328273
2787 0.793766446769614
2786 0.786597575573443
2785 0.779358367214009
2784 0.772051940871421
2783 0.760973104279575
2782 0.745995247792729
2781 0.734620986050282
2780 0.719287508542213
2779 0.703785053351583
2778 0.688138309033393
2777 0.676323277579436
2776 0.672371721362314
2775 0.668414185578538
2774 0.664451044115427
2773 0.660482669387
2772 0.656632366897557
2771 0.652644505652796
2770 0.648652565727022
2769 0.640575221235613
2768 0.632588463086114
2767 0.624592449127789
2766 0.616613921598742
2765 0.608588759446962
2764 0.604575791208508
2763 0.59655080689519
2762 0.588571369195541
2761 0.580574409281579
2760 0.568508874555845
2759 0.552548115847453
2758 0.53286346858541
2757 0.509293613568353
2756 0.485997995571279
2755 0.463034533970916
2754 0.440456977692877
2753 0.418314776090139
2752 0.403817606028362
2751 0.389546299621583
2750 0.375512230404607
2749 0.365148710228042
2748 0.358319159336106
2747 0.351554524676789
2746 0.341065983349736
2745 0.331185365010443
2744 0.321460724581149
2743 0.308742158812461
2742 0.296312186934183
2741 0.284176141713214
2740 0.269426237250323
2739 0.257966872248857
2738 0.249572895907499
2737 0.238650038927797
2736 0.23066055689176
2735 0.228036084456449
2734 0.225430973139348
2733 0.225430973139348
2732 0.225430973139348
2731 0.228036084456449
2730 0.228036084456449
2729 0.225962616690182
2728 0.218263632579792
2727 0.210738362177064
2726 0.198581793082777
2725 0.189202422797958
2724 0.177907952797679
2723 0.167086906176618
2722 0.158767262459142
2721 0.148783702174265
2720 0.141124975619613
2719 0.133753302711901
2718 0.128410147687056
2717 0.123223774802602
2716 0.119852221773525
2715 0.116548714808927
2714 0.114922265114271
2713 0.114922265114271
2712 0.113312568715867
2711 0.113312568715867
2710 0.111719537469244
2709 0.110143082285452
2708 0.108583113159011
2707 0.105512268640048
2706 0.101027347521354
2705 0.0981171986900433
2704 0.0952699944267001
2703 0.0924849559680246
2702 0.0884222313209415
2701 0.0857891369499273
2700 0.0815507045762173
2699 0.0782427805203469
2698 0.0746630240245199
2697 0.0708345219065039
2696 0.06751106453063
2695 0.0643071401039325
2694 0.0622361767523333
2693 0.060216206265436
2692 0.0592250764095002
2691 0.0582463744677662
2690 0.0572799937275394
2689 0.0576159209316037
2688 0.0557138498376022
2687 0.054780873845857
2686 0.0538597962892127
2685 0.0526291780950951
2684 0.0508513747139685
2683 0.0499797324029052
2682 0.0491194554895447
2681 0.0482704385829294
2680 0.0474325765103334
2679 0.0466057643317851
2678 0.0466057643317851
2677 0.0466057643317851
2676 0.0466057643317851
2675 0.0466057643317851
2674 0.0466057643317851
2673 0.0466057643317851
2672 0.0457898973543115
2671 0.0449848711459027
2670 0.0449848711459027
2669 0.0441905815492
2668 0.0426337970149243
2667 0.0403765581259697
2666 0.0382103849164561
2665 0.0361325371797646
2664 0.0341403067967177
2663 0.0334947929522009
2662 0.0328583966640541
2661 0.0341403067967177
2660 0.0354590801062966
2659 0.0375080894825115
2658 0.0403765581259697
2657 0.0426337970149243
2656 0.0449848711459027
2655 0.0474325765103334
2654 0.0482704385829294
2653 0.0482704385829294
2652 0.0482704385829294
2651 0.0474325765103334
2650 0.0466057643317851
2649 0.0466057643317851
2648 0.0466057643317851
2647 0.0474325765103334
2646 0.0491194554895447
2645 0.0499797324029052
2644 0.0517344880171211
2643 0.0535355509036038
2642 0.0563258275336571
2641 0.0592250764095002
2640 0.0612198707881776
2639 0.0643071401039325
2638 0.06751106453063
2637 0.0697132440163942
2636 0.0719694001060625
2635 0.0754566950535623
2634 0.0778514967091073
2633 0.0803032287310773
2632 0.0840893948645753
2631 0.0880083220312737
2630 0.0920627680545156
2629 0.0976841946445472
2628 0.103557683931618
2627 0.108131919246839
2626 0.111263347725722
2625 0.114461180083227
2624 0.114461180083227
2623 0.112853918375994
2622 0.109689378272972
2621 0.10659087899285
2620 0.102065341645973
2619 0.0962554510190019
2618 0.0920627680545156
2617 0.0880083220312737
2616 0.0828127254808268
2615 0.0754566950535623
2614 0.0686054603152038
2613 0.060216206265436
2612 0.0517344880171211
2611 0.0452802352943856
2610 0.0389224940275259
2609 0.0357181091873609
2608 0.0337457000340833
2607 0.0331066215146844
2606 0.0331066215146844
2605 0.0343939088303001
2604 0.0363942978305224
2603 0.0391952947957602
2602 0.041399908612207
2601 0.0444830942322311
2600 0.0477365404808449
2599 0.0502923563421338
2598 0.0529505113590694
2597 0.0557138498376022
2596 0.0585852281721006
2595 0.0615675109048255
2594 0.0646635665811758
2593 0.0678762634008315
2592 0.070084276235615
2591 0.0723462485592032
2590 0.07349773328857
2589 0.07349773328857
2588 0.0746630240245199
2587 0.0758422257158668
2586 0.0770354430678405
2585 0.0782427805203469
2584 0.0807002320276615
2583 0.0819505534362941
2582 0.0844949033201014
2581 0.0870982124491298
2580 0.0884222313209415
2579 0.0897612945959089
2578 0.0911155028075924
2577 0.0924849559680246
2576 0.0924849559680246
2575 0.0911155028075924
2574 0.0897612945959089
2573 0.0870982124491298
2572 0.0857891369499273
2571 0.0832154096077871
2570 0.0819505534362941
2569 0.0798725578860216
2568 0.0798725578860216
2567 0.0786480457446974
2566 0.0786480457446974
2565 0.0786480457446974
2564 0.0798725578860216
2563 0.0811113885533507
2562 0.0823646406088658
2561 0.0836324165525343
2560 0.0862119481549771
2559 0.0888507952364653
2558 0.0915497623803688
2557 0.0943096461065063
2556 0.0971312340847001
2555 0.0985654106983024
2554 0.101027347521354
2553 0.102506266588475
2552 0.10400120890291
2551 0.105512268640048
2550 0.105512268640048
2549 0.105512268640048
2548 0.105973950549729
2547 0.104460239915711
2546 0.101481010600407
2545 0.0995643567733507
2544 0.0966857769171538
2543 0.0924849559680246
2542 0.0897612945959089
2541 0.0870982124491298
2540 0.0844949033201014
2539 0.0807002320276615
2538 0.0794643422259615
2537 0.0770354430678405
2536 0.0758422257158668
2535 0.0746630240245199
2534 0.0746630240245199
2533 0.0746630240245199
2532 0.0746630240245199
2531 0.0758422257158668
2530 0.0770354430678405
2529 0.0770354430678405
2528 0.0782427805203469
2527 0.0794643422259615
2526 0.0811113885533507
2525 0.0811113885533507
2524 0.0823646406088658
2523 0.0823646406088658
2522 0.0811113885533507
2521 0.0798725578860216
2520 0.0782427805203469
2519 0.0770354430678405
2518 0.0758422257158668
2517 0.07349773328857
2516 0.0723462485592032
2515 0.070084276235615
2514 0.0689735777177631
2513 0.0682546473973537
2512 0.0671675993276235
2511 0.0660937207087444
2510 0.0660937207087444
2509 0.0660937207087444
2508 0.0671675993276235
2507 0.0671675993276235
2506 0.0682546473973537
2505 0.0693549703216402
2504 0.0689735777177631
2503 0.0693549703216402
2502 0.0693549703216402
2501 0.0693549703216402
2500 0.0682546473973537
2499 0.0671675993276235
2498 0.0650329060302355
2497 0.0619277893389157
2496 0.0579641172088228
2495 0.0541959390571842
2494 0.0506165045945778
2493 0.0472190955405317
2492 0.0432181513293179
2491 0.0402060077060536
2490 0.0366659127568544
2489 0.0340060973306508
2488 0.0321075855375771
2487 0.0302887552675793
2486 0.0285470347069005
2485 0.0279831579886692
2484 0.0274274747156715
2483 0.0274274747156715
2482 0.0279831579886692
2481 0.0285470347069005
2480 0.0296997398514121
2479 0.030044790213268
2478 0.0312431958464757
2477 0.032476575860117
2476 0.0333642461940781
2475 0.0346570917269678
2474 0.0346570917269678
2473 0.0353173269908788
2472 0.0346570917269678
2471 0.0346570917269678
2470 0.0340060973306508
2469 0.032476575860117
2468 0.0318554661264415
2467 0.0308863380943477
2466 0.0296997398514121
2465 0.0285470347069005
2464 0.0274274747156715
2463 0.0263403203198476
2462 0.0258086664551558
2461 0.0252848405645387
2460 0.0247687526558593
2459 0.0242603132990347
2458 0.0242603132990347
2457 0.0242603132990347
2456 0.0247687526558593
2455 0.0247687526558593
2454 0.0252848405645387
2453 0.0252848405645387
2452 0.0258086664551558
2451 0.0263403203198476
2450 0.0263403203198476
2449 0.026879892707075
2448 0.0274274747156715
2447 0.0274274747156715
2446 0.0279831579886692
2445 0.0279831579886692
2444 0.0279831579886692
2443 0.0279831579886692
2442 0.0277498626854387
2441 0.0277498626854387
2440 0.0277498626854387
2439 0.0279831579886692
2438 0.0279831579886692
2437 0.0274274747156715
2436 0.0274274747156715
2435 0.026879892707075
2434 0.0263403203198476
2433 0.0263403203198476
2432 0.0255857973177698
2431 0.0250645385349761
2430 0.0245510016264404
2429 0.0240450970059249
2428 0.0242603132990347
2427 0.0237594336315499
2426 0.0232660253637546
2425 0.0227800007839476
2424 0.0227800007839476
2423 0.0227800007839476
2422 0.0223012727632502
2421 0.0223012727632502
2420 0.0223012727632502
2419 0.0220960298678777
2418 0.0220960298678777
2417 0.0220960298678777
2416 0.0220960298678777
2415 0.0220960298678777
2414 0.0216269631526955
2413 0.0216269631526955
2412 0.0218297547602709
2411 0.0213653608255643
2410 0.020908005605887
2409 0.020908005605887
2408 0.0204576043482515
2407 0.0200140729037823
2406 0.0193865342476572
2405 0.018958839655892
2404 0.0185377484133902
2403 0.0181231787407752
2402 0.0178965604010925
2401 0.0178965604010925
2400 0.0174925149764656
2399 0.0174925149764656
2398 0.0174925149764656
2397 0.0174925149764656
2396 0.0178965604010925
2395 0.0178965604010925
2394 0.0183069836235263
2393 0.0187238650978003
2392 0.0191472859011659
2391 0.0195773277313758
2390 0.0198209145909641
2389 0.02026206370798
2388 0.0207100652375588
2387 0.0211650034318468
2386 0.0216269631526955
2385 0.0220960298678777
2384 0.0227800007839476
2383 0.0232660253637546
2382 0.0237594336315499
2381 0.0237594336315499
2380 0.0242603132990347
2379 0.0240450970059249
2378 0.0242603132990347
2377 0.0240450970059249
2376 0.0240450970059249
2375 0.0240450970059249
2374 0.0240450970059249
2373 0.0235467356609132
2372 0.0235467356609132
2371 0.0232660253637546
2370 0.0223012727632502
2369 0.0218297547602709
2368 0.0213653608255643
2367 0.0204576043482515
2366 0.0195773277313758
2365 0.0187238650978003
2364 0.0178965604010925
2363 0.0167032388356355
2362 0.0153970575534624
2361 0.0143186273887977
2360 0.0134465706919198
2359 0.0124619953128439
2358 0.0112223670747537
2357 0.0100622707857394
2356 0.00897743661145712
2355 0.00772099147536081
2354 0.00667966204661502
2353 0.005612249576504
2352 0.00463512468008005
2351 0.00374171366714822
2350 0.00292581352923041
2349 0.00218158172336635
2348 0.0015035251016849
2347 0.000886488137184352
2346 0.000325640586543961
