181032.796890538 4110993.2436732
3377 0
3376 0.00040572864200638
3375 0.00054772177515045
3374 0.0008473464926988
3373 0.00116894153906457
3372 0.0015139116065109
3371 0.00207844759270681
3370 0.00248848507015305
3369 0.00315823832678576
3368 0.00364379049435728
3367 0.00443539035293565
3366 0.00500820370983744
3365 0.00594029574065551
3364 0.00696651963387468
3363 0.00735677951782931
3362 0.00890793148567846
3361 0.00977278081141895
3360 0.0111731081877057
3359 0.0121795355439871
3358 0.0132477384632268
3357 0.0143808128493897
3356 0.0155819592536506
3355 0.0168544828560807
3354 0.0175185725135329
3353 0.0189045871467374
3352 0.019026121032188
3351 0.0197557782525156
3350 0.0205061861773461
3349 0.0212778142108559
3348 0.0228866402410231
3347 0.0237248088868347
3346 0.0245861388049519
3345 0.0254711308360028
3344 0.0263802918825564
3343 0.0273141348181588
3342 0.0290344855670737
3341 0.0310616132149614
3340 0.0321153318775345
3339 0.0343057640320498
3338 0.0366104942605341
3337 0.0390339543722475
3336 0.0415806465823524
3335 0.0442551376418795
3334 0.0470620524295916
3333 0.0500060669949499
3332 0.0530919010428983
3331 0.0591696836747771
3330 0.0626672791254854
3329 0.0663234398600957
3328 0.0701428924973782
3327 0.0754892362268081
3326 0.0818499894544871
3325 0.0863135798393817
3324 0.0909608733720251
3323 0.0957962770606124
3322 0.0982858747893004
3321 0.101842774514623
3320 0.107134770946445
3319 0.10985694886094
3318 0.11545620972016
3317 0.118334284531083
3316 0.122942518835731
3315 0.125941213589928
3314 0.128993427522178
3313 0.128993427522178
3312 0.128993427522178
3311 0.128993427522178
3310 0.128993427522178
3309 0.128993427522178
3308 0.125941213589928
3307 0.12126530103613
3306 0.118334284531083
3305 0.112630594943497
3304 0.10985694886094
3303 0.10446355197683
3302 0.101842774514623
3301 0.0967504361448847
3300 0.0918534700046457
3299 0.0894768840221319
3298 0.084864721949041
3297 0.082628017341922
3296 0.078290507773076
3295 0.0748527616874102
3294 0.0728125333340908
3293 0.0688611929493005
3292 0.0650780207979511
3291 0.061458216913807
3290 0.0579969734281827
3289 0.0530919010428983
3288 0.0485166281897609
3287 0.0442551376418795
3286 0.0402916124831811
3285 0.0366104942605341
3284 0.0331965347837284
3283 0.0300348417377471
3282 0.0280600181351037
3281 0.0271109183089775
3280 0.0261866705073974
3279 0.0252867648099304
3278 0.0252867648099304
3277 0.0252867648099304
3276 0.0261866705073974
3275 0.0280600181351037
3274 0.0290344855670737
3273 0.0321153318775345
3272 0.0343057640320498
3271 0.0366104942605341
3270 0.0402916124831811
3269 0.0415806465823524
3268 0.0442551376418795
3267 0.0456417509306113
3266 0.0485166281897609
3265 0.0500060669949499
3264 0.0515309601138184
3263 0.0515309601138184
3262 0.0530919010428983
3261 0.0546894852406987
3260 0.0563243098528391
3259 0.0579969734281827
3258 0.0597080756259505
3257 0.061458216913807
3256 0.0632479982569124
3255 0.066948885528148
3254 0.0695569955887513
3253 0.0735587220836116
3252 0.0812388111311285
3251 0.0857232049521983
3250 0.0903946545445389
3249 0.0952577405369938
3248 0.100316959919494
3247 0.102921498524102
3246 0.105576711589094
3245 0.108283131200778
3244 0.111041281424362
3243 0.113851677813602
3242 0.113851677813602
3241 0.116714826914174
3240 0.119631225761036
3239 0.119631225761036
3238 0.122601361370044
3237 0.122601361370044
3236 0.125625710224117
3235 0.128704737754225
3234 0.131838897815523
3233 0.133370783215285
3232 0.136604012810723
3231 0.139894064858312
3230 0.143241357774207
3229 0.146646295804847
3228 0.150109268469489
3227 0.155357176076976
3226 0.158947169919373
3225 0.162595771665521
3224 0.162595771665521
3223 0.162595771665521
3222 0.162595771665521
3221 0.166303289774139
3220 0.166303289774139
3219 0.170070015144579
3218 0.173896220562891
3217 0.177782160148073
3216 0.181728068798983
3215 0.189800633482518
3214 0.20236395469514
3213 0.211044004370959
3212 0.219968392200147
3211 0.233813435097444
3210 0.248207554970713
3209 0.263147558319522
3208 0.278627982217043
3207 0.292914566560137
3206 0.311176258813291
3205 0.322483669935497
3204 0.334013065801955
3203 0.339859467921491
3202 0.345759451096841
3201 0.345759451096841
3200 0.345759451096841
3199 0.339859467921491
3198 0.334013065801955
3197 0.328220919451834
3196 0.316801924897927
3195 0.311176258813291
3194 0.300095297163674
3193 0.289244727938074
3192 0.283906932399708
3191 0.27340822808889
3190 0.268247990141178
3189 0.263147558319522
3188 0.263147558319522
3187 0.263147558319522
3186 0.263147558319522
3185 0.263147558319522
3184 0.266470625696095
3183 0.271639236962007
3182 0.276868260501627
3181 0.283906932399708
3180 0.289244727938074
3179 0.294640987181631
3178 0.300095297163674
3177 0.305607213251707
3176 0.311176258813291
3175 0.316801924897927
3174 0.322483669935497
3173 0.334013065801955
3172 0.339859467921491
3171 0.351712306754577
3170 0.369880511124739
3169 0.382242479692208
3168 0.401142226763993
3167 0.41396843429216
3166 0.433525879194448
3165 0.453437080332738
3164 0.473667983795515
3163 0.494992764664131
3162 0.508712732018366
3161 0.522524857116893
3160 0.5364164172474
3159 0.543387880399253
3158 0.550374218802417
3157 0.55737371240229
3156 0.564384613880698
3155 0.571405149266545
3154 0.571405149266545
3153 0.571639534998165
3152 0.578610744132511
3151 0.585587197160227
3150 0.59256706639252
3149 0.59954850095944
3148 0.606529627538092
3147 0.613508551104643
3146 0.627452105277332
3145 0.64173238822322
3144 0.648734879616815
3143 0.662697381597503
3142 0.676589476175922
3141 0.690394442958699
3140 0.697258972522644
3139 0.704095360830124
3138 0.717675141013411
3137 0.724414226775145
3136 0.731116561253951
3135 0.736484324004838
3134 0.736484324004838
3133 0.743038721416109
3132 0.741630578337765
3131 0.735145082867458
3130 0.728618345409624
3129 0.722052465758615
3128 0.7165826446799
3127 0.703137428209415
3126 0.689570053794114
3125 0.682745820153092
3124 0.669653269752764
3123 0.655723895228204
3122 0.64173238822322
3121 0.627695108718187
3120 0.62066434156527
3119 0.606529627538092
3118 0.59954850095944
3117 0.59954850095944
3116 0.59954850095944
3115 0.599547253974082
3114 0.606588462468789
3113 0.61362813876473
3112 0.62066434156527
3111 0.634718458049965
3110 0.649138091514599
3109 0.663227226886863
3108 0.677247766926865
3107 0.698112790072561
3106 0.711887166752282
3105 0.725532723258382
3104 0.739031908606496
3103 0.75370672829597
3102 0.760373103681721
3101 0.766991832289154
3100 0.773560665157083
3099 0.773560665157083
3098 0.766991832289154
3097 0.75370672829597
3096 0.733444206238455
3095 0.712833702078587
3094 0.691935439074658
3093 0.663726275404992
3092 0.635249783893472
3091 0.613798034240466
3090 0.599482582968053
3089 0.585174225670764
3088 0.570888410086081
3087 0.56375867198696
3086 0.56375867198696
3085 0.56375867198696
3084 0.570888410086081
3083 0.578027550333158
3082 0.59242577574448
3081 0.606624945834796
3080 0.627912279883855
3079 0.649138091514599
3078 0.670247126363755
3077 0.691182746011233
3076 0.718727141987576
3075 0.739031908606496
3074 0.765520563231237
3073 0.784871387035248
3072 0.803713994489275
3071 0.821989245624719
3070 0.839638745331334
3069 0.851029068910482
3068 0.86209910021024
3067 0.872832481442192
3066 0.883213204109834
3065 0.893225648630525
3064 0.898089001429408
3063 0.907520688637859
3062 0.912085402928433
3061 0.920903765618291
3060 0.929296029876017
3059 0.933328256017096
3058 0.941056987874039
3057 0.944750448226796
3056 0.948328009192219
3055 0.94818825822022
3054 0.951489573498924
3053 0.951489573498924
3052 0.954672216114835
3051 0.954672216114835
3050 0.954672216114835
3049 0.951489573498924
3048 0.951489573498924
3047 0.94818825822022
3046 0.951788251403521
3045 0.948328009192219
3044 0.944750448226796
3043 0.941056987874039
3042 0.937249089602059
3041 0.933823027408894
3040 0.929948784559044
3039 0.929948784559044
3038 0.925964332604482
3037 0.925964332604482
3036 0.929948784559044
3035 0.929948784559044
3034 0.929948784559044
3033 0.933823027408894
3032 0.937585548805768
3031 0.941234875847151
3030 0.941234875847151
3029 0.944769576036577
3028 0.94818825822022
3027 0.951489573498924
3026 0.954672216114835
3025 0.950916266574754
3024 0.950916266574754
3023 0.953941035545056
3022 0.953941035545056
3021 0.950916266574754
3020 0.954672216114835
3019 0.951489573498924
3018 0.94818825822022
3017 0.944769576036577
3016 0.941234875847151
3015 0.937585548805768
3014 0.933823027408894
3013 0.929948784559044
3012 0.925964332604482
3011 0.925964332604482
3010 0.925964332604482
3009 0.925964332604482
3008 0.925964332604482
3007 0.929948784559044
3006 0.930323151781459
3005 0.941234875847151
3004 0.94818825822022
3003 0.954672216114835
3002 0.967283066374779
3001 0.975091001544964
3000 0.981746763651645
2999 0.98722605631429
2998 0.991508794587057
2997 0.994579227611304
2996 0.995946905179198
2995 0.996973893561807
2994 0.996973893561807
2993 0.996426035121467
2992 0.991199589805347
2991 0.989579921961068
2990 0.988568969569182
2989 0.987424468041506
2988 0.987424468041506
2987 0.987424468041506
2986 0.992667623819107
2985 0.993691241345722
2984 0.994579227611304
2983 0.995331218418911
2982 0.995946905179198
2981 0.99676841146661
2980 0.996973893561807
2979 0.996973893561807
2978 0.99676841146661
2977 0.996426035121467
2976 0.995946905179198
2975 0.995331218418911
2974 0.994579227611304
2973 0.994579227611304
2972 0.994579227611304
2971 0.995331218418911
2970 0.995946905179198
2969 0.996426035121467
2968 0.996973893561807
2967 0.996973893561807
2966 1
2965 0.99861559266496
2964 0.995507657706959
2963 0.991172741151179
2962 0.985626914914963
2961 0.976384883991548
2960 0.968100698589189
2959 0.958690349599772
2958 0.948188013278053
2957 0.933328256017096
2956 0.920903765618291
2955 0.907520688637859
2954 0.898089001429408
2953 0.888266421098624
2952 0.878067910896248
2951 0.872832481442192
2950 0.867508881269124
2949 0.86209910021024
2948 0.85660515117583
2947 0.85660515117583
2946 0.85660515117583
2945 0.85660515117583
2944 0.85660515117583
2943 0.85660515117583
2942 0.85660515117583
2941 0.85660515117583
2940 0.854109581538694
2939 0.848595610759759
2938 0.851029068910482
2937 0.851029068910482
2936 0.845372908743173
2935 0.839638745331334
2934 0.839638745331334
2933 0.836012606119033
2932 0.830065481754731
2931 0.824046260335266
2930 0.81180024835235
2929 0.805577849955344
2928 0.799292136235911
2927 0.792945328586533
2926 0.786539656192762
2925 0.773560665157083
2924 0.765520563231237
2923 0.758967642496219
2922 0.752367084603315
2921 0.745721102551133
2920 0.739031908606496
2919 0.732301713104142
2918 0.725532723258382
2917 0.719738806340842
2916 0.712833702078587
2915 0.712833702078587
2914 0.705896630090646
2913 0.70501498840789
2912 0.70501498840789
2911 0.70501498840789
2910 0.70501498840789
2909 0.70501498840789
2908 0.711887166752282
2907 0.717675141013411
2906 0.724414226775145
2905 0.732301713104142
2904 0.745721102551133
2903 0.752367084603315
2902 0.765520563231237
2901 0.772023634289351
2900 0.784871387035248
2899 0.792945328586533
2898 0.797493256815842
2897 0.809871686443876
2896 0.815964158172349
2895 0.821989245624719
2894 0.827944796476791
2893 0.827944796476791
2892 0.827944796476791
2891 0.825765276124003
2890 0.825765276124003
2889 0.8198743920762
2888 0.813914367905584
2887 0.807887317681965
2886 0.803713994489275
2885 0.791211657122123
2884 0.778474644852677
2883 0.765520563231237
2882 0.745721102551133
2881 0.732301713104142
2880 0.718727141987576
2879 0.698112790072561
2878 0.684227020536468
2877 0.662697381597503
2876 0.648734879616815
2875 0.627695108718187
2874 0.61362813876473
2873 0.59954850095944
2872 0.585587197160227
2871 0.571639534998165
2870 0.557720039058627
2869 0.550374218802417
2868 0.543387880399253
2867 0.529461521553305
2866 0.522524857116893
2865 0.515608058799523
2864 0.507995463280334
2863 0.501075858240534
2862 0.494181797336553
2861 0.487314807051651
2860 0.480476381847967
2859 0.473667983795515
2858 0.467877751813888
2857 0.454505671581929
2856 0.44127165827518
2855 0.428185890379212
2854 0.415258011344826
2853 0.396181999888294
2852 0.377510024769355
2851 0.357717292270589
2850 0.334013065801955
2849 0.316801924897927
2848 0.300095297163674
2847 0.278627982217043
2846 0.263147558319522
2845 0.243348657964969
2844 0.229137317750585
2843 0.217328683502289
2842 0.208523977255536
2841 0.195769033749486
2840 0.191637605774953
2839 0.183554295927188
2838 0.179602078215796
2837 0.175709227307963
2836 0.175709227307963
2835 0.175709227307963
2834 0.175709227307963
2833 0.179602078215796
2832 0.183554295927188
2831 0.1875660790093
2830 0.191637605774953
2829 0.201844264323193
2828 0.206098525992455
2827 0.214785678381325
2826 0.219218652232466
2825 0.228263425926917
2824 0.232875165141629
2823 0.237546390569654
2822 0.247066900253796
2821 0.251915918963829
2820 0.254959218256557
2819 0.259932927342205
2818 0.264966056596611
2817 0.270058362342928
2816 0.275209571914537
2815 0.275209571914537
2814 0.280419383254007
2813 0.280419383254007
2812 0.285687464524624
2811 0.285687464524624
2810 0.285687464524624
2809 0.283906932399708
2808 0.283906932399708
2807 0.282157388024108
2806 0.282157388024108
2805 0.282157388024108
2804 0.28044122010827
2803 0.28044122010827
2802 0.28044122010827
2801 0.28044122010827
2800 0.28044122010827
2799 0.28044122010827
2798 0.28044122010827
2797 0.275142587483614
2796 0.275142587483614
2795 0.269904947415846
2794 0.264728596270666
2793 0.264728596270666
2792 0.259613799466396
2791 0.254560791914284
2790 0.254560791914284
2789 0.249569778471456
2788 0.239774405872894
2787 0.234970310402176
2786 0.225549748633013
2785 0.216379635961887
2784 0.207459934020358
2783 0.194548817297982
2782 0.178203040263931
2781 0.166588667419191
2780 0.151949084283247
2779 0.138256924354346
2778 0.125486777044741
2777 0.116496901594625
2776 0.113609626105513
2775 0.11077617185273
2774 0.107996011838629
2773 0.105268609909001
2772 0.101169887313033
2771 0.0985619639283638
2770 0.0960053334192649
2769 0.092403629900531
2768 0.0876072991878748
2767 0.0830037634457365
2766 0.0773278598632427
2765 0.0731294696661664
2764 0.0710975229849299
2763 0.0671649947727133
2762 0.0645440956261883
2761 0.0609140525672248
2760 0.0547143980935651
2759 0.0484570152485304
2758 0.042340731474185
2757 0.0348966764308371
2756 0.0285119616005641
2755 0.0230672499740392
2754 0.0184506032043675
2753 0.0145582482666792
2752 0.0123183755758898
2751 0.0103319099753909
2750 0.00857456193075092
2749 0.00739326588429645
2748 0.00666584339828228
2747 0.00598356589354412
2746 0.00477162341012531
2745 0.00393807197544507
2744 0.00318433132772116
2743 0.00229198596901652
2742 0.0015150507438301
2741 0.000840258265058172
2740 0.000122246981713792
