-464487.494897304 1983740.58331841
1605 0.000148654886247066
1604 0.000148654886247066
1603 0.000148654886247066
1602 0
1588 0
1587 0.000695700676379916
1586 0.00172560124202151
1585 0.00322635696195825
1584 0.00537878164167177
1583 0.0075592909976183
1582 0.0116102041172566
1581 0.0140633000458964
1580 0.0154374308284713
1579 0.0169184516960028
1578 0.0185130843558501
1577 0.0202283266862769
1576 0.0184036866927049
1575 0.0184036866927049
1574 0.0184036866927049
1573 0.0167941725807286
1572 0.0185130843558501
1571 0.0185130843558501
1570 0.0185130843558501
1569 0.020414290601396
1568 0.0222418153699959
1567 0.0242012455416379
1566 0.0263000399079693
1565 0.028444877819331
1564 0.0334785111083155
1563 0.0392203147643317
1562 0.0528029784429217
1561 0.0653680944150694
1560 0.0802155652094811
1559 0.0868339862323334
1558 0.105627378977014
1557 0.107580103336004
1556 0.114706697943775
1555 0.114706697943775
1554 0.114706697943775
1553 0.100798214139557
1552 0.0927829249503986
1551 0.0857157560507961
1550 0.0700510815029524
1549 0.0567534820915937
1548 0.0455687072675796
1547 0.0391619488309685
1546 0.0362463102592318
1545 0.0335107694617483
1544 0.0335107694617483
1543 0.0362463102592318
1542 0.0422664402976219
1541 0.0565300894198664
1540 0.074383314979275
1539 0.101573838256938
1538 0.136461937854509
1537 0.179454791741371
1536 0.224803178449276
1535 0.285437315660619
1534 0.340249204632358
1533 0.4157592792108
1532 0.480669580595087
1531 0.549314177330047
1530 0.599367168159209
1529 0.649170004190019
1528 0.697941983079767
1527 0.750098480349196
1526 0.781052236833092
1525 0.810545448229685
1524 0.838321212001592
1523 0.851486959189631
1522 0.876224196676943
1521 0.88773836171842
1520 0.898646415602549
1519 0.929967287288497
1518 0.939277650138239
1517 0.959701816341044
1516 0.975201175467629
1515 0.994079331153763
1514 1
1513 0.996256547094821
1512 0.999364823967884
1511 0.988099950319802
1510 0.989384579958377
1509 0.97596278852272
1508 0.975551923738463
1507 0.975551923738463
1506 0.974320365541999
1505 0.974320365541999
1504 0.974320365541999
1503 0.975551923738463
1502 0.975551923738463
1501 0.97596278852272
1500 0.975551923738463
1499 0.974320365541999
1498 0.972271218048347
1497 0.969409640295142
1496 0.965742824600951
1495 0.961279966445091
1494 0.961279966445091
1493 0.956032226045474
1492 0.950012681859175
1491 0.950012681859175
1490 0.950012681859175
1489 0.950012681859175
1488 0.962754324710183
1487 0.962754324710183
1486 0.962754324710183
1485 0.981732791936029
1484 0.981732791936029
1483 0.974500453688775
1482 0.979154065205063
1481 0.969409640295142
1480 0.972271218048347
1479 0.974320365541999
1478 0.975551923738463
1477 0.989813160395211
1476 0.989384579958377
1475 0.985962601690811
1474 0.982978068437808
1473 0.982978068437808
1472 0.979154065205063
1471 0.961279966445091
1470 0.956032226045474
1469 0.956032226045474
1468 0.956032226045474
1467 0.950012681859175
1466 0.956032226045474
1465 0.969029200262704
1464 0.969029200262704
1463 0.969029200262704
1462 0.961279966445091
1461 0.961279966445091
1460 0.965742824600951
1459 0.979154065205063
1458 0.982978068437808
1457 0.982978068437808
1456 0.982978068437808
1455 0.992274374101067
1454 0.987428855738148
1453 0.981732791936029
1452 0.975201175467629
1451 0.955691840369944
1450 0.947859686053365
1449 0.939277650138239
1448 0.941091857452528
1447 0.941091857452528
1446 0.941091857452528
1445 0.941091857452528
1444 0.950774387122485
1443 0.947859686053365
1442 0.962754324710183
1441 0.974500453688775
1440 0.985962601690811
1439 0.989384579958377
1438 0.974320365541999
1437 0.969409640295142
1436 0.979154065205063
1435 0.974500453688775
1434 0.974500453688775
1433 0.979154065205063
1432 0.982978068437808
1431 0.974320365541999
1430 0.97596278852272
1429 0.985962601690811
1428 0.987428855738148
1427 0.967851126200768
1426 0.941091857452528
1425 0.907769896428406
1424 0.868638934013419
1423 0.839745756189858
1422 0.792883225597563
1421 0.77125231594239
1420 0.734155562013333
1419 0.70150194419346
1418 0.684856764368512
1417 0.651091683340534
1416 0.635167835501831
1415 0.599848736540563
1414 0.564528439131278
1413 0.529443853835591
1412 0.512059487283572
1411 0.460844243230177
1410 0.42771251184379
1409 0.375109150851928
1408 0.329446111474807
1407 0.28700732398979
1406 0.248011970616805
1405 0.212573678770903
1404 0.180711399070419
1403 0.152362272095956
1402 0.127395634404947
1401 0.117757421937178
1400 0.103997688852882
1399 0.0975979039858374
1398 0.0868339862323334
1397 0.0868339862323334
1396 0.0824244650734406
1395 0.0882302980270458
1394 0.100798214139557
1393 0.112541223951562
1392 0.127395634404947
1391 0.15811590072104
1390 0.186671244852883
1389 0.218623503510448
1388 0.23580121052205
1387 0.273618579953637
1386 0.314928500906166
1385 0.349554764373682
1384 0.364587142745541
1383 0.384707365326474
1382 0.384707365326474
1381 0.364587142745541
1380 0.334849128445347
1379 0.300779543633004
1378 0.260618741121643
1377 0.212573678770903
1376 0.180711399070419
1375 0.143672356826636
1374 0.119794531478916
1373 0.0927829249503986
1372 0.0717180376058521
1371 0.0577650307838691
1370 0.0497450832490469
1369 0.0394310911609128
1368 0.0362564128450723
1367 0.0308775978262417
1366 0.0261570500535519
1365 0.0220016726818141
1364 0.018390767593513
1363 0.0167603019761943
1362 0.0167941725807286
1361 0.0169184516960028
1360 0.0156523030423812
1359 0.0142828281184336
1358 0.0118331507697675
1357 0.00973092542776337
1356 0.00793380573514926
1355 0.00553244520704675
1354 0.00510507683131107
1353 0.00400784592292669
1352 0.00327074206204224
1351 0.00247682289804867
1350 0.00152025254515186
1349 0.00079157028626706
1348 0.00014724017300929
1329 0.000250934268815939
1328 0.00062534048120026
1327 0.00108251132967455
1326 0.00134704974154008
1325 0.00163848995313106
1324 0.00195924216389646
1323 0.00195924216389646
1322 0.00195924216389646
1321 0.00163848995313106
1320 0.00172560124202151
1319 0.00153492493739957
1318 0.000783458457561544
1317 0.000482436677569647
1316 2.71459967851535e-06
