-1050190.40781296 3447954.58631337
1367 0
1366 2.18395793093083e-05
1365 0.000236501985353122
1364 0.000268095750129728
1363 0.00038658933369147
1362 0.000604720716502461
1361 0.000848634628043104
1360 0.00128347856013656
1359 0.00145431144075906
1358 0.00182295973747098
1357 0.00223035781256278
1356 0.00268005394362714
1355 0.00298360842028186
1354 0.00372186493893752
1353 0.00432244633804244
1352 0.00561451021913425
1351 0.00639542231658749
1350 0.00770691992782205
1349 0.0092045791155235
1348 0.00991055630796356
1347 0.0117222822671709
1346 0.0126151920539132
1345 0.014042380669175
1344 0.0155930873701173
1343 0.0178259993955697
1342 0.0187379037691711
1341 0.0196866513533275
1340 0.0196866513533275
1339 0.0181697751135125
1338 0.0176436556027365
1337 0.0167667945165992
1336 0.0151167326012074
1335 0.0135973809275615
1334 0.0122000907916317
1333 0.0109166188135306
1332 0.00973912412720387
1331 0.00866016374271653
1330 0.00738868293797633
1329 0.00650719698413448
1328 0.00570299701266479
1327 0.00497019329947297
1326 0.00462882229335472
1325 0.00430325255565389
1324 0.00399284611419468
1323 0.00399284611419468
1322 0.00399284611419468
1321 0.00430325255565389
1320 0.00484403724631636
1319 0.0058164705927396
1318 0.00705695066486527
1317 0.00882653860635961
1316 0.0104888052220058
1315 0.0133138716817512
1314 0.0164174476442577
1313 0.020495672953784
1312 0.0254381851345581
1311 0.0320674273423235
1310 0.040028681190142
1309 0.0495144174108231
1308 0.0583363176545236
1307 0.0683697078217611
1306 0.0797219210891981
1305 0.0937870209778444
1304 0.106804753555099
1303 0.122735853907069
1302 0.135804945664839
1301 0.149872325161596
1300 0.163500145869779
1299 0.179620427675987
1298 0.195417471549922
1297 0.207483904018284
1296 0.226506785005236
1295 0.239804819978345
1294 0.260671875384293
1293 0.275190893360326
1292 0.290189001592624
1291 0.306973845187717
1290 0.330980892245302
1289 0.347532080678935
1288 0.365745656038884
1287 0.383053886873901
1286 0.400736112027872
1285 0.418769894489203
1284 0.437130598191479
1283 0.455791399813405
1282 0.483571756284193
1281 0.502958592202081
1280 0.522541126090046
1279 0.541927283805854
1278 0.571930148754634
1277 0.592021688205608
1276 0.622185693721748
1275 0.652246136298532
1274 0.68204438042698
1273 0.70168337513896
1272 0.729772629495056
1271 0.767011349189049
1270 0.793871514682011
1269 0.817870174853117
1268 0.849916733261677
1267 0.879345719401512
1266 0.905804788747686
1265 0.928969813517815
1264 0.951562301445832
1263 0.970819649727471
1262 0.981610421001381
1261 0.985707839747307
1260 0.986384383998759
1259 0.976748256755526
1258 0.963541167967517
1257 0.953823319378796
1256 0.950092034323489
1255 0.950092034323489
1254 0.953823319378796
1253 0.957310422366783
1252 0.95965943402653
1251 0.964818358990617
1250 0.970655247991701
1249 0.969002426745335
1248 0.970548554840185
1247 0.971064477931665
1246 0.970548554840185
1245 0.969904035746327
1244 0.969002426745335
1243 0.967844444425922
1242 0.966431008487818
1241 0.966431008487818
1240 0.966431008487818
1239 0.966431008487818
1238 0.966431008487818
1237 0.967844444425922
1236 0.973260722806398
1235 0.974174287400142
1234 0.974174287400142
1233 0.974827357590099
1232 0.970935471498356
1231 0.971064477931665
1230 0.970935471498356
1229 0.970548554840185
1228 0.969904035746327
1227 0.969002426745335
1226 0.972087396303711
1225 0.970655247991701
1224 0.968965424319494
1223 0.967019276556288
1222 0.964818358990617
1221 0.960670195201849
1220 0.960670195201849
1219 0.964818358990617
1218 0.964818358990617
1217 0.967019276556288
1216 0.972963270648649
1215 0.976124365626629
1214 0.978237455889984
1213 0.979428075238413
1212 0.978237455889984
1211 0.972963270648649
1210 0.966279833124531
1209 0.953823319378796
1208 0.937463626537759
1207 0.922754988691422
1206 0.903035353107181
1205 0.883683939326165
1204 0.862628246638696
1203 0.847714207949221
1202 0.829964332292674
1201 0.813962573584443
1200 0.805750638055911
1199 0.797405721611753
1198 0.788933678168239
1197 0.788933678168239
1196 0.782015204372385
1195 0.773219533538927
1194 0.76431421931749
1193 0.762813900607311
1192 0.753892608593082
1191 0.743457782875171
1190 0.724022845686063
1189 0.724022845686063
1188 0.71493637784785
1187 0.705775989911992
1186 0.706897497412171
1185 0.717293675199855
1184 0.738151978224856
1183 0.767011349189049
1182 0.81415537599978
1181 0.866550777483629
1180 0.932479697472888
1179 0.992740758673592
1178 1
1177 0.877831960315035
1176 0.622635388260385
1175 0.375950489214473
1174 0.261937604722491
1173 0.220468079900511
1172 0.227059427158091
1171 0.254706754533756
1170 0.300641629320655
1169 0.350931310539446
1168 0.396731023723934
1167 0.443876715851581
1166 0.492616619848815
1165 0.532824310907895
1164 0.562389917004355
1163 0.582308960012369
1162 0.601952499954995
1161 0.611722524779263
1160 0.611722524779263
1159 0.611722524779263
1158 0.601952499954995
1157 0.592159143497513
1156 0.572465982332018
1155 0.562635396981273
1154 0.543031654943026
1153 0.533268365662674
1152 0.514429869765685
1151 0.505509314424957
1150 0.496781266611945
1149 0.496781266611945
1148 0.488250281592086
1147 0.488250281592086
1146 0.488250281592086
1145 0.488250281592086
1144 0.488250281592086
1143 0.498314024920739
1142 0.507574047806755
1141 0.516870565095739
1140 0.535556113942425
1139 0.544936409140286
1138 0.563749474153973
1137 0.582586141896029
1136 0.611132655733702
1135 0.6301035624202
1134 0.659066452211876
1133 0.688187058849233
1132 0.716153953402859
1131 0.735763895998384
1130 0.753892608593082
1129 0.771631824570085
1128 0.780340402718617
1127 0.782015204372385
1126 0.790695176679191
1125 0.783579609741021
1124 0.785032434050389
1123 0.777344934664735
1122 0.777344934664735
1121 0.769299746882974
1120 0.759990621828265
1119 0.740194043676607
1118 0.730678012003175
1117 0.721083346044966
1116 0.711416367734004
1115 0.700993911670322
1114 0.691272412166359
1113 0.681496907763814
1112 0.671673514882739
1111 0.661808302179095
1110 0.652246136298532
1109 0.642247163464318
1108 0.63222505569412
1107 0.622185693721748
1106 0.612190087989044
1105 0.602074146812909
1104 0.602074146812909
1103 0.591959092300128
1102 0.581850510784186
1101 0.571753888875477
1100 0.571753888875477
1099 0.561674609084173
1098 0.56190603558543
1097 0.551903372864899
1096 0.551903372864899
1095 0.551903372864899
1094 0.551903372864899
1093 0.551903372864899
1092 0.541927283805854
1091 0.541927283805854
1090 0.541927283805854
1089 0.541927283805854
1088 0.541589060668057
1087 0.541589060668057
1086 0.541589060668057
1085 0.541589060668057
1084 0.541589060668057
1083 0.54127171063006
1082 0.54127171063006
1081 0.531228696312592
1080 0.531228696312592
1079 0.521224609079497
1078 0.511264281822796
1077 0.50135241955395
1076 0.49149359660739
1075 0.482273149289575
1074 0.462937699160119
1073 0.443876715851581
1072 0.42512062580332
1071 0.40669759166049
1070 0.388633484467583
1069 0.362261229921967
1068 0.336818856509315
1067 0.312364625337473
1066 0.281375658392612
1065 0.251131026330321
1064 0.230610524724634
1063 0.205002812531917
1062 0.181393430240042
1061 0.159753679190405
1060 0.135395418796181
1059 0.117976155601263
1058 0.102301785461296
1057 0.0882750886469429
1056 0.0757911135099125
1055 0.0647399675282567
1054 0.0550093299831974
1053 0.0471384800777449
1052 0.0396491939770037
1051 0.034689024080167
1050 0.0302433393578572
1049 0.0262702546607004
1048 0.0231911148482468
1047 0.0200030617350402
1046 0.0180803471309704
1045 0.0163078841976136
1044 0.0154749493245542
1043 0.0143329397899867
1042 0.0135785238584961
1041 0.0128555198195529
1040 0.0128555198195529
1039 0.0128555198195529
1038 0.0128555198195529
1037 0.0128555198195529
1036 0.0135785238584961
1035 0.0143329397899867
1034 0.0151198861100727
1033 0.0159405084317665
1032 0.0176874991968064
1031 0.0186162944366852
1030 0.0210239105525465
1029 0.0220861513698592
1028 0.0243401572313672
1027 0.0273329893806583
1026 0.0299957173577793
1025 0.032864412163087
1024 0.0359510966039098
1023 0.0392681207123108
1022 0.0428281340874193
1021 0.0466440540630157
1020 0.0486520800947225
1019 0.052876575573607
1018 0.0565203626592906
1017 0.0612972683897925
1016 0.0638034397455392
1015 0.0690598449449408
1014 0.0718135271497016
1013 0.0775804430872179
1012 0.0805970934558703
1011 0.0837048000953652
1010 0.0869052432425798
1009 0.090200087662159
1008 0.0913032917172936
1007 0.0947127189175619
1006 0.0994547257734013
1005 0.0994547257734013
1004 0.0994547257734013
1003 0.0994547257734013
1002 0.0994547257734013
1001 0.0994547257734013
1000 0.0947127189175619
999 0.0913032917172936
998 0.0869052432425798
997 0.0837048000953652
996 0.0796402844263742
995 0.0766415442942622
994 0.0709107518216584
993 0.0681752361629993
992 0.0638034397455392
991 0.0588701506288733
990 0.0550964004453091
989 0.052876575573607
988 0.0486520800947225
987 0.0439496795433763
986 0.0403009941242783
985 0.0385707175345528
984 0.0352901995033397
983 0.032864412163087
982 0.0286393454856522
981 0.0266663041553955
980 0.0231186983380421
979 0.0199611391511129
978 0.0171585833239472
977 0.0150550582815999
976 0.0135289909720617
975 0.012812862799381
974 0.012812862799381
973 0.012812862799381
972 0.0139173291159618
971 0.0146780291631282
970 0.0154710543156174
969 0.0171585833239472
968 0.0180554034970927
967 0.0185139613139362
966 0.0194703047378285
965 0.0190223001406766
964 0.0180803471309704
963 0.0159405084317665
962 0.0125687187874077
961 0.00868415479962859
960 0.00502302697250015
959 0.00211579866720466
958 8.73261728367975e-05
939 2.18395793093083e-05
938 2.18395793093083e-05
