977686.63058812 2883069.89756366
3445 0.000443015699792916
3444 0.00114747725201275
3443 0.00194175818557701
3442 0.00290952194928818
3441 0.00374345840111465
3440 0.0046241022913513
3439 0.00566488983234464
3438 0.00603895243784457
3437 0.00642732844772345
3436 0.00676270190886979
3435 0.00676270190886979
3434 0.00636383388124208
3433 0.00597953225210623
3432 0.00560934047659243
3431 0.00521336907444148
3430 0.00454553018428688
3429 0.00392663280126378
3428 0.00335355132424492
3427 0.00281305426307381
3426 0.00232593184140429
3425 0.00187578235609831
3424 0.00166773016596667
3423 0.00127005509379521
3422 0.00108288573368064
3421 0.000903135108053723
3420 0.000730542914859638
3419 0.000730542914859638
3418 0.000564856453526717
3417 0.000564856453526717
3416 0.000730542914859638
3415 0.000730542914859638
3414 0.000903135108053723
3413 0.00109548608591711
3412 0.0012821884607708
3411 0.00147651509288049
3410 0.00188913750350509
3409 0.00210800138009781
3408 0.00233562601035091
3407 0.00281838456985559
3406 0.00307415341873481
3405 0.0036161232879338
3404 0.00420097836174559
3403 0.00420055141661294
3402 0.00483457950684549
3401 0.00551797720682198
3400 0.00625400586235412
3399 0.00704609045550824
3398 0.00789782343403359
3397 0.00881296824290283
3396 0.00979546251676318
3395 0.0113551735085489
3394 0.0125145665612046
3393 0.0137553911452559
3392 0.0144077902571074
3391 0.0164259416385151
3390 0.0179262411140388
3389 0.0195262803472742
3388 0.0203653438631492
3387 0.02212493520443
3386 0.0239977705050221
3385 0.0249784278077963
3384 0.0270318568341095
3383 0.0281061123109224
3382 0.0303534867214974
3381 0.0315281462883942
3380 0.0339833291085237
3379 0.035265445862532
3378 0.0390590509216215
3377 0.0419399709483939
3376 0.0462431099450928
3375 0.0478536035748665
3374 0.0512061263076397
3373 0.0547396234570295
3372 0.0584608523709822
3371 0.0644095611590712
3370 0.0686298830304617
3369 0.0753591600065357
3368 0.0801210818222474
3367 0.0876943188505878
3366 0.0930396624911358
3365 0.101518579878879
3364 0.11056931512202
3363 0.114940953595209
3362 0.12697897783601
3361 0.134022831546588
3360 0.145118823100559
3359 0.152876350878247
3358 0.160926936107944
3357 0.1692743234151
3356 0.177921819954061
3355 0.186872263793663
3354 0.191461841813272
3353 0.200870924249052
3352 0.203400306671629
3351 0.208293908399391
3350 0.213265829990279
3349 0.218316161721093
3348 0.228652219095014
3347 0.233937924827803
3346 0.239301999012724
3345 0.244744325863792
3344 0.250264745638087
3343 0.255863053761195
3342 0.263800191108443
3341 0.275361382724128
3340 0.28125494744549
3339 0.293265702971649
3338 0.305570972018063
3337 0.31816566614244
3336 0.331043876643343
3335 0.344198857714195
3334 0.357623011858743
3333 0.371307877720083
3332 0.385244120469592
3331 0.408281650209042
3330 0.422705054837908
3329 0.437333581025095
3328 0.45215397331193
3327 0.468409489330962
3326 0.491019233741065
3325 0.506261588534485
3324 0.521619807544881
3323 0.537076338756358
3322 0.544835787396001
3321 0.559980352801455
3320 0.575759517816357
3319 0.583663994012755
3318 0.599489777434962
3317 0.607405787388605
3316 0.615170296517005
3315 0.622993990726096
3314 0.630809690584906
3313 0.630809690584906
3312 0.630809690584906
3311 0.630809690584906
3310 0.630809690584906
3309 0.630809690584906
3308 0.622993990726096
3307 0.615320283957855
3306 0.607405787388605
3305 0.591574957227509
3304 0.583663994012755
3303 0.567864120155553
3302 0.559980352801455
3301 0.54425771029464
3300 0.528611165704369
3299 0.52082235509458
3298 0.505325107171103
3297 0.497621108435272
3296 0.482313094815713
3295 0.473506550735492
3294 0.465885865703702
3293 0.45077335188089
3292 0.435845097690928
3291 0.4211152869482
3290 0.4065972286885
3289 0.385244120469592
3288 0.364433418685102
3287 0.344198857714195
3286 0.324569733656754
3285 0.305570972018063
3284 0.287223224527775
3283 0.269542992573217
3282 0.25813334507415
3281 0.252542774591084
3280 0.247028753928076
3279 0.241591512296379
3278 0.241591512296379
3277 0.241591512296379
3276 0.247028753928076
3275 0.25813334507415
3274 0.263800191108443
3273 0.28125494744549
3272 0.293265702971649
3271 0.305570972018063
3270 0.324569733656754
3269 0.331043876643343
3268 0.344198857714195
3267 0.350877796614852
3266 0.364433418685102
3265 0.371307877720083
3264 0.37824519473863
3263 0.37824519473863
3262 0.385244120469592
3261 0.392303350445099
3260 0.39942152489517
3259 0.4065972286885
3258 0.413828991320321
3257 0.4211152869482
3256 0.428454534476594
3255 0.44328528544193
3254 0.456979162648196
3253 0.472292769371352
3252 0.496602626590745
3251 0.512174239213889
3250 0.527864879673521
3249 0.54365620866646
3248 0.559529123631359
3247 0.567490005096032
3246 0.575463789500327
3245 0.583447888620369
3244 0.591439672915245
3243 0.599436472782531
3242 0.599436472782531
3241 0.607435579865809
3240 0.615434248413509
3239 0.615434248413509
3238 0.623429696688363
3237 0.623429696688363
3236 0.631419108426661
3235 0.639399634346459
3234 0.647368393703786
3233 0.655830352592543
3232 0.663855061889403
3231 0.671859939634084
3230 0.679841942622449
3229 0.687798003415226
3228 0.69572503220095
3227 0.702572417445514
3226 0.710340111799418
3225 0.71806897622634
3224 0.71806897622634
3223 0.71806897622634
3222 0.71806897622634
3221 0.725755910705932
3220 0.725755910705932
3219 0.733397803705428
3218 0.740991534213954
3217 0.748533973806557
3216 0.756021988736113
3215 0.770822195738279
3214 0.792535908542924
3213 0.806650839191084
3212 0.820448074086208
3211 0.840494515864786
3210 0.859689195693623
3209 0.877952530968742
3208 0.895207571014653
3207 0.915180936969869
3206 0.926401335217775
3205 0.935742386134811
3204 0.944523597943469
3203 0.948698786267518
3202 0.952727569541014
3201 0.952727569541014
3200 0.952727569541014
3199 0.948698786267518
3198 0.944523597943469
3197 0.940204083271658
3196 0.931140713823502
3195 0.926401335217775
3194 0.916518831373006
3193 0.906114185617913
3192 0.900722331697004
3191 0.889572549223761
3190 0.883819957612637
3189 0.877952530968742
3188 0.877952530968742
3187 0.877952530968742
3186 0.877952530968742
3185 0.877952530968742
3184 0.887225773877911
3183 0.893059997391559
3182 0.898775357390776
3181 0.900722331697004
3180 0.906114185617913
3179 0.91138053487
3178 0.916518831373006
3177 0.921526578924555
3176 0.926401335217775
3175 0.931140713823502
3174 0.935742386134811
3173 0.944523597943469
3172 0.948698786267518
3171 0.956607935964841
3170 0.967339454475582
3169 0.973717992014474
3168 0.982089798625676
3167 0.986857100576446
3166 0.992762834699392
3165 0.997150576231176
3164 1
3163 0.996058631727092
3162 0.996058631727092
3161 0.995377001429849
3160 0.994015135633776
3159 0.993079930615233
3158 0.991975819179894
3157 0.990703365070112
3156 0.989263217462922
3155 0.98765611041808
3154 0.98765611041808
3153 0.982463548556938
3152 0.980718337069304
3151 0.978810460851586
3150 0.976740878810013
3149 0.974510629709695
3148 0.97212083130574
3147 0.969572679409683
3146 0.964006482624181
3145 0.962622997116465
3144 0.959251297375135
3143 0.952054176239263
3142 0.944264148372205
3141 0.935896635749798
3140 0.931501429461529
3139 0.926968106229478
3138 0.917496019580072
3137 0.912561855801669
3136 0.907498770639279
3135 0.898427205616583
3134 0.898427205616583
3133 0.89319252167415
3132 0.889316534084811
3131 0.894471848702947
3130 0.899506233118784
3129 0.904417323218396
3128 0.913386764966797
3127 0.922715776567997
3126 0.931508516129568
3125 0.935698427932706
3124 0.948232336898216
3123 0.955727771754518
3122 0.962622997116465
3121 0.968904254135858
3120 0.971810662706626
3119 0.97212083130574
3118 0.974510629709695
3117 0.974510629709695
3116 0.974510629709695
3115 0.979575703056022
3114 0.977147733021191
3113 0.97455895061358
3112 0.971810662706626
3111 0.965841186536074
3110 0.963915715573462
3109 0.956607935964841
3108 0.948698786267518
3107 0.935742386134811
3106 0.926401335217775
3105 0.916518831373006
3104 0.906114185617913
3103 0.898775357390776
3102 0.893059997391559
3101 0.887225773877911
3100 0.881275486415261
3099 0.881275486415261
3098 0.887225773877911
3097 0.898775357390776
3096 0.915180936969869
3095 0.930420453815758
3094 0.944426415191867
3093 0.961074513329889
3092 0.975284769334885
3091 0.984272344314097
3090 0.989445123428549
3089 0.99395011564222
3088 0.997778000107542
3087 0.999435490362377
3086 0.999435490362377
3085 0.999435490362377
3084 0.997778000107542
3083 0.995949225387623
3082 0.986857100576446
3081 0.982089798625676
3080 0.973717992014474
3079 0.963915715573462
3078 0.952727569541014
3077 0.940204083271658
3076 0.921526578924555
3075 0.906114185617913
3074 0.883819957612637
3073 0.865884316246482
3072 0.846991360879927
3071 0.82721985720137
3070 0.806650839191084
3069 0.792535908542924
3068 0.778128112885308
3067 0.763452442051244
3066 0.748533973806557
3065 0.733397803705428
3064 0.725755910705932
3063 0.710340111799418
3062 0.702572417445514
3061 0.686932869492428
3060 0.671174827018547
3059 0.663258942110194
3058 0.647368393703786
3057 0.639399634346459
3056 0.631419108426661
3055 0.623230529513319
3054 0.615320283957855
3053 0.615320283957855
3052 0.607405787388605
3051 0.607405787388605
3050 0.607405787388605
3049 0.615320283957855
3048 0.615320283957855
3047 0.623230529513319
3046 0.623429696688363
3045 0.631419108426661
3044 0.639399634346459
3043 0.647368393703786
3042 0.655322475895856
3041 0.654773123100889
3040 0.662619944591906
3039 0.662619944591906
3038 0.670445448288552
3037 0.670445448288552
3036 0.662619944591906
3035 0.662619944591906
3034 0.662619944591906
3033 0.654773123100889
3032 0.646907896740027
3031 0.639027153215869
3030 0.639027153215869
3029 0.631133753359756
3028 0.623230529513319
3027 0.615320283957855
3026 0.607405787388605
3025 0.607341332493663
3024 0.607341332493663
3023 0.599509791568977
3022 0.599509791568977
3021 0.607341332493663
3020 0.607405787388605
3019 0.615320283957855
3018 0.623230529513319
3017 0.631133753359756
3016 0.639027153215869
3015 0.646907896740027
3014 0.654773123100889
3013 0.662619944591906
3012 0.670445448288552
3011 0.670445448288552
3010 0.670445448288552
3009 0.670445448288552
3008 0.670445448288552
3007 0.662619944591906
3006 0.654181135126666
3005 0.639027153215869
3004 0.623230529513319
3003 0.607405787388605
3002 0.583447888620369
3001 0.559529123631359
3000 0.535749134467921
2999 0.512174239213889
2998 0.488866971266019
2997 0.465885865703702
2996 0.45077335188089
2995 0.428454534476594
2994 0.413828991320321
2993 0.39942152489517
2992 0.387058031526428
2991 0.373199787463883
2990 0.366361837803835
2989 0.359586287242051
2988 0.359586287242051
2987 0.359586287242051
2986 0.364433418685102
2985 0.371307877720083
2984 0.37824519473863
2983 0.385244120469592
2982 0.392303350445099
2981 0.4065972286885
2980 0.413828991320321
2979 0.428454534476594
2978 0.435845097690928
2977 0.44328528544193
2976 0.45077335188089
2975 0.45830749674648
2974 0.465885865703702
2973 0.465885865703702
2972 0.465885865703702
2971 0.45830749674648
2970 0.45077335188089
2969 0.44328528544193
2968 0.428454534476594
2967 0.413828991320321
2966 0.390540057049718
2965 0.376403386499156
2964 0.355675777751475
2963 0.335549225243659
2962 0.316051290764468
2961 0.291071242145157
2960 0.273122572209415
2959 0.255863053761195
2958 0.239301999012724
2957 0.225742095106362
2956 0.210587790347123
2955 0.196127992362312
2954 0.186872263793663
2953 0.177921819954061
2952 0.1692743234151
2951 0.165063312181018
2950 0.160926936107944
2949 0.156864767389581
2948 0.152876350878247
2947 0.152876350878247
2946 0.152876350878247
2945 0.152876350878247
2944 0.152876350878247
2943 0.152876350878247
2942 0.152876350878247
2941 0.152876350878247
2940 0.155099358842534
2939 0.151169203495244
2938 0.148961205072151
2937 0.148961205072151
2936 0.145118823100559
2935 0.14134867370589
2934 0.14134867370589
2933 0.135543363984623
2932 0.13193407512344
2931 0.128395890089716
2930 0.121530222016212
2929 0.118201386952902
2928 0.114940953595209
2927 0.11174820296582
2926 0.108622400596823
2925 0.10256863084611
2924 0.101518579878879
2923 0.0986297657318923
2922 0.0958037212277989
2921 0.0930396624911358
2920 0.0903367958904336
2919 0.0876943188505878
2918 0.0851114206500481
2917 0.0808756824394175
2916 0.0784343037100337
2915 0.0784343037100337
2914 0.0760501739755672
2913 0.0777119859742795
2912 0.0777119859742795
2911 0.0777119859742795
2910 0.0777119859742795
2909 0.0777119859742795
2908 0.0801210818222474
2907 0.0843515512793079
2906 0.0869004963589759
2905 0.0876943188505878
2904 0.0930396624911358
2903 0.0958037212277989
2902 0.101518579878879
2901 0.104470936961076
2900 0.11056931512202
2899 0.11174820296582
2898 0.116930842572713
2897 0.123561237093028
2896 0.12697897783601
2895 0.130465963110308
2894 0.134022831546588
2893 0.134022831546588
2892 0.134022831546588
2891 0.136163630145281
2890 0.136163630145281
2889 0.132588317297522
2888 0.129082287575137
2887 0.125644930832313
2886 0.120212083642299
2885 0.113716822227789
2884 0.107487598846192
2883 0.101518579878879
2882 0.0930396624911358
2881 0.0876943188505878
2880 0.0825872832024374
2879 0.0753591600065357
2878 0.0708189537990815
2877 0.0659704773409733
2876 0.0619034524766498
2875 0.0561720482656655
2874 0.0525874760586469
2873 0.0505621170860155
2872 0.0472826016241015
2871 0.0441718417531207
2870 0.0412234755055174
2869 0.0386064196423201
2868 0.0372538857799077
2867 0.0346598629973839
2866 0.0334168307099699
2865 0.0322087675209809
2864 0.0300179132293464
2863 0.0289001341632556
2862 0.0278148286926141
2861 0.0267612612738287
2860 0.0257387052825791
2859 0.0247464432017405
2858 0.0246691902858006
2857 0.0227881839736288
2856 0.0210184372828532
2855 0.0193546590782272
2854 0.0177917130552274
2853 0.0156255071947423
2852 0.0136588817427918
2851 0.0113061202020317
2850 0.00925244635116119
2849 0.00788771506584549
2848 0.00665942230012994
2847 0.00521375861162464
2846 0.00425951407442841
2845 0.00314159133359293
2844 0.00240712571510354
2843 0.00200023809322921
2842 0.00158800416722641
2841 0.00102677900816711
2840 0.000853924759971179
2839 0.000528112262717977
2838 0.000374699232031095
2837 0.000227322716987486
2836 0.000227322716987486
2835 0.000227322716987486
2834 0.000227322716987486
2833 0.000374699232031095
2832 0.000528112262717977
2831 0.000687779410932632
2830 0.000853924759971179
2829 0.00143654725243061
2828 0.00163152110702496
2827 0.00204473256406237
2826 0.00226350266473472
2825 0.00272675810171071
2824 0.0029718206650385
2823 0.00322623747445549
2822 0.00376437422944919
2821 0.00404873452707272
2820 0.00400222728452092
2819 0.00429725096710612
2818 0.00460332806427362
2817 0.00492081299650698
2816 0.0052500689756507
2815 0.0052500689756507
2814 0.00559146811704817
2813 0.00559146811704817
2812 0.00594539154857579
2811 0.00594539154857579
2810 0.00594539154857579
2809 0.00555582850819035
2808 0.00555582850819035
2807 0.00518729850732213
2806 0.00518729850732213
2805 0.00518729850732213
2804 0.00483906268391863
2803 0.00483906268391863
2802 0.00483906268391863
2801 0.00483906268391863
2800 0.00483906268391863
2799 0.00483906268391863
2798 0.00483906268391863
2797 0.00451924567872283
2796 0.00451924567872283
2795 0.00421113261046392
2794 0.00391435268915307
2793 0.00391435268915307
2792 0.00362854440869877
2791 0.00335335541613179
2790 0.00335335541613179
2789 0.00308844237830811
2788 0.00258811511793076
2787 0.00235205809801528
2786 0.00190661399154763
2785 0.0014947685171955
2784 0.00111428022695584
2783 0.000597743107308768
2782 0
