592952.351509976 3380576.17610442
3574 0
3573 0.000330626523187704
3572 0.000947039272223288
3571 0.0015838124424851
3570 0.0027460081662162
3569 0.00392196369023281
3568 0.00488680576411756
3567 0.00666271468663362
3566 0.00810425770927715
3565 0.0107283961909835
3564 0.0171271699354126
3563 0.0218327032626673
3562 0.0275687119549292
3561 0.0345060756444212
3560 0.0428301565772821
3559 0.0527386150380779
3558 0.0644382318060697
3557 0.073337534595756
3556 0.0781406508982471
3555 0.073337534595756
3554 0.0687726769483346
3553 0.0687726769483346
3552 0.0644382318060697
3551 0.0600999733368468
3550 0.0642759701529397
3549 0.0686826484161168
3548 0.0833703609554305
3547 0.0944678695320334
3546 0.106684988556604
3545 0.120082804372161
3544 0.120082804372161
3543 0.113232640781469
3542 0.0950730112801671
3541 0.0784696274319871
3540 0.0734783335640484
3539 0.0687440031552399
3538 0.0687440031552399
3537 0.0734783335640484
3536 0.0734783335640484
3535 0.0644010495842908
3534 0.0600749411545631
3533 0.0559875660474254
3532 0.0521295632042536
3531 0.0521295632042536
3530 0.0484916438873561
3529 0.0484916438873561
3528 0.0450301582664568
3527 0.0417556525846716
3526 0.0386803421282781
3525 0.0304516724331231
3524 0.025816114620632
3523 0.0198605860187444
3522 0.0151287925821122
3521 0.0124350313968301
3520 0.0101612689614523
3519 0.0101612689614523
3518 0.00746530434887464
3517 0.00678115528853939
3516 0.00604027311279533
3515 0.00536446204770305
3514 0.00474869594034504
3513 0.00418826585900166
3512 0.00367876714952892
3511 0.0032160862978295
3510 0.00279638769386025
3509 0.00239553965959004
3508 0.00205667589176962
3507 0.0014727635179488
3506 0.00124036253824931
3505 0.000811979431005505
3504 0.000463975495818013
3503 0.000315686897594577
3502 0.000315686897594577
3501 0.000315686897594577
3500 0.000628852124153668
3499 0.00101516330464304
3498 0.00176546727287711
3497 0.00277714102382557
3496 0.0036361571759708
3495 0.0052878488507741
3494 0.00746530434887464
3493 0.00847989914944594
3492 0.0105077165119041
3491 0.0129174611044971
3490 0.017378980476827
3489 0.0230602354666893
3488 0.0349772745267506
3487 0.0487056644149172
3486 0.066598521311193
3485 0.103070409535732
3484 0.153586501653628
3483 0.233401090021956
3482 0.321117902484991
3481 0.426024522928018
3480 0.524472371745536
3479 0.608276060192781
3478 0.650518878900959
3477 0.672461505291995
3476 0.628649220417002
3475 0.58529251888629
3474 0.501152299214096
3473 0.441313566536473
3472 0.389279624598444
3471 0.354273775335044
3470 0.321117902484991
3469 0.305259779789648
3468 0.285106053898271
3467 0.255813306038757
3466 0.241940375946988
3465 0.246772429998421
3464 0.233401090021956
3463 0.233401090021956
3462 0.233401090021956
3461 0.246772429998421
3460 0.260645183081064
3459 0.289891670097327
3458 0.321117902484991
3457 0.371551636269465
3456 0.430107659639843
3455 0.507196032208568
3454 0.612048010123421
3453 0.711179680984533
3452 0.783776402231751
3451 0.862933941777832
3450 0.921634254133459
3449 0.969293951621403
3448 0.988799655107682
3447 0.993670218008217
3446 1
3445 0.97882451171778
3444 0.960903223951694
3443 0.926870137482922
3442 0.891582555747003
3441 0.85923917812599
3440 0.825938818952161
3439 0.788288911820676
3438 0.775001789830946
3437 0.76138739066607
3436 0.754642110215491
3435 0.754642110215491
3434 0.767707455122682
3433 0.780451761123118
3432 0.792851726799365
3431 0.806999892193782
3430 0.828069544144231
3429 0.847386684625531
3428 0.864804699135904
3427 0.873849927782232
3426 0.885397616643974
3425 0.894745430145262
3424 0.887330178314828
3423 0.891850424574785
3422 0.893267713606544
3421 0.894119166807583
3420 0.894403164676275
3419 0.894403164676275
3418 0.894119166807583
3417 0.894119166807583
3416 0.894403164676275
3415 0.894403164676275
3414 0.894119166807583
3413 0.879448000299547
3412 0.878637739773078
3411 0.877288962451868
3410 0.872986758774398
3409 0.870041225882419
3408 0.866572938991739
3407 0.858094345240497
3406 0.853099441249056
3405 0.841643522474543
3404 0.828302673838648
3403 0.832721225753282
3402 0.815965587592516
3401 0.79751771969406
3400 0.777508308091516
3399 0.756076657840161
3398 0.733369083364851
3397 0.709537253520098
3396 0.684736517393457
3395 0.654770211249955
3394 0.629509760543467
3393 0.603735992871767
3392 0.590701991441211
3391 0.563227481135885
3390 0.537693954661094
3389 0.512096159078893
3388 0.49931140652088
3387 0.47384331891813
3386 0.448602957363767
3385 0.436101127159208
3384 0.411395771207958
3383 0.399215337945274
3382 0.375252674798011
3381 0.363490284770807
3380 0.340448795801868
3379 0.329186167772911
3378 0.312557721756806
3377 0.291680124564477
3376 0.277264801354966
3375 0.267622834468346
3374 0.24891326484244
3373 0.230991413157232
3372 0.213877478002922
3371 0.18974932894334
3370 0.17470084417317
3369 0.153680252110892
3368 0.140689997737016
3367 0.122706369971787
3366 0.111691773023722
3365 0.0965755728758333
3364 0.0830679300556422
3363 0.0701553153895394
3362 0.063861564122585
3361 0.0572446740928207
3360 0.0483594175194781
3359 0.0430814050842276
3358 0.0382817482411399
3357 0.0339283900175652
3356 0.029989996875833
3355 0.0264361407089788
3354 0.0247941908180359
3353 0.0217624354459347
3352 0.0181919478896772
3351 0.0169664569489076
3350 0.0158100276245242
3349 0.0147194749493841
3348 0.0127237463291607
3347 0.0118126883347899
3346 0.0109557430218192
3345 0.0101502137388539
3344 0.00939350077102716
3343 0.00868310052019663
3342 0.0092828204241945
3341 0.00794267182189108
3340 0.0073334007869974
3339 0.00622601637464713
3338 0.00525388107670669
3337 0.00440256587815752
3336 0.0036588751211654
3335 0.00301078481057199
3334 0.00244737744020098
3333 0.00195877463206562
3332 0.00153606872981176
3331 0.00139100000331112
3330 0.00105199133966654
3329 0.000759573305605493
3328 0.00050792847360688
3327 0.000552076665463101
3326 0.000235858605295763
3325 6.17977815002699e-05
3296 0.000106803845208149
3294 7.10149839377619e-05
3293 0.000253532561959553
3292 0.000467310698075511
3291 0.000717105121568736
3290 0.00100828480907183
3289 0.00153606872981176
3288 0.0021943041414407
3287 0.00301078481057199
3286 0.004018045654926
3285 0.00525388107670669
3284 0.00676185085725543
3283 0.0085917534586073
3282 0.010018133925105
3281 0.0108000427387391
3280 0.0116309841322777
3279 0.0125134845931659
3278 0.0125134845931659
3277 0.0125134845931659
3276 0.0116309841322777
3275 0.010018133925105
3274 0.0092828204241945
3273 0.0073334007869974
3272 0.00622601637464713
3271 0.00525388107670669
3270 0.004018045654926
3269 0.0036588751211654
3268 0.00301078481057199
3267 0.00271913671193583
3266 0.0021943041414407
3265 0.00195877463206562
3264 0.00173970525290818
3263 0.00173970525290818
3262 0.00153606872981176
3261 0.00134689204708193
3260 0.00117125433962377
3259 0.00100828480907183
3258 0.000857160668718957
3257 0.000717105121568736
3256 0.000587385375373262
3255 0.00035623051665317
