698757.449177307 2283498.0034266
1830 0
1829 0.000356201285740138
1828 0.000645078782801416
1827 0.00095383689340627
1826 0.00117130710380893
1825 0.00151587889623819
1824 0.00175839536972942
1823 0.00201161527811497
1822 0.00227594833645116
1821 0.00250553323786961
1820 0.0027916377577694
1819 0.0030437021461227
1818 0.00330864238755017
1817 0.0036298354507591
1816 0.00375204603561793
1815 0.00405103577039807
1814 0.00440427528163378
1813 0.00463004583856852
1812 0.0050565938906217
1811 0.00530624852086544
1810 0.00577157402485567
1809 0.00598123638299222
1808 0.00626232559810046
1807 0.00648171749161914
1806 0.0067055248030597
1805 0.00700930300692493
1804 0.00700930300692493
1803 0.0067055248030597
1802 0.0067055248030597
1801 0.00648171749161914
1800 0.00626232559810046
1799 0.00611782262531518
1798 0.00583649214848308
1797 0.00562990499685367
1796 0.00536472123533007
1795 0.00516738913019266
1794 0.00497402698440941
1793 0.00497402698440941
1792 0.00478456627546458
1791 0.00484409857453993
1790 0.00478456627546458
1789 0.00497402698440941
1788 0.00516738913019266
1787 0.00510992271722162
1786 0.00530624852086544
1785 0.00571104826300456
1784 0.00591966370829424
1783 0.00613251877084882
1782 0.00657124112605504
1781 0.0067972574914824
1780 0.00702781163025051
1779 0.00702781163025051
1778 0.00719972010609004
1777 0.00714130471364041
1776 0.00685544746012508
1775 0.00662777519961634
1774 0.00640460434767587
1773 0.0060207119601013
1772 0.00560301461626088
1771 0.0050565938906217
1770 0.00449381606035004
1769 0.00401269306266963
1768 0.0034014087089973
1767 0.00293929924244286
1766 0.00250553323786961
1765 0.00209859029931306
1764 0.00171701595706632
1763 0.00135941989005581
1762 0.00113368547357797
1761 0.00102447411943953
1760 0.000917638152590394
1759 0.000917638152590394
1758 0.000990108032374596
1757 0.00106616961570595
1756 0.00117649136884827
1755 0.00148998889278601
1754 0.00176577782166155
1753 0.00215126861223228
1752 0.00274689789666436
1751 0.00335328508149847
1750 0.00401269306266963
1749 0.00486514798554207
1748 0.00565487439370427
1747 0.00651109566154043
1746 0.00743851697945194
1745 0.00844209018106644
1744 0.00924786537710275
1743 0.00981159673293189
1742 0.0103973790234489
1741 0.0110059270748405
1740 0.0109325836969614
1739 0.0111760589896527
1738 0.0111137242719265
1737 0.0114294894380775
1736 0.0114294894380775
1735 0.0114294894380775
1734 0.0114294894380775
1733 0.0114928102683908
1732 0.011815597632697
1731 0.0121445160434042
1730 0.0128211310361407
1729 0.0131690227320328
1728 0.0138844701091812
1727 0.0146268090582134
1726 0.0153968616581088
1725 0.0161954666205059
1724 0.017110596856823
1723 0.017971442477366
1722 0.0189639495677798
1721 0.0194233988750738
1720 0.0200027680426708
1719 0.020480218367605
1718 0.0203668828551642
1717 0.0203668828551642
1716 0.0197876822974517
1715 0.01932152054153
1714 0.0192279313367945
1713 0.0187712313557677
1712 0.0187712313557677
1711 0.0187712313557677
1710 0.01886350285592
1709 0.01932152054153
1708 0.0197876822974517
1707 0.021236192625041
1706 0.0227622196734209
1705 0.0249231389932252
1704 0.0278383270061288
1703 0.030882478090836
1702 0.0350316130143312
1701 0.0395978893513457
1700 0.0446118606309695
1699 0.050104887678871
1698 0.0562825997315195
1697 0.0628406297846401
1696 0.0689539057122104
1695 0.0739852127801156
1694 0.0792942280288936
1693 0.0834639518432096
1692 0.0875638124602891
1691 0.0905442755961206
1690 0.092063118553219
1689 0.092063118553219
1688 0.0936012258343575
1687 0.0938437271382233
1686 0.0923038550105251
1685 0.0925636957691838
1684 0.0910411669290798
1683 0.0895377383221289
1682 0.0895377383221289
1681 0.0880532679235467
1680 0.0863354780344828
1679 0.0861019051531622
1678 0.084445379396026
1677 0.084445379396026
1676 0.0828290953197621
1675 0.0828290953197621
1674 0.083022389467993
1673 0.083022389467993
1672 0.0832340156053329
1671 0.0832340156053329
1670 0.0834639518432096
1669 0.0848904466839397
1668 0.0846586880011451
1667 0.0846586880011451
1666 0.0846586880011451
1665 0.0863354780344828
1664 0.0863354780344828
1663 0.0851406297016467
1662 0.0851406297016467
1661 0.0837121740081191
1660 0.082302100868094
1659 0.0795365193072043
1658 0.0768427135193865
1657 0.074219503924688
1656 0.0714354430522303
1655 0.0689539057122104
1654 0.065356908949351
1653 0.0632567617553815
1652 0.0598960046348473
1651 0.0579547072902663
1650 0.0558488942784955
1649 0.0530268987890748
1648 0.0510638203187361
1647 0.0498856388613027
1646 0.0480119853566536
1645 0.0470958869973689
1644 0.0461934117258603
1643 0.0461934117258603
1642 0.045304413183268
1641 0.045304413183268
1640 0.045304413183268
1639 0.045304413183268
1638 0.0459980468965035
1637 0.0459980468965035
1636 0.0467146091384835
1635 0.0474546395352663
1634 0.048378526439557
1633 0.0494919690975281
1632 0.0506374419458255
1631 0.0518155511137514
1630 0.0528019742097622
1629 0.0540301339467887
1628 0.0552924267379212
1627 0.0563275848678223
1626 0.0563275848678223
1625 0.0573777048204216
1624 0.0573777048204216
1623 0.0573777048204216
1622 0.0573777048204216
1621 0.0584429350684013
1620 0.0581911780328491
1619 0.0592692092200486
1618 0.0601215414527317
1617 0.0623505946030743
1616 0.0655770397971287
1615 0.0691801221788971
1614 0.0729340021847837
1613 0.0795365193072043
1612 0.0851406297016467
1611 0.0928426038475962
1610 0.0991345659746429
1609 0.107445577074354
1608 0.114461623199754
1607 0.121501852707188
1606 0.125302310123488
1605 0.129189573316878
1604 0.129189573316878
1603 0.129189573316878
1602 0.12723503356988
1601 0.123391288574565
1600 0.117787264400892
1599 0.112374270662197
1598 0.108591899098873
1597 0.103495103403691
1596 0.099949113442513
1595 0.0983325436352874
1594 0.0983325436352874
1593 0.0983325436352874
1592 0.101836786240127
1591 0.105173639178051
1590 0.112374270662197
1589 0.119633884544604
1588 0.12723503356988
1587 0.135185206102117
1586 0.143491412883985
1585 0.152160132911385
1584 0.161197258417572
1583 0.168220052462162
1582 0.175799297947879
1581 0.180742945459825
1580 0.183250492108107
1579 0.18578192283735
1578 0.18833728525161
1577 0.190916623681659
1576 0.190568017296261
1575 0.190568017296261
1574 0.190568017296261
1573 0.187989279139016
1572 0.18833728525161
1571 0.18833728525161
1570 0.18833728525161
1569 0.188708518227679
1568 0.191288485844436
1567 0.193892418101256
1566 0.196520351794075
1565 0.201474506598146
1564 0.206898207145506
1563 0.212418664709441
1562 0.221256150979873
1561 0.229936220973229
1560 0.238833603622925
1559 0.244512723000874
1558 0.253772830556855
1557 0.256560186207171
1556 0.259719594597669
1555 0.259719594597669
1554 0.259719594597669
1553 0.253424765348664
1552 0.247575381412493
1551 0.241847605348142
1550 0.232877889251889
1549 0.224125342008268
1548 0.215590284928589
1547 0.210021086533884
1546 0.207272715651978
1545 0.204548477666796
1544 0.204548477666796
1543 0.207272715651978
1542 0.212793605733838
1541 0.221654458225043
1540 0.233275519899085
1539 0.245700096922976
1538 0.261242059884147
1537 0.277374867829565
1536 0.293689571614513
1535 0.310985130390012
1534 0.325224001144764
1533 0.343510871951919
1532 0.358518221407199
1531 0.374186451698435
1530 0.385876180985077
1529 0.39773308704683
1528 0.409750583098507
1527 0.421636654303632
1526 0.429842486747957
1525 0.438111322448841
1524 0.446440757074288
1523 0.450627424301366
1522 0.459043062831059
1521 0.463271380022513
1520 0.467512917692696
1519 0.475832537229224
1518 0.480117546098793
1517 0.484234793145243
1516 0.492874368925978
1515 0.497057675446051
1514 0.501410045443722
1513 0.510281177932574
1512 0.51465724044264
1511 0.51917431990497
1510 0.523561605027035
1509 0.528082841965872
1508 0.532479031509812
1507 0.532479031509812
1506 0.536882397068179
1505 0.536882397068179
1504 0.536882397068179
1503 0.532479031509812
1502 0.532479031509812
1501 0.528082841965872
1500 0.523694242513943
1499 0.519313642599023
1498 0.51494144698368
1497 0.510578055699884
1496 0.506223864002507
1495 0.5018792623245
1494 0.5018792623245
1493 0.497544636233751
1492 0.493220366391606
1491 0.493220366391606
1490 0.493220366391606
1489 0.493220366391606
1488 0.493042602337533
1487 0.493042602337533
1486 0.493042602337533
1485 0.497210681258426
1484 0.497210681258426
1483 0.501713989192032
1482 0.506064958441891
1481 0.510578055699884
1480 0.51494144698368
1479 0.519313642599023
1478 0.523694242513943
1477 0.527956967176606
1476 0.532359996085963
1475 0.541187389863572
1474 0.545610911103164
1473 0.545610911103164
1472 0.550040411953372
1471 0.554559178685086
1470 0.558992054710455
1469 0.558992054710455
1468 0.558992054710455
1467 0.563429528001621
1466 0.558992054710455
1465 0.558915615953988
1464 0.558915615953988
1463 0.558915615953988
1462 0.554559178685086
1461 0.554559178685086
1460 0.550131340658644
1459 0.550040411953372
1458 0.545610911103164
1457 0.545610911103164
1456 0.545610911103164
1455 0.549953906494001
1454 0.554395741239844
1453 0.558842752388355
1452 0.563294497236547
1451 0.567809485306366
1450 0.572262301857115
1449 0.576718435237171
1448 0.581139810764126
1447 0.581139810764126
1446 0.581139810764126
1445 0.581139810764126
1444 0.576673642983674
1443 0.572262301857115
1442 0.563360439934264
1441 0.554475459377706
1440 0.541187389863572
1439 0.532359996085963
1438 0.519313642599023
1437 0.510578055699884
1436 0.506064958441891
1435 0.501713989192032
1434 0.501713989192032
1433 0.506064958441891
1432 0.510425598215501
1431 0.519313642599023
1430 0.528082841965872
1429 0.541187389863572
1428 0.554395741239844
1427 0.567750528791616
1426 0.581139810764126
1425 0.594551183155505
1424 0.607971921638336
1423 0.616917862863427
1422 0.630325121941344
1421 0.634736175103843
1420 0.643563755508445
1419 0.652430455317106
1418 0.65685577021379
1417 0.665687745334403
1416 0.6702186339741
1415 0.679023945365105
1414 0.687794726285993
1413 0.696526712306772
1412 0.700876816577085
1411 0.713857100361831
1410 0.722446842161155
1409 0.735467676040359
1408 0.748130271515524
1407 0.760637058094409
1406 0.77297314269234
1405 0.785123639889042
1404 0.797073701320174
1403 0.808808545444972
1402 0.820313487608101
1401 0.827411188739073
1400 0.834816900857541
1399 0.838476138305456
1398 0.84257559361076
1397 0.84257559361076
1396 0.843015854771303
1395 0.839370680458228
1394 0.831991290836499
1393 0.827848530700595
1392 0.820313487608101
1391 0.808412773582678
1390 0.796703179201797
1389 0.784778534652998
1388 0.777044663546354
1387 0.764768788701117
1386 0.752317247773754
1385 0.743666148904499
1384 0.739453625562347
1383 0.734966271033383
1382 0.734966271033383
1381 0.739453625562347
1380 0.747861905809287
1379 0.756486360538334
1378 0.768881000711382
1377 0.785123639889042
1376 0.797073701320174
1375 0.812669792625133
1374 0.824094858647238
1373 0.838938029483668
1372 0.85021453383412
1371 0.860775576039099
1370 0.867652288549945
1369 0.877711266420895
1368 0.883712710224367
1367 0.890082534633806
1366 0.893760390230655
1365 0.899918252686916
1364 0.903469720724253
1363 0.906457542918823
1362 0.908862870665236
1361 0.911176389510683
1360 0.916204064726023
1359 0.918969966066837
1358 0.924376127339307
1357 0.929612004925258
1356 0.934674365228498
1355 0.940257187365061
1354 0.944266078189445
1353 0.948789451872379
1352 0.95444505087445
1351 0.958489134654252
1350 0.964195231322088
1349 0.969462118535211
1348 0.973554362654249
1347 0.978084746371321
1346 0.981648905496705
1345 0.984215059204031
1344 0.986573238811978
1343 0.987905722640721
1342 0.98889857830322
1341 0.989838681277356
1340 0.989838681277356
1339 0.989717267656049
1338 0.990484975235012
1337 0.989487294913568
1336 0.987333570472504
1335 0.98496986889303
1334 0.982397716312404
1333 0.979618770666605
1332 0.976634819909439
1331 0.973447780095541
1330 0.970731644066723
1329 0.967136941329113
1328 0.963345242365346
1327 0.95935896247678
1326 0.95729364152498
1325 0.955180633938874
1324 0.953020274090385
1323 0.953020274090385
1322 0.953020274090385
1321 0.955180633938874
1320 0.956650506484688
1319 0.960025724614961
1318 0.965760820298778
1317 0.970282257214841
1316 0.97511510984324
1315 0.98295787895141
1314 0.987673858091748
1313 0.993159376536345
1312 0.997276091839344
1311 0.99931832864591
1310 1
1309 0.99931832864591
1308 0.997793064786091
1307 0.995400907656418
1306 0.992148083311979
1305 0.987333570472504
1304 0.983096420974922
1303 0.977320999788879
1302 0.972454399687455
1301 0.967136941329113
1300 0.961981018855216
1299 0.955773089560034
1298 0.949672199763901
1297 0.945007995650888
1296 0.937669641987425
1295 0.932553849296163
1294 0.924552808858581
1293 0.919005380259359
1292 0.913291217284289
1291 0.906955251344675
1290 0.897856983656023
1289 0.891598383938644
1288 0.88473311921815
1287 0.87819048206697
1286 0.871505753912683
1285 0.864682908144409
1284 0.857725977344626
1283 0.850639049334137
1282 0.840147823636735
1281 0.832740812351779
1280 0.825218372359748
1279 0.817891970466552
1278 0.806223871028412
1277 0.798318835427428
1276 0.786282850330185
1275 0.774046048508587
1274 0.761623451733691
1273 0.753245935964944
1272 0.740361007791516
1271 0.723230835747692
1270 0.71023455133576
1269 0.696993744079017
1268 0.679397508322079
1267 0.661664540700335
1266 0.643828828287965
1265 0.625923725750539
1264 0.607985397732203
1263 0.585524636482253
1262 0.567591746057645
1261 0.545346554206454
1260 0.523205757451813
1259 0.501410045443722
1258 0.484234793145243
1257 0.471363553794388
1256 0.467098071872104
1255 0.467098071872104
1254 0.471363553794388
1253 0.475641736440247
1252 0.484414468220518
1251 0.493042602337533
1250 0.506064958441891
1249 0.51494144698368
1248 0.523694242513943
1247 0.532479031509812
1246 0.541292519982315
1245 0.545708977065671
1244 0.550131340658644
1243 0.554559178685086
1242 0.558992054710455
1241 0.558992054710455
1240 0.558992054710455
1239 0.558992054710455
1238 0.558992054710455
1237 0.554559178685086
1236 0.550040411953372
1235 0.545610911103164
1234 0.545610911103164
1233 0.541187389863572
1232 0.536882397068179
1231 0.532479031509812
1230 0.528082841965872
1229 0.523694242513943
1228 0.519313642599023
1227 0.51494144698368
1226 0.510425598215501
1225 0.506064958441891
1224 0.501713989192032
1223 0.497373076717977
1222 0.493042602337533
1221 0.493220366391606
1220 0.493220366391606
1219 0.493042602337533
1218 0.493042602337533
1217 0.497373076717977
1216 0.501557508986466
1215 0.510281177932574
1214 0.519042261016869
1213 0.532247032046615
1212 0.545517686502324
1211 0.563294497236547
1210 0.576673642983674
1209 0.594551183155505
1208 0.612445339282643
1207 0.625858252228326
1206 0.643770072176093
1205 0.657134141101028
1204 0.670444844449459
1203 0.679281989808749
1202 0.687944828715918
1201 0.696693478188132
1200 0.701051952441079
1199 0.705399139148448
1198 0.709734495977043
1197 0.709734495977043
1196 0.714244673300028
1195 0.71856266981075
1194 0.72286721709085
1193 0.72266414348186
1192 0.726946731067278
1191 0.730980475544619
1190 0.73918597485614
1189 0.73918597485614
1188 0.743389453446046
1187 0.747576159603489
1186 0.747861905809287
1185 0.743925983333352
1184 0.735905890115509
1183 0.723230835747692
1182 0.701754420495896
1181 0.675393163697433
1180 0.635096038255706
1179 0.576361138301972
1178 0.500519032928283
1177 0.399030305193361
1176 0.297500959750355
1175 0.218437803304492
1174 0.180845938066167
1173 0.166193818371762
1172 0.168575882416008
1171 0.178343748394577
1170 0.193855360910079
1169 0.210272614915439
1168 0.224889093154885
1167 0.239957839318703
1166 0.255657449704864
1165 0.269020187926252
1164 0.278858563995174
1163 0.285851009815428
1162 0.292953914581513
1161 0.296371079823088
1160 0.296371079823088
1159 0.296371079823088
1158 0.292953914581513
1157 0.289223336499521
1156 0.282502020179755
1155 0.279176458915602
1154 0.272595962567775
1153 0.269341186017993
1152 0.263248656235448
1151 0.260435570015484
1150 0.257670740398302
1149 0.257670740398302
1148 0.254953978637938
1147 0.254953978637938
1146 0.254953978637938
1145 0.254953978637938
1144 0.254953978637938
1143 0.258523844946444
1142 0.261678685966906
1141 0.264857086247094
1140 0.27128431358243
1139 0.274533003714717
1138 0.281100159924456
1137 0.28733463191795
1136 0.297501600540271
1135 0.304393331322367
1134 0.314511703396625
1133 0.324864243108095
1132 0.335780188620243
1131 0.342838012011202
1130 0.350312174882224
1129 0.357869325229506
1128 0.361678543264455
1127 0.361385601994114
1126 0.365217966021127
1125 0.36111183879757
1124 0.360857470328815
1123 0.35680307792771
1122 0.35680307792771
1121 0.352784979597248
1120 0.349004863437782
1119 0.341732967941627
1118 0.338018463691624
1117 0.334325521958399
1116 0.330654309935079
1115 0.327258197317988
1114 0.32363266564877
1113 0.320029272705724
1112 0.31644816474199
1111 0.312889482776174
1110 0.309092053840502
1109 0.305577185124554
1108 0.302085193265388
1107 0.298616198262476
1106 0.294926206334127
1105 0.291502446197538
1104 0.291502446197538
1103 0.288102064974379
1102 0.284725162094347
1101 0.281371832016841
1100 0.281371832016841
1099 0.278042164268037
1098 0.278291244044127
1097 0.274986163038731
1096 0.274986163038731
1095 0.274986163038731
1094 0.274986163038731
1093 0.274986163038731
1092 0.271704858238178
1091 0.271704858238178
1090 0.271704858238178
1089 0.271704858238178
1088 0.271454149423893
1087 0.271454149423893
1086 0.271454149423893
1085 0.271454149423893
1084 0.271454149423893
1083 0.271226863924258
1082 0.271226863924258
1081 0.267968006737682
1080 0.267968006737682
1079 0.264733166441107
1078 0.261522408079931
1077 0.258335791999712
1076 0.255173373889327
1075 0.252265812167977
1074 0.246063161977038
1073 0.239957839318703
1072 0.233950094991489
1071 0.228040110528339
1070 0.222227999749703
1069 0.213693433390946
1068 0.205379065594546
1067 0.197284472964452
1066 0.18683226124924
1065 0.176539036716155
1064 0.16924375858539
1063 0.15984971624002
1062 0.150831838444751
1061 0.142184672066155
1060 0.131887686693685
1059 0.124051454842999
1058 0.116564077461837
1057 0.109417764374733
1056 0.102604318888382
1055 0.0961151897710493
1054 0.0899415216174165
1053 0.0842505442046339
1052 0.0786746303000822
1051 0.074681871583335
1050 0.0708467813937091
1049 0.067165292701913
1048 0.0638029689474137
1047 0.0604116309447575
1046 0.0582295030268127
1045 0.056108972776506
1044 0.0550714286789189
1043 0.0538934936275071
1042 0.0528872726317203
1041 0.051895693578051
1040 0.051895693578051
1039 0.051895693578051
1038 0.051895693578051
1037 0.051895693578051
1036 0.0528872726317203
1035 0.0538934936275071
1034 0.0549145073574632
1033 0.0559504648602437
1032 0.0580678163981295
1031 0.0591495134808784
1030 0.0615261725825975
1029 0.062656568057077
1028 0.0649655268264292
1027 0.067530740428199
1026 0.0699748494058601
1025 0.0724866023669668
1024 0.0750672013141779
1023 0.0777178435081483
1022 0.0804397202460527
1021 0.0832340156053329
1020 0.0846586880011451
1019 0.0875638124602891
1018 0.0903243172211349
1017 0.0933779976529875
1016 0.0949338913847661
1015 0.0981044911890119
1014 0.0997194764762196
1013 0.103009508028713
1012 0.104684827047828
1011 0.106380528103868
1010 0.108096744560051
1009 0.109833608486673
1008 0.11007246697894
1007 0.11183159321577
1006 0.113874222991796
1005 0.113874222991796
1004 0.113874222991796
1003 0.113874222991796
1002 0.113874222991796
1001 0.113874222991796
1000 0.11183159321577
999 0.11007246697894
998 0.108096744560051
997 0.106380528103868
996 0.104470746074822
995 0.102796843144756
994 0.0995096808590797
993 0.0978961477458982
992 0.0949338913847661
991 0.0918415202602957
990 0.0890445546221927
989 0.0875638124602891
988 0.0846586880011451
987 0.0816178052715203
986 0.078863264909955
985 0.0775130127875713
984 0.0748658010681221
983 0.0724866023669668
982 0.0687444146968201
981 0.0665394004836141
980 0.0630406949267565
979 0.0596860351496886
978 0.0564713510271368
977 0.0542189920137333
976 0.052214576619081
975 0.0512341907941631
974 0.0512341907941631
973 0.0512341907941631
972 0.0523958231295774
971 0.0533925785985647
970 0.0544039851564157
969 0.0564713510271368
968 0.0575276106227555
967 0.0584066037620059
966 0.0594916314350591
965 0.0593127915908159
964 0.0582295030268127
963 0.0559504648602437
962 0.0517580390222833
961 0.0460006481171212
960 0.0391506718625748
959 0.0317528252278638
958 0.023865824466511
957 0.0166613330610223
956 0.0115225114923547
955 0.00889514972754868
954 0.00810626648167451
953 0.0078534501738303
952 0.00810626648167451
951 0.00866075314641136
950 0.00924363143638063
949 0.0101479634668223
948 0.0111137242719265
947 0.0124796614988582
946 0.0139618481435479
945 0.0154790142419191
944 0.0166916014379178
943 0.018512542379996
942 0.0198910048031927
941 0.0209660706684427
940 0.0214604423600516
939 0.0219634518380487
938 0.0219634518380487
937 0.021343922321686
936 0.0203668828551642
935 0.0189639495677798
934 0.017537173706231
933 0.0159666989672216
932 0.0140461103212725
931 0.0123787550816768
930 0.0104743019335142
929 0.00877533453131568
928 0.00726298048579889
927 0.00586251618564074
926 0.00467757785350791
925 0.0036298354507591
924 0.00270540025724526
923 0.00189151344648274
922 0.00128926093451613
921 0.000883930703285546
920 0.000481973553334583
919 0.000114352244156294
