-1723940.79617378 3510757.53906501
2335 0
2334 0.000301965835818051
2333 0.000635370177040105
2332 0.000876513155187405
2331 0.00126879413201772
2330 0.0014081815155218
2329 0.0017006450079397
2328 0.00201223056956426
2327 0.00217553186439305
2326 0.0023440251294753
2325 0.00251785401928631
2324 0.00269716538935326
2323 0.00288210934097653
2322 0.00307283926565462
2321 0.00326951188917187
2320 0.00326951188917187
2319 0.00347228731530702
2318 0.00368132906911937
2317 0.00389680413976823
2316 0.00389680413976823
2315 0.00411888302282033
2314 0.004583551990323
2313 0.00482650097059974
2312 0.0052923253807871
2311 0.00582669340084996
2310 0.00639309471459654
2309 0.00699315253734603
2308 0.00796004818594131
2307 0.00865175642293356
2306 0.00976459432724194
2305 0.0109735615613834
2304 0.0127469044479435
2303 0.0142073141798754
2302 0.0163428820363442
2301 0.0180962137116968
2300 0.0206521832957391
2299 0.0234766895499013
2298 0.0265916052668201
2297 0.0300197848642685
2296 0.032810771357628
2295 0.0368449010104685
2294 0.0401189025848493
2293 0.0448361629850243
2292 0.049476178695669
2291 0.0535808169671793
2290 0.0579482269187196
2289 0.0625897574453522
2288 0.0675167797695622
2287 0.0709656742707151
2286 0.072740641981386
2285 0.0763937008222249
2284 0.0782726202409262
2283 0.0782726202409262
2282 0.0801870153758674
2281 0.0782726202409262
2280 0.0782726202409262
2279 0.0763937008222249
2278 0.0745498458257317
2277 0.0709656742707151
2276 0.0692245261500885
2275 0.0658420161872759
2274 0.0625897574453522
2273 0.0585535205692222
2272 0.0541334835330104
2271 0.0513354800970466
2270 0.0473530213719188
2269 0.0443925937511962
2268 0.0420101824682617
2267 0.0386266004367471
2266 0.0364928706273059
2265 0.0334673309781201
2264 0.0306425182906456
2263 0.0288657354840963
2262 0.0271706048524382
2261 0.0247746138594468
2260 0.0232709207883289
2259 0.0225461144216563
2258 0.0211488694296138
2257 0.0204757572850629
2256 0.0198192095208746
2255 0.0198192095208746
2254 0.0191788991686993
2253 0.0191788991686993
2252 0.0185545032358563
2251 0.0185545032358563
2250 0.0179457027333968
2249 0.0180962137116968
2248 0.0179457027333968
2247 0.0179457027333968
2246 0.0174967139185849
2245 0.0179457027333968
2244 0.0173521827011726
2243 0.0173521827011726
2242 0.01677363222998
2241 0.01677363222998
2240 0.0162097444808478
2239 0.0156602167015406
2238 0.0151247502403449
2237 0.0140948272323141
2236 0.0135997939721191
2235 0.0126481731224785
2234 0.0117459802647124
2233 0.0104807014277606
2232 0.00938329492711098
2231 0.00865175642293356
2230 0.00762855182119771
2229 0.00699315253734603
2228 0.00639309471459654
2227 0.00555560429715208
2226 0.00503666322137647
2225 0.00454743402415963
2224 0.00386609216253316
2223 0.00365227431270773
2222 0.00324356841625455
2221 0.00285902107252512
2220 0.00284127149576777
2219 0.0024973818558036
2218 0.0024973818558036
2217 0.0024973818558036
2216 0.0024973818558036
2215 0.00267541403375817
2214 0.00267541403375817
2213 0.00285902107252512
2212 0.0030483543230123
2211 0.00324356841625455
2210 0.00344482130630384
2209 0.00365227431270773
2208 0.00386609216253316
2207 0.00408644303189114
2206 0.00431349858691698
2205 0.00454743402415963
2204 0.00478842811033242
2203 0.00525735199893082
2202 0.00525735199893082
2201 0.00525735199893082
2200 0.00525735199893082
2199 0.00525735199893082
2198 0.00478842811033242
2197 0.00454743402415963
2196 0.00408644303189114
2195 0.00365227431270773
2194 0.00307283926565462
2193 0.00251785401928631
2192 0.00201223056956426
2191 0.00155208903159842
2190 0.0011338014820384
2189 0.000876513155187405
2188 0.000753980911690073
2187 0.000635370177040105
2186 0.000635370177040105
2185 0.000876513155187405
2184 0.0011338014820384
2183 0.00155208903159842
2182 0.00217553186439305
2181 0.00288210934097653
2180 0.00368132906911937
2179 0.004583551990323
2178 0.00533455262508512
2177 0.00587341891594106
2176 0.00644468457286629
2175 0.00674297922953251
2174 0.00704999601427912
2173 0.00650462988216411
2172 0.00674297922953251
2171 0.00592805923303266
2170 0.00565217029987328
2169 0.00512417078232032
2168 0.00462656828876745
2167 0.00420355375617203
2166 0.00375814508514991
2165 0.00333907246150013
2164 0.00294497611082681
2163 0.00275688461152884
2162 0.00275688461152884
2161 0.00275688461152884
2160 0.00294497611082681
2159 0.00313898501205807
2158 0.00354540309546951
2157 0.00420355375617203
2156 0.00498425394195043
2155 0.00578062319804423
2154 0.00695820049442106
2153 0.00828074181836863
2152 0.00988651419816112
2151 0.0112789523422147
2150 0.0131253884516926
2149 0.014551371125283
2148 0.0167845554773967
2147 0.018282545215819
2146 0.0199056368969778
2145 0.0216638504597486
2144 0.0231429927493668
2143 0.0280556350917112
2142 0.0327421367132804
2141 0.0380237061244242
2140 0.0439555700936178
2139 0.0505949060515754
2138 0.056455154617296
2137 0.0651631187301124
2136 0.0704420550419168
2135 0.0772839077776883
2134 0.0833206020072767
2133 0.0889950257934895
2132 0.0934465009645905
2131 0.0988172926302009
2130 0.103624083406376
2129 0.106908786375736
2128 0.111994456998604
2127 0.113765846314988
2126 0.116413748223868
2125 0.118298111691283
2124 0.118298111691283
2123 0.12103124717346
2122 0.12103124717346
2121 0.123811085433417
2120 0.123811085433417
2119 0.123811085433417
2118 0.125853800155461
2117 0.125853800155461
2116 0.125114931514857
2115 0.127977517710912
2114 0.127977517710912
2113 0.127977517710912
2112 0.131638456994599
2111 0.131638456994599
2110 0.13460309738223
2109 0.13460309738223
2108 0.136855392344449
2107 0.139912574430629
2106 0.142295445650558
2105 0.146175801883479
2104 0.149382485605714
2103 0.152639622677426
2102 0.159306405631361
2101 0.166178323111651
2100 0.17249868403783
2099 0.179780988927604
2098 0.186555630015206
2097 0.193586355199595
2096 0.201500753017267
2095 0.209631375562523
2094 0.217978790235781
2093 0.226543265215809
2092 0.235324757163676
2091 0.240471276638835
2090 0.250296323344082
2089 0.260375704074748
2088 0.269895053793862
2087 0.274733188809542
2086 0.284565152579261
2085 0.294602800185212
2084 0.304843508544627
2083 0.315284265891866
2082 0.320578613617577
2081 0.331312928849009
2080 0.336751892758947
2079 0.341559643980034
2078 0.346472344284171
2077 0.345886001550787
2076 0.345886001550787
2075 0.339779548769329
2074 0.334264185849957
2073 0.323379562591647
2072 0.308009378238223
2071 0.298276835162913
2070 0.288814747430246
2069 0.278870881426867
2068 0.269135235378779
2067 0.264346141345374
2066 0.259609831611806
2065 0.254926501368151
2064 0.254926501368151
2063 0.259609831611806
2062 0.264346141345374
2061 0.273976895750848
2060 0.288814747430246
2059 0.298964432702831
2058 0.314568665838454
2057 0.324561544927461
2056 0.334820478215997
2055 0.345342877048517
2054 0.356611062701992
2053 0.362835725529759
2052 0.369130433695525
2051 0.369130433695525
2050 0.375490371025725
2049 0.375490371025725
2048 0.375490371025725
2047 0.376111554208027
2046 0.376111554208027
2045 0.382556663012155
2044 0.387751278071697
2043 0.39955544035641
2042 0.411517501269163
2041 0.423630493976779
2040 0.43588702548943
2039 0.447814275642272
2038 0.460365423939657
2037 0.465924750099858
2036 0.471975556096485
2035 0.471975556096485
2034 0.471975556096485
2033 0.46558209191692
2032 0.459574220618136
2031 0.447376365894925
2030 0.428752840742416
2029 0.410450223674126
2028 0.3930458292491
2027 0.381300167504654
2026 0.36972360658021
2025 0.358322040096699
2024 0.352688604356387
2023 0.352688604356387
2022 0.35334944763635
2021 0.358973545970608
2020 0.365322270287926
2019 0.376111554208027
2018 0.387751278071697
2017 0.398980113613268
2016 0.417018729770889
2015 0.435392130089428
2014 0.454074256784441
2013 0.466686679675778
2012 0.485819615144251
2011 0.498704067814779
2010 0.518473780009906
2009 0.531529083783377
2008 0.551228676002909
2007 0.571034282385113
2006 0.590906128914424
2005 0.610829931936675
2004 0.630780078691659
2003 0.657278577339788
2002 0.683262885356071
2001 0.709113916896188
2000 0.734521172550565
1999 0.759981108906967
1998 0.784928190712245
1997 0.809223995937363
1996 0.837526038995861
1995 0.854549947897428
1994 0.87523173361687
1993 0.889929179882376
1992 0.908356579713222
1991 0.919005621922283
1990 0.925775173266886
1989 0.937090459668902
1988 0.944139710435852
1987 0.950782035570316
1986 0.957008153908399
1985 0.962809325333097
1984 0.968177371212375
1983 0.970696574534531
1982 0.971485544845626
1981 0.975400872365127
1980 0.977584293195152
1979 0.979120682235054
1978 0.979120682235054
1977 0.980549718047683
1976 0.978345893361601
1975 0.977329814877433
1974 0.973510161190293
1973 0.966896038238939
1972 0.959782535336075
1971 0.948904769227851
1970 0.940665350132036
1969 0.928244792317433
1968 0.916412221060707
1967 0.906677662488284
1966 0.898013581622746
1965 0.887637069405819
1964 0.878347100627657
1963 0.873581848271715
1962 0.874873161207463
1961 0.870003568111381
1960 0.870003568111381
1959 0.871196567699687
1958 0.871196567699687
1957 0.872316653154163
1956 0.873363030788679
1955 0.868345479871147
1954 0.868345479871147
1953 0.862250327369114
1952 0.856057064565823
1951 0.845600470207037
1950 0.840268134838264
1949 0.829403933851051
1948 0.818285237682098
1947 0.806926057934528
1946 0.79534055985552
1945 0.783543033184629
1944 0.777569251561933
1943 0.772212190864248
1942 0.766118654252152
1941 0.766118654252152
1940 0.765480676176786
1939 0.765480676176786
1938 0.777569251561933
1937 0.790210524631814
1936 0.807747316403579
1935 0.825612319268603
1934 0.847532286733612
1933 0.868345479871147
1932 0.886831770382775
1931 0.908060396271282
1930 0.922926536675048
1929 0.941101981617298
1928 0.953836412580418
1927 0.967380935963517
1926 0.976243631973398
1925 0.985094410812197
1924 0.987376720637237
1923 0.990402521427434
1922 0.992365318723899
1921 0.993080024683023
1920 0.993318374068237
1919 0.995111033306516
1918 0.996672475311146
1917 0.99830181381451
1916 0.99830181381451
1915 0.999817588550162
1914 0.998483398735359
1913 0.998483398735359
1912 0.996913414915069
1911 0.996913414915069
1910 0.996913414915069
1909 0.996853174568442
1908 0.995111033306516
1907 0.995111033306516
1906 0.993080024683023
1905 0.993080024683023
1904 0.992782168165012
1903 0.992782168165012
1902 0.992365318723899
1901 0.993673891934562
1900 0.993015894136981
1899 0.994747048138393
1898 0.993965903460188
1897 0.994747048138393
1896 0.996366956182748
1895 0.998541637294688
1894 0.999513643212643
1893 1
1892 0.996853174568442
1891 0.994212577203268
1890 0.990402521427434
1889 0.987376720637237
1888 0.983297659942483
1887 0.978178443093947
1886 0.967940538388027
1885 0.963093493414957
1884 0.955011738705303
1883 0.950807922100535
1882 0.947675287434799
1881 0.941101981617298
1880 0.936024653733512
1879 0.92889090976779
1878 0.926755823628191
1877 0.924395117950443
1876 0.920450477636201
1875 0.916412221060707
1874 0.908060396271282
1873 0.903749663471511
1872 0.894865837691327
1871 0.88437551053004
1870 0.876091026750251
1869 0.866224998281441
1868 0.856057064565823
1867 0.839229901182534
1866 0.828419078144247
1865 0.818285237682098
1864 0.81263482618675
1863 0.801160708154475
1862 0.79534055985552
1861 0.789467402917506
1860 0.783543033184629
1859 0.784259945767324
1858 0.790903342938228
1857 0.797492286368198
1856 0.804019491130372
1855 0.815681136480374
1854 0.827107562434525
1853 0.843774538128492
1852 0.858993106773795
1851 0.874334955824392
1850 0.892640628010925
1849 0.905027520621803
1848 0.917752566286333
1847 0.925775173266886
1846 0.933416280186553
1845 0.938433733054575
1844 0.938433733054575
1843 0.937090459668902
1842 0.93199817965664
1841 0.928244792317433
1840 0.916412221060707
1839 0.908060396271282
1838 0.890295730363387
1837 0.877234565398209
1836 0.857105216755149
1835 0.83581777180383
1834 0.81915804626998
1833 0.796109817714089
1832 0.772212190864248
1831 0.747022438040596
1830 0.727703407023512
1829 0.702285384681884
1828 0.682942101729887
1827 0.663411859150504
1826 0.650310965506428
1825 0.630572626174738
1824 0.617375252443705
1823 0.604162406984556
1822 0.590946931653308
1821 0.577652883127695
1820 0.564423054990415
1819 0.551055383952693
1818 0.537662854023224
1817 0.524496791907879
1816 0.517695871219424
1815 0.504350658899035
1814 0.491323924423983
1813 0.485149549244259
1812 0.472659016060091
1811 0.466686679675778
1810 0.45452374262633
1809 0.448279278608576
1808 0.442573851740572
1807 0.436409930065508
1806 0.430279539289958
1805 0.424765599383104
1804 0.424765599383104
1803 0.430279539289958
1802 0.430279539289958
1801 0.436409930065508
1800 0.442573851740572
1799 0.449286167984774
1798 0.454998202522599
1797 0.461256524285424
1796 0.467104000700526
1795 0.473437579167667
1794 0.479798604149368
1793 0.479798604149368
1792 0.486185904087889
1791 0.486571673482169
1790 0.486185904087889
1789 0.479798604149368
1788 0.473437579167667
1787 0.473036900556404
1786 0.466686679675778
1785 0.454074256784441
1784 0.447814275642272
1783 0.441586551768875
1782 0.429232029062302
1781 0.423107240560538
1780 0.417018729770889
1779 0.417018729770889
1778 0.410450223674126
1777 0.40996691870874
1776 0.415604019400936
1775 0.421727765890008
1774 0.427888806218591
1773 0.440711638404332
1772 0.453254462039611
1771 0.472659016060091
1770 0.491920523253741
1769 0.511680356695616
1768 0.53808145007328
1767 0.557820695004017
1766 0.577652883127695
1765 0.597537687857405
1764 0.617433205046624
1763 0.637296083093606
1762 0.650497865408484
1761 0.657081665376718
1760 0.663651795336385
1759 0.663651795336385
1758 0.657278577339788
1757 0.650827607752932
1756 0.644184054958965
1755 0.624259837597874
1754 0.610851962729392
1753 0.590821141768738
1752 0.564292290093446
1751 0.537866879300444
1750 0.511680356695616
1749 0.479052934283341
1748 0.453650823150026
1747 0.428752840742416
1746 0.404425110430764
1745 0.38072687472452
1744 0.363398029195525
1743 0.352068329371385
1742 0.340923098019338
1741 0.329967149423698
1740 0.329359764609373
1739 0.323379562591647
1738 0.322857705233347
1737 0.317484463179987
1736 0.317484463179987
1735 0.317484463179987
1734 0.317484463179987
1733 0.318011339207879
1732 0.312693155457091
1731 0.30742546436045
1730 0.297043243381871
1729 0.291929491396783
1728 0.281858460553717
1727 0.271998113488856
1726 0.262350574474286
1725 0.252917588570538
1724 0.244322899216416
1723 0.235324757163676
1722 0.227219949235543
1721 0.222910793711154
1720 0.219383282467914
1719 0.215181953654726
1718 0.214454563154553
1717 0.214454563154553
1716 0.217978790235781
1715 0.222233890452708
1714 0.221608400279767
1713 0.225917925285151
1712 0.225917925285151
1711 0.225917925285151
1710 0.226543265215809
1709 0.222233890452708
1708 0.217978790235781
1707 0.205538993869284
1706 0.193586355199595
1705 0.178402543473728
1704 0.160618170519294
1703 0.143552395521106
1702 0.125463400158864
1701 0.109122452141684
1700 0.0944402355879265
1699 0.0813186906460105
1698 0.0700846745964816
1697 0.0597340792317482
1696 0.0524603115920488
1695 0.0468753006407364
1694 0.0417705647914079
1693 0.0382386324871774
1692 0.0346309771148157
1691 0.0325749463576331
1690 0.0315836559504658
1689 0.0315836559504658
1688 0.030616249972624
1687 0.0309095745337315
1686 0.031882524128795
1685 0.0322060059390258
1684 0.0332089141534472
1683 0.034236256568385
1682 0.034236256568385
1681 0.0352884825036048
1680 0.03601816094323
1679 0.0356966256278265
1678 0.0364873264946039
1677 0.0364873264946039
1676 0.0373204439531041
1675 0.0373204439531041
1674 0.0375994611575194
1673 0.0375994611575194
1672 0.0379054876669526
1671 0.0379054876669526
1670 0.0382386324871774
1669 0.0371152930051119
1668 0.0367879746751569
1667 0.0367879746751569
1666 0.0367879746751569
1665 0.03601816094323
1664 0.03601816094323
1663 0.0374694007382099
1662 0.0374694007382099
1661 0.0385990098505568
1660 0.039755335862355
1659 0.0421500086922917
1658 0.0446571895468427
1657 0.0472806935716688
1656 0.0496058217500159
1655 0.0524603115920488
1654 0.0569831103303801
1653 0.0606300575091142
1652 0.0656824477777423
1651 0.0697652235630103
1650 0.0734744406544386
1649 0.0799336422422075
1648 0.084044014370735
1647 0.0855273977697338
1646 0.0898663300596076
1645 0.0920981699289207
1644 0.094372212983884
1643 0.094372212983884
1642 0.0966889195707263
1641 0.0966889195707263
1640 0.0966889195707263
1639 0.0966889195707263
1638 0.0937531123705543
1637 0.0937531123705543
1636 0.0909148404566798
1635 0.0881727725798055
1634 0.086001903383546
1633 0.084383781846242
1632 0.0828343710452524
1631 0.0813516548904084
1630 0.0793237895339527
1629 0.077937683838004
1628 0.0766133603998287
1627 0.074686684942275
1626 0.074686684942275
1625 0.0727978655772974
1624 0.0727978655772974
1623 0.0727978655772974
1622 0.0727978655772974
1621 0.0709464222097909
1620 0.0703375056248969
1619 0.068530956897085
1618 0.066203722585432
1617 0.0627860077131407
1616 0.0574349521767247
1615 0.0528921251707364
1614 0.0486372700283559
1613 0.0421500086922917
1612 0.0374694007382099
1611 0.0325542494045741
1610 0.0287528943695026
1609 0.0245001220891863
1608 0.0214646860920723
1607 0.0184796210710258
1606 0.0172260932416705
1605 0.0160380209421843
1604 0.0160380209421843
1603 0.0160380209421843
1602 0.0166240524403558
1601 0.0178444966704104
1600 0.0198014911485476
1599 0.0219189484085895
1598 0.0231584274571917
1597 0.0255500043702009
1596 0.0269766517563784
1595 0.0278529186932563
1594 0.0278529186932563
1593 0.0278529186932563
1592 0.0263884971220694
1591 0.0247324359458771
1590 0.0219189484085895
1589 0.0191318297890814
1588 0.0166240524403558
1587 0.0143725246275966
1586 0.0123554415328857
1585 0.0105522927642709
1584 0.00894385726919938
1583 0.00785446728634801
1582 0.00699567864104633
1581 0.0063719993632404
1580 0.00607392268073294
1579 0.00578471180843012
1578 0.00550414029222748
1577 0.00523198615927964
1576 0.00511355582118185
1575 0.00511355582118185
1574 0.00511355582118185
1573 0.0053825605837053
1572 0.00550414029222748
1571 0.00550414029222748
1570 0.00550414029222748
1569 0.005635136268691
1568 0.00535960492571241
1567 0.00509234136100724
1566 0.00483313171130811
1565 0.00422325831553153
1564 0.00376394908790637
1563 0.00333258461372512
1562 0.00282948832534677
1561 0.00227873862743767
1560 0.00177885853856671
1559 0.00139631707527462
1558 0.000978455004274085
1557 0.000786120346886679
1556 0.000662014994826099
1555 0.000662014994826099
1554 0.000662014994826099
1553 0.000914485492220037
1552 0.00125237081876338
1551 0.00162280808102217
1550 0.0021066713961275
1549 0.00263998376540125
1548 0.00322710627090257
1547 0.00365070732176096
1546 0.00387270550525662
1545 0.00410175226523751
1544 0.00410175226523751
1543 0.00387270550525662
1542 0.00343556910269728
1541 0.00293140176428745
1540 0.00219777456230883
1539 0.00164022075770724
1538 0.000932963638049603
1537 0.00033420260873545
