-265169.430524353 4557176.78729669
3482 0.000244116865263919
3481 0.000969573711634218
3480 0.00165397754809762
3479 0.00225912731339483
3478 0.00254803765402857
3477 0.0027143603605295
3476 0.00238531779856669
3475 0.00207041670047724
3474 0.0014809356842269
3473 0.00107212113954098
3472 0.000716670868235214
3471 0.000474998350625787
3470 0.000244116865263919
3469 0.000132589356089774
3468 0
3459 2.36012618312206e-05
3458 0.000244116865263919
3457 0.000594458609612385
3456 0.00100029197647504
3455 0.00154411937801904
3454 0.00237971076138725
3453 0.0032790208272194
3452 0.00409031526367383
3451 0.0051999526201968
3450 0.00611794291343954
3449 0.0074659525119542
3448 0.00867696992565968
3447 0.0100008393894546
3446 0.0113167442092
3445 0.0128766779875764
3444 0.0144205389927745
3443 0.0158192538490609
3442 0.0175891947145113
3441 0.0190044613584402
3440 0.0201862194997166
3439 0.0217435951542009
3438 0.0222814539407943
3437 0.0228289008894107
3436 0.0230479301468758
3435 0.0230479301468758
3434 0.0224974599930776
3433 0.0219566023545348
3432 0.0214252240441345
3431 0.0206042091339395
3430 0.0195996856346082
3429 0.018630587384848
3428 0.017695907423125
3427 0.0165524713403539
3426 0.0156937720259708
3425 0.0148662208427354
3424 0.0142561494510322
3423 0.0134824766985301
3422 0.0131063995550566
3421 0.0127373491265192
3420 0.0123752172562774
3419 0.0123752172562774
3418 0.0120198969266977
3417 0.0120198969266977
3416 0.0123752172562774
3415 0.0123752172562774
3414 0.0127373491265192
3413 0.0129210873582466
3412 0.0132930038863948
3411 0.0136719771958893
3410 0.0144515324169291
3409 0.0148523362805055
3408 0.0152606408272723
3407 0.016100208267889
3406 0.0165317021175052
3405 0.0174186958584749
3404 0.0183384916969538
3403 0.0185844068512386
3402 0.0195486332519231
3401 0.020548000183567
3400 0.0215835210114474
3399 0.0226562263983053
3398 0.0237671640700292
3397 0.0249173985517569
3396 0.0261080108735295
3395 0.0276225728776749
3394 0.0289047152723471
3393 0.0302306728887311
3392 0.0309104382188389
3391 0.0326255860735033
3390 0.0340741692914928
3389 0.0355707092237941
3388 0.0363373325330439
3387 0.0379080317023964
3386 0.039529670636749
3385 0.0403599712762241
3384 0.042060298243743
3383 0.0429306317988753
3382 0.0447124115637392
3381 0.0456241684541472
3380 0.0474901968407253
3379 0.0484447820185557
3378 0.0508228611229269
3377 0.0528446149773565
3376 0.0553860851546144
3375 0.0564553415945523
3374 0.0586411509375777
3373 0.0608910761091496
3372 0.0632063829039959
3371 0.0668047030350381
3370 0.0692890009089355
3369 0.073146728519058
3368 0.0758079000452903
3367 0.0799368107894097
3366 0.0827826624699488
3365 0.0871943792246818
3364 0.0917812646957424
3363 0.0943419472691226
3362 0.099826265640415
3361 0.103187735886463
3360 0.108387212120868
3359 0.11195998970086
3358 0.115619195362774
3357 0.119365881041015
3356 0.123201071791093
3355 0.127125764013731
3354 0.129121976275031
3353 0.133182721844352
3352 0.134565767900655
3351 0.13665036161006
3350 0.138758208097171
3349 0.140889415908339
3348 0.145222337836032
3347 0.147424257015008
3346 0.149649947523826
3345 0.151899505521258
3344 0.154173024509328
3343 0.156470595273235
3342 0.159505688102496
3341 0.164226581106376
3340 0.166623435085426
3339 0.171490330555103
3338 0.176455269924069
3337 0.181518760916065
3336 0.186681258181189
3335 0.191943161394262
3334 0.19730481336274
3333 0.202766498147023
3332 0.208328439196067
3331 0.217624363130017
3330 0.223437434793992
3329 0.229350517869054
3328 0.235363527472582
3327 0.242257994748782
3326 0.251609880687585
3325 0.257967633727446
3324 0.264423431399857
3323 0.270976771317974
3322 0.274289841222875
3321 0.280230256877689
3320 0.287030861128979
3319 0.290467144763446
3318 0.297411152958681
3317 0.300918652886253
3316 0.305183456623969
3315 0.308733696987738
3314 0.312307015337732
3313 0.312307015337732
3312 0.312307015337732
3311 0.312307015337732
3310 0.312307015337732
3309 0.312307015337732
3308 0.308733696987738
3307 0.304449658083481
3306 0.300918652886253
3305 0.293927278596327
3304 0.290467144763446
3303 0.283618532103579
3302 0.280230256877689
3301 0.273526238720592
3300 0.266919497286297
3299 0.263652798996926
3298 0.257193090934955
3297 0.254000203873726
3296 0.247688634136381
3295 0.243809882769108
3294 0.240715095356291
3293 0.234600632610744
3292 0.228586490350105
3291 0.22267281084447
3290 0.216859665906933
3289 0.208328439196067
3288 0.200023136245035
3287 0.191943161394262
3286 0.1840876074741
3285 0.176455269924069
3284 0.169044661086628
3283 0.161854024626043
3282 0.157181491035124
3281 0.154881350024436
3280 0.152605178831814
3279 0.150352888439221
3278 0.150352888439221
3277 0.150352888439221
3276 0.152605178831814
3275 0.157181491035124
3274 0.159505688102496
3273 0.166623435085426
3272 0.171490330555103
3271 0.176455269924069
3270 0.1840876074741
3269 0.186681258181189
3268 0.191943161394262
3267 0.194611499631486
3266 0.200023136245035
3265 0.202766498147023
3264 0.205534925091142
3263 0.205534925091142
3262 0.208328439196067
3261 0.21114705861949
3260 0.213990797501267
3259 0.216859665906933
3258 0.219753669771633
3257 0.22267281084447
3256 0.225617086633318
3255 0.231581010856602
3254 0.236904163025574
3253 0.243070516540567
3252 0.253244050832192
3251 0.259657891718962
3250 0.266170746228486
3249 0.27278209526885
3248 0.279491339792285
3247 0.282882463446638
3246 0.286297799385215
3245 0.289737249621131
3244 0.293200710916502
3243 0.296688074743618
3242 0.296688074743618
3241 0.300199227247145
3240 0.303734049207396
3239 0.303734049207396
3238 0.307292416004676
3237 0.307292416004676
3236 0.310874197584752
3235 0.314479258425444
3234 0.31810745750439
3233 0.321082429518263
3232 0.324761100056143
3231 0.328462618724008
3230 0.332186822980043
3229 0.335933544600751
3228 0.339702609655481
3227 0.344139707027431
3226 0.347947265504774
3225 0.351776440795663
3224 0.351776440795663
3223 0.351776440795663
3222 0.351776440795663
3221 0.35562703537476
3220 0.35562703537476
3219 0.3594988459452
3218 0.363391663422094
3217 0.367305272917492
3216 0.371239453726817
3215 0.379168617314928
3214 0.39121079426619
3213 0.399334950639237
3212 0.407533481761181
3211 0.419965869434495
3210 0.432552747387084
3209 0.445285785972289
3208 0.458156185692413
3207 0.470764121263205
3206 0.484271548727615
3205 0.493076881084845
3204 0.501927182948494
3203 0.506368196950169
3202 0.510819242031068
3201 0.510819242031068
3200 0.510819242031068
3199 0.506368196950169
3198 0.501927182948494
3197 0.497496609582938
3196 0.488668396316184
3195 0.484271548727615
3194 0.47551431159845
3193 0.466808207601597
3192 0.462475255579389
3191 0.453851352495784
3190 0.449561104865302
3189 0.445285785972289
3188 0.445285785972289
3187 0.445285785972289
3186 0.445285785972289
3185 0.445285785972289
3184 0.449118192778336
3183 0.45341857412874
3182 0.4577337101307
3181 0.462475255579389
3180 0.466808207601597
3179 0.471154681551594
3178 0.47551431159845
3177 0.479886726318444
3176 0.484271548727615
3175 0.488668396316184
3174 0.493076881084845
3173 0.501927182948494
3172 0.506368196950169
3171 0.515279903354445
3170 0.528715358227086
3169 0.53771257088918
3168 0.551259895354337
3167 0.560320471710958
3166 0.573945536475482
3165 0.58760013309841
3164 0.601270991500111
3163 0.614904742604603
3162 0.623983109687144
3161 0.633051862642262
3160 0.64210677189427
3159 0.646627699301844
3158 0.651143556658871
3157 0.655653801380103
3156 0.660157888076869
3155 0.664655268660339
3154 0.664655268660339
3153 0.664425458311936
3152 0.668898210087816
3151 0.67336307755112
3150 0.677819508565748
3149 0.682266948765406
3148 0.686704841663048
3147 0.69113262876164
3146 0.69995564219707
3145 0.709137942009629
3144 0.71352471687586
3143 0.722257330597363
3142 0.730931536437193
3141 0.739542729033666
3140 0.743823252831093
3139 0.748086291141277
3138 0.756557597651141
3137 0.760764708562251
3136 0.764952019666929
3135 0.768459027055598
3134 0.768459027055598
3133 0.772586866447853
3132 0.771887863125231
3131 0.767778600414502
3130 0.763648408747821
3129 0.759497858045394
3128 0.755952146015775
3127 0.747517167198127
3126 0.739009904482685
3125 0.734730602268524
3124 0.726602022012351
3123 0.717898037459647
3122 0.709137942009629
3121 0.700326315792893
3120 0.695902604118885
3119 0.686704841663048
3118 0.682266948765406
3117 0.682266948765406
3116 0.682266948765406
3115 0.682566679484057
3114 0.687022221074001
3113 0.691467717278516
3112 0.695902604118885
3111 0.704738284790319
3110 0.713934490044443
3109 0.722702214904193
3108 0.731411654630217
3107 0.744356385524074
3106 0.752899805348131
3105 0.761368669975838
3104 0.769758318366742
3103 0.778717276420977
3102 0.782854444730536
3101 0.786968876960077
3100 0.791059989223694
3099 0.791059989223694
3098 0.786968876960077
3097 0.778717276420977
3096 0.766175204784524
3095 0.753449587957608
3094 0.740556259322403
3093 0.72313160853648
3092 0.705474289879246
3091 0.692100942198846
3090 0.683131930921122
3089 0.674125485818741
3088 0.665086131633245
3087 0.660555517409962
3086 0.660555517409962
3085 0.660555517409962
3084 0.665086131633245
3083 0.669609640995216
3082 0.678372799151995
3081 0.687327692965342
3080 0.70068371752485
3079 0.713934490044443
3078 0.72706450980333
3077 0.740058173527581
3076 0.757143848376172
3075 0.769758318366742
3074 0.786281336947952
3073 0.798431064845374
3072 0.810355564579758
3071 0.82203934507077
3070 0.833467056784285
3069 0.840935768947006
3068 0.848279477982988
3067 0.855493783202108
3066 0.862574333777107
3065 0.869516833092236
3064 0.87293498672306
3063 0.879662482214684
3062 0.882970788449405
3061 0.889473961071188
3060 0.895822524061455
3059 0.8989375859437
3058 0.905046831549665
3057 0.908040055077329
3056 0.910991714460103
3055 0.912607981447528
3054 0.915461285770341
3053 0.915461285770341
3052 0.918271820430059
3051 0.918271820430059
3050 0.918271820430059
3049 0.915461285770341
3048 0.915461285770341
3047 0.912607981447528
3046 0.91390134304037
3045 0.910991714460103
3044 0.908040055077329
3043 0.905046831549665
3042 0.902012516010217
3041 0.900776185834467
3040 0.897715920382177
3039 0.897715920382177
3038 0.894615678221701
3037 0.894615678221701
3036 0.897715920382177
3035 0.897715920382177
3034 0.897715920382177
3033 0.900776185834467
3032 0.90379599568968
3031 0.906774876253799
3030 0.906774876253799
3029 0.909712359151274
3028 0.912607981447528
3027 0.915461285770341
3026 0.918271820430059
3025 0.916913445074665
3024 0.916913445074665
3023 0.919666962405167
3022 0.919666962405167
3021 0.916913445074665
3020 0.918271820430059
3019 0.915461285770341
3018 0.912607981447528
3017 0.909712359151274
3016 0.906774876253799
3015 0.90379599568968
3014 0.900776185834467
3013 0.897715920382177
3012 0.894615678221701
3011 0.894615678221701
3010 0.894615678221701
3009 0.894615678221701
3008 0.894615678221701
3007 0.897715920382177
3006 0.899504392889156
3005 0.906774876253799
3004 0.912607981447528
3003 0.918271820430059
3002 0.927803089537146
3001 0.93561116687923
3000 0.943005603757998
2999 0.949975640665484
2998 0.956511082200159
2997 0.962602321904972
2996 0.966411902221438
2995 0.971743131405843
2994 0.975038432004793
2993 0.978124083717285
2992 0.979373189248597
2991 0.982020061035844
2990 0.983263232966745
2989 0.984452616907699
2988 0.984452616907699
2987 0.984452616907699
2986 0.984907886535006
2985 0.983658379385185
2984 0.982355023776064
2983 0.980998037096536
2982 0.979587645475145
2981 0.976607595240055
2980 0.975038432004793
2979 0.971743131405843
2978 0.970017540046815
2977 0.968240365788313
2976 0.966411902221438
2975 0.964532451029479
2974 0.962602321904972
2973 0.962602321904972
2972 0.962602321904972
2971 0.964532451029479
2970 0.966411902221438
2969 0.968240365788313
2968 0.971743131405843
2967 0.975038432004793
2966 0.98115994297278
2965 0.983940975028869
2964 0.987707822755507
2963 0.990984037148845
2962 0.993764669012599
2961 0.996694104912824
2960 0.998303307474875
2959 0.999405831228039
2958 1
2957 0.998419190838026
2956 0.997996821183753
2955 0.997068234142754
2954 0.996168607768045
2953 0.995045211371777
2952 0.993698800796813
2951 0.992942242244172
2950 0.992130281186535
2949 0.991263053928653
2948 0.990340705970763
2947 0.990340705970763
2946 0.990340705970763
2945 0.990340705970763
2944 0.990340705970763
2943 0.990340705970763
2942 0.990340705970763
2941 0.990340705970763
2940 0.988668444792107
2939 0.987696104597661
2938 0.989363391967903
2937 0.989363391967903
2936 0.988331275686693
2935 0.987244529959603
2934 0.987244529959603
2933 0.987707822755507
2932 0.986506456167475
2931 0.985250770155029
2930 0.982577289970835
2929 0.98115994297278
2928 0.979689170773048
2927 0.978165218790569
2926 0.976588341056621
2925 0.973276867095437
2924 0.970017540046815
2923 0.968240365788313
2922 0.966411902221438
2921 0.964532451029479
2920 0.962602321904972
2919 0.960621832464663
2918 0.958591308162429
2917 0.957970544026354
2916 0.955830637077396
2915 0.955830637077396
2914 0.95364149659116
2913 0.952202896294581
2912 0.952202896294581
2911 0.952202896294581
2910 0.952202896294581
2909 0.952202896294581
2908 0.954381495436655
2907 0.955009067776866
2906 0.957078940426367
2905 0.960621832464663
2904 0.964532451029479
2903 0.966411902221438
2902 0.970017540046815
2901 0.971743131405843
2900 0.975038432004793
2899 0.978165218790569
2898 0.978124083717285
2897 0.980998037096536
2896 0.982355023776064
2895 0.983658379385185
2894 0.984907886535006
2893 0.984907886535006
2892 0.984907886535006
2891 0.983263232966745
2890 0.983263232966745
2889 0.982020061035844
2888 0.980723307944234
2887 0.979373189248597
2886 0.979587645475145
2885 0.976607595240055
2884 0.973416854447307
2883 0.970017540046815
2882 0.964532451029479
2881 0.960621832464663
2880 0.956511082200159
2879 0.949975640665484
2878 0.945376620273874
2877 0.936711318268628
2876 0.931667552309899
2875 0.923762803127131
2874 0.918271820430059
2873 0.911277763411067
2872 0.9054735291086
2871 0.899504392889156
2870 0.893374091955564
2869 0.891475943312174
2868 0.88829720455736
2867 0.88182469508975
2866 0.87853192576405
2865 0.875202155109801
2864 0.87293498672306
2863 0.869516833092236
2862 0.866063106144576
2861 0.862574333777107
2860 0.859051047679995
2859 0.855493783202108
2858 0.850901216220706
2857 0.843654907809662
2856 0.836281753084207
2855 0.828786142842869
2854 0.821172511115062
2853 0.809540567316851
2852 0.797668384624981
2851 0.786281336947952
2850 0.769758318366742
2849 0.757143848376172
2848 0.744356385524074
2847 0.72706450980333
2846 0.713934490044443
2845 0.696242642060408
2844 0.68285495615113
2843 0.669145392446255
2842 0.660157888076869
2841 0.646627699301844
2840 0.64210677189427
2839 0.633051862642262
2838 0.628518951042871
2837 0.623983109687144
2836 0.623983109687144
2835 0.623983109687144
2834 0.623983109687144
2833 0.628518951042871
2832 0.633051862642262
2831 0.637581314116207
2830 0.64210677189427
2829 0.65096538275611
2828 0.655458498568548
2827 0.664425458311936
2826 0.668898210087816
2825 0.677819508565748
2824 0.682266948765406
2823 0.686704841663048
2822 0.695549749666196
2821 0.69995564219707
2820 0.704738284790319
2819 0.709137942009629
2818 0.71352471687586
2817 0.717898037459647
2816 0.722257330597363
2815 0.722257330597363
2814 0.726602022012351
2813 0.726602022012351
2812 0.730931536437193
2811 0.730931536437193
2810 0.730931536437193
2809 0.731411654630217
2808 0.731411654630217
2807 0.731875347953937
2806 0.731875347953937
2805 0.731875347953937
2804 0.73232266113712
2803 0.73232266113712
2802 0.73232266113712
2801 0.73232266113712
2800 0.73232266113712
2799 0.73232266113712
2798 0.73232266113712
2797 0.727941667001587
2796 0.727941667001587
2795 0.723545576552174
2794 0.719134976107786
2793 0.719134976107786
2792 0.7147104509045
2791 0.71027258497016
2790 0.71027258497016
2789 0.705821961000074
2788 0.696884762333417
2787 0.692399345262215
2786 0.683397756252995
2785 0.674358978433956
2784 0.665287562342001
2783 0.651629100554566
2782 0.633345337601262
2781 0.619597298198481
2780 0.601247102721196
2779 0.58290524801146
2778 0.56460415429555
2777 0.55092396523656
2776 0.546375136794405
2775 0.541832702554054
2774 0.537297121362829
2773 0.532768847111972
2772 0.528020879634945
2771 0.523496476500076
2770 0.518980855071511
2769 0.510252611697847
2768 0.501312580448451
2767 0.492415554672163
2766 0.483223093659201
2765 0.474400661935792
2764 0.470009156592923
2763 0.461267437832968
2762 0.452995706842444
2761 0.444390589678136
2760 0.431142451074401
2759 0.41428920063413
2758 0.394159449467923
2757 0.370049556005214
2756 0.346683738434282
2755 0.324107613263598
2754 0.302359244179857
2753 0.281469328242341
2752 0.268031563214909
2751 0.254991239881076
2750 0.242352342777145
2749 0.233138293634259
2748 0.227122269920178
2747 0.221207734336496
2746 0.211827052076566
2745 0.2033754298123
2744 0.195152627599075
2743 0.184543343562638
2742 0.174336499372432
2741 0.164528352043289
2740 0.152821760439014
2739 0.143892688713566
2738 0.13744627108614
2737 0.129179401238397
2736 0.12322148181217
2735 0.121281002225722
2734 0.119363059972818
2733 0.119363059972818
2732 0.119363059972818
2731 0.121281002225722
2730 0.121281002225722
2729 0.119978618631629
2728 0.114347889952972
2727 0.108914856102318
2726 0.100289133646373
2725 0.0937647617085495
2724 0.0860641404327146
2723 0.0788512199056618
2722 0.0734190042162237
2721 0.0670348244829882
2720 0.062239922382525
2719 0.0577116427285754
2718 0.054484233373717
2717 0.0513967126753362
2716 0.0494139577142579
2715 0.0474901968407253
2714 0.0465500446763053
2713 0.0465500446763053
2712 0.0456241684541472
2711 0.0456241684541472
2710 0.0447124115637392
2709 0.0438146178819048
2708 0.0429306317988753
2707 0.0412034627092934
2706 0.0387124081175959
2705 0.0371163900534756
2704 0.0355707092237941
2703 0.0340741692914928
2702 0.0319189116454143
2701 0.0305400711948754
2700 0.0282582378759408
2699 0.0266693349882328
2698 0.0248765369679871
2697 0.0229098733103056
2696 0.0213044630605731
2695 0.0197818124684353
2694 0.0188109923237691
2693 0.0178744334075148
2692 0.0174186958584749
2691 0.0169711585567647
2690 0.0165317021175052
2689 0.0167510912859853
2688 0.015889538372356
2687 0.0154704600346932
2686 0.01505902693962
2685 0.0144515324169291
2684 0.0136719771958893
2683 0.0132930038863948
2682 0.0129210873582466
2681 0.0125561194595239
2680 0.0121979931687619
2679 0.0118466025948996
2678 0.0118466025948996
2677 0.0118466025948996
2676 0.0118466025948996
2675 0.0118466025948996
2674 0.0118466025948996
2673 0.0118466025948996
2672 0.0115018429769117
2671 0.0111636106831307
2670 0.0111636106831307
2669 0.0108318032102673
2668 0.0101870583480853
2667 0.00926562934634547
2666 0.00839670767889454
2665 0.00757776752326677
2664 0.0068063724104225
2663 0.00655939790147575
2662 0.00631735975320109
2661 0.0068063724104225
2660 0.00731547080011934
2659 0.00811829627488699
2658 0.00926562934634547
2657 0.0101870583480853
2656 0.0111636106831307
2655 0.0121979931687619
2654 0.0125561194595239
2653 0.0125561194595239
2652 0.0125561194595239
2651 0.0121979931687619
2650 0.0118466025948996
2649 0.0118466025948996
2648 0.0118466025948996
2647 0.0121979931687619
2646 0.0129210873582466
2645 0.0132930038863948
2644 0.0140581165688369
2643 0.0148523362805055
2642 0.016100208267889
2641 0.0174186958584749
2640 0.0183384916969538
2639 0.0197818124684353
2638 0.0213044630605731
2637 0.0223653257655946
2636 0.0234640063279099
2635 0.0251852464282041
2634 0.0263831200714541
2633 0.0276225728776749
2632 0.0295621462432038
2631 0.0316015861383628
2630 0.0337447775802564
2629 0.0367706026878592
2628 0.0399974679728235
2627 0.0425554038976359
2626 0.0443286208354988
2625 0.0461576337148195
2624 0.0461576337148195
2623 0.0452360744292121
2622 0.0434351160945064
2621 0.0416893284922343
2620 0.0391713743528702
2619 0.0359956754893051
2618 0.0337447775802564
2617 0.0316015861383628
2616 0.0289047152723471
2615 0.0251852464282041
2614 0.0218302324236429
2613 0.0178744334075148
2612 0.0140581165688369
2611 0.0113407158777462
2610 0.00868067184861823
2609 0.00745871368204976
2608 0.00669555005157533
2607 0.00645120732431164
2606 0.00645120732431164
2605 0.00694485854740192
2604 0.00772343342360322
2603 0.00883633023462603
2602 0.00973028196241949
2601 0.0110061199948474
2600 0.0123836490356862
2599 0.0134874890117969
2598 0.0146551253510127
2597 0.015889538372356
2596 0.0171937988922353
2595 0.0185710676919174
2594 0.0200245947141184
2593 0.0215577179736792
2592 0.0226257079690066
2591 0.0237316301946067
2590 0.0242991441049743
2589 0.0242991441049743
2588 0.0248765369679871
2587 0.0254639428586484
2586 0.026061496847175
2585 0.0266693349882328
2584 0.0279164128007723
2583 0.028555929399943
2582 0.0298676173445997
2581 0.0312237881345814
2580 0.0319189116454143
2579 0.0326255860735033
2578 0.0333439566133967
2577 0.0340741692914928
2576 0.0340741692914928
2575 0.0333439566133967
2574 0.0326255860735033
2573 0.0312237881345814
2572 0.0305400711948754
2571 0.0292062839819522
2570 0.028555929399943
2569 0.0275889119060951
2568 0.0275889119060951
2567 0.026966724869888
2566 0.026966724869888
2565 0.026966724869888
2564 0.0275889119060951
2563 0.0282216849543633
2562 0.0288651825861209
2561 0.0295195442942957
2560 0.0308614224377008
2559 0.0322484532325665
2558 0.0336817843530059
2557 0.0351625767907276
2556 0.0366920043111564
2555 0.0374753263799395
2554 0.0387124081175959
2553 0.039529670636749
2552 0.0403599712762241
2551 0.0412034627092934
2550 0.0412034627092934
2549 0.0412034627092934
2548 0.0415840141946423
2547 0.0407361627879018
2546 0.0390799338410845
2545 0.0379080317023964
2544 0.0363373325330439
2543 0.0340741692914928
2542 0.0326255860735033
2541 0.0312237881345814
2540 0.0298676173445997
2539 0.0279164128007723
2538 0.0272875943096742
2537 0.026061496847175
2536 0.0254639428586484
2535 0.0248765369679871
2534 0.0248765369679871
2533 0.0248765369679871
2532 0.0248765369679871
2531 0.0254639428586484
2530 0.026061496847175
2529 0.026061496847175
2528 0.0266693349882328
2527 0.0272875943096742
2526 0.0282216849543633
2525 0.0282216849543633
2524 0.0288651825861209
2523 0.0288651825861209
2522 0.0282216849543633
2521 0.0275889119060951
2520 0.0266693349882328
2519 0.026061496847175
2518 0.0254639428586484
2517 0.0242991441049743
2516 0.0237316301946067
2515 0.0226257079690066
2514 0.0220870365698617
2513 0.0218210197519082
2512 0.0212972827532386
2511 0.0207826716468405
2510 0.0207826716468405
2509 0.0207826716468405
2508 0.0212972827532386
2507 0.0212972827532386
2506 0.0218210197519082
2505 0.0223540103324809
2504 0.0220870365698617
2503 0.0223540103324809
2502 0.0223540103324809
2501 0.0223540103324809
2500 0.0218210197519082
2499 0.0212972827532386
2498 0.0202770597875202
2497 0.0188129690547483
2496 0.0169793399510366
2495 0.0152741240610151
2494 0.0136899409231552
2493 0.0122196929057366
2492 0.0105317516906511
2491 0.00929338019552418
2490 0.00787526236316435
2489 0.00683750445877565
2488 0.00611195212231627
2487 0.00542913090636645
2486 0.00478688540486563
2485 0.00458145988780072
2484 0.00438023716956182
2483 0.00438023716956182
2482 0.00458145988780072
2481 0.00478688540486563
2480 0.00521064468527191
2479 0.00530108165057978
2478 0.0057471403108404
2477 0.00621174649100681
2476 0.00659076925632521
2475 0.00708923575728301
2474 0.00708923575728301
2473 0.00734604823169678
2472 0.00708923575728301
2471 0.00708923575728301
2470 0.00683750445877565
2469 0.00621174649100681
2468 0.00597708473871579
2467 0.00565212485419006
2466 0.00521064468527191
2465 0.00478688540486563
2464 0.00438023716956182
2463 0.0039901063049766
2462 0.00380105373387205
2461 0.00361591509861307
2460 0.00343462064385104
2459 0.00325710158451998
2458 0.00325710158451998
2457 0.00325710158451998
2456 0.00343462064385104
2455 0.00343462064385104
2454 0.00361591509861307
2453 0.00361591509861307
2452 0.00380105373387205
2451 0.0039901063049766
2450 0.0039901063049766
2449 0.00418314354458206
2448 0.00438023716956182
2447 0.00438023716956182
2446 0.00458145988780072
2445 0.00458145988780072
2444 0.00458145988780072
2443 0.00458145988780072
2442 0.00446209086850296
2441 0.00446209086850296
2440 0.00446209086850296
2439 0.00458145988780072
2438 0.00458145988780072
2437 0.00438023716956182
2436 0.00438023716956182
2435 0.00418314354458206
2434 0.0039901063049766
2433 0.0039901063049766
2432 0.00368990623299061
2431 0.00350675273634803
2430 0.00332741572336848
2429 0.00315182661424368
2428 0.00325710158451998
2427 0.00308329009870448
2426 0.00291311932040478
2425 0.00274652333220355
2424 0.00274652333220355
2423 0.00274652333220355
2422 0.00258343715783928
2421 0.00258343715783928
2420 0.00258343715783928
2419 0.00248561127659703
2418 0.00248561127659703
2417 0.00248561127659703
2416 0.00248561127659703
2415 0.00248561127659703
2414 0.00232776654156523
2413 0.00232776654156523
2412 0.0024237967546909
2411 0.00226753900617813
2410 0.00211460171408222
2409 0.00211460171408222
2408 0.00196492359079136
2407 0.00181844425147527
2406 0.00158766376229046
2405 0.00144904623344553
2404 0.0013134268319518
2403 0.00118074893751538
2402 0.00113197804067343
2401 0.00113197804067343
2400 0.0010034728776217
2399 0.0010034728776217
2398 0.0010034728776217
2397 0.0010034728776217
2396 0.00113197804067343
2395 0.00113197804067343
2394 0.00126333819103811
2393 0.00139760846463023
2392 0.00153484485193927
2391 0.00167510420619316
2390 0.00172933691103589
2389 0.00187412405266704
2388 0.0020220844487334
2387 0.00217327825742116
2386 0.00232776654156523
2385 0.00248561127659703
2384 0.00274652333220355
2383 0.00291311932040478
2382 0.00308329009870448
2381 0.00308329009870448
2380 0.00325710158451998
2379 0.00315182661424368
2378 0.00325710158451998
2377 0.00315182661424368
2376 0.00315182661424368
2375 0.00315182661424368
2374 0.00315182661424368
2373 0.00297991779522116
2372 0.00297991779522116
2371 0.00291311932040478
2370 0.00258343715783928
2369 0.0024237967546909
2368 0.00226753900617813
2367 0.00196492359079136
2366 0.00167510420619316
2365 0.00139760846463023
2364 0.00113197804067343
2363 0.000754811193400405
2362 0.00032978912231233
2361 3.90348620659316e-06
