-435109.188200985 2670374.66762744
3453 0.000704912387970502
3452 0.00185133154587036
3451 0.00390369738705459
3450 0.0057973386489491
3449 0.00978984355030246
3448 0.0144483358252578
3447 0.0206423404983358
3446 0.0269037842147233
3445 0.0367611300606804
3444 0.0465638290044101
3443 0.0581129387113911
3442 0.0720253750016462
3441 0.0841094999426356
3440 0.0968878343037677
3439 0.111878960889029
3438 0.117253292858709
3437 0.122822657268537
3436 0.127262678277285
3435 0.127262678277285
3434 0.121613646888955
3433 0.116157127956647
3432 0.110889601523617
3431 0.105066547642942
3430 0.0956175814884493
3429 0.0868437099245326
3428 0.0787147260457592
3427 0.0711361962721153
3426 0.0642961513302279
3425 0.0579929826517175
3424 0.0552487923587831
3423 0.0497475239313972
3422 0.0471680683389976
3421 0.0446980895863605
3420 0.042334148534498
3419 0.042334148534498
3418 0.0400728450771865
3417 0.0400728450771865
3416 0.042334148534498
3415 0.042334148534498
3414 0.0446980895863605
3413 0.0475208284127835
3412 0.050080495241683
3411 0.0527504624397828
3410 0.0584347442853786
3409 0.0614558342518558
3408 0.0646007653807068
3407 0.0712758217066088
3406 0.0748127811354853
3405 0.0823025808103224
3404 0.0903693527814999
3403 0.0905249125003671
3402 0.0993329030062652
3401 0.108789736941495
3400 0.11892148859636
3399 0.129752933857292
3398 0.141307249212792
3397 0.153605698082467
3396 0.166667306777644
3395 0.185694006963118
3394 0.200389683021968
3393 0.21586526260808
3392 0.223897109393292
3391 0.245843676121679
3390 0.263236911588337
3389 0.28137809667982
3388 0.290725704641308
3387 0.309965518939705
3386 0.329915420569015
3385 0.340149489670096
3384 0.361118789647101
3383 0.371846229893224
3382 0.393764775641615
3381 0.404946130446501
3380 0.427726151150573
3379 0.439313084671474
3378 0.465834882471337
3377 0.489384129852003
3376 0.515217298123409
3375 0.527028477301565
3374 0.550803738208893
3373 0.574725738526169
3372 0.598722688157022
3371 0.634693282068137
3370 0.658541978390699
3369 0.693912236847346
3368 0.71710055501869
3367 0.751079600138715
3366 0.773069543524305
3365 0.804842312862579
3364 0.83490183051068
3363 0.861079422258339
3362 0.880427859841351
3361 0.89680587758695
3360 0.919178700085373
3359 0.932532648862721
3358 0.944565340884852
3357 0.955221033722321
3356 0.964449955472686
3355 0.97220869191589
3354 0.975524996866365
3353 0.981011785782454
3352 0.994884484006491
3351 0.996723052730576
3350 0.998155395766434
3349 0.999179756062091
3348 1
3347 0.999794876006003
3346 0.999179756062091
3345 0.998155395766434
3344 0.996723052730576
3343 0.994884484006491
3342 0.981011785782454
3341 0.975524996866365
3340 0.97220869191589
3339 0.964449955472686
3338 0.955221033722321
3337 0.944565340884852
3336 0.932532648862721
3335 0.919178700085373
3334 0.904564777559499
3333 0.888757236762903
3332 0.871827004380987
3331 0.837483026300483
3330 0.818695382499475
3329 0.799077029911196
3328 0.778708341170217
3327 0.753072259996317
3326 0.72140407039241
3325 0.699696357968085
3324 0.67760444212753
3323 0.655206669195012
3322 0.643917266778677
3321 0.622046925664781
3320 0.598636183344073
3319 0.586917745842097
3318 0.563500575442568
3317 0.551819616790193
3316 0.541268527904797
3315 0.529908657731033
3314 0.518588287064785
3313 0.518588287064785
3312 0.518588287064785
3311 0.518588287064785
3310 0.518588287064785
3309 0.518588287064785
3308 0.529908657731033
3307 0.540168590486906
3306 0.551819616790193
3305 0.57520288164537
3304 0.586917745842097
3303 0.610349024538242
3302 0.622046925664781
3301 0.645359730481166
3300 0.668496808792518
3299 0.679974581088119
3298 0.702697944177664
3297 0.713923032339868
3296 0.736048334870058
3295 0.751079600138715
3294 0.762148127337247
3293 0.783832946971902
3292 0.804842312862579
3291 0.825090080813147
3290 0.844491573162715
3289 0.871827004380987
3288 0.89680587758695
3287 0.919178700085373
3286 0.938717770963836
3285 0.955221033722321
3284 0.968515552260104
3283 0.978460526662586
3282 0.983175730566868
3281 0.984949775270675
3280 0.98633179721155
3279 0.987320141002487
3278 0.987320141002487
3277 0.987320141002487
3276 0.98633179721155
3275 0.983175730566868
3274 0.981011785782454
3273 0.97220869191589
3272 0.964449955472686
3271 0.955221033722321
3270 0.938717770963836
3269 0.932532648862721
3268 0.919178700085373
3267 0.912025201484757
3266 0.89680587758695
3265 0.888757236762903
3264 0.880427859841351
3263 0.880427859841351
3262 0.871827004380987
3261 0.862964163642011
3260 0.853849049177333
3259 0.844491573162715
3258 0.83490183051068
3257 0.825090080813147
3256 0.815066730157738
3255 0.794427473174095
3254 0.777746403199158
3253 0.755096818321231
3252 0.71710055501869
3251 0.693912236847346
3250 0.670396234187037
3249 0.646637547449428
3248 0.622719381794468
3247 0.610725891456096
3246 0.598722688157022
3245 0.58671946885324
3244 0.574725738526169
3243 0.562750798970227
3242 0.562750798970227
3241 0.550803738208893
3240 0.538893420551571
3239 0.538893420551571
3238 0.527028477301565
3237 0.527028477301565
3236 0.515217298123409
3235 0.503468023075853
3234 0.491788535314763
3233 0.47756292482467
3232 0.465834882471337
3231 0.454207211790955
3230 0.442686822081948
3229 0.431280319220492
3228 0.419994002645568
3227 0.412591649842677
3226 0.401721548976705
3225 0.390979750575897
3224 0.390979750575897
3223 0.390979750575897
3222 0.390979750575897
3221 0.380371314105751
3220 0.380371314105751
3219 0.36990100544161
3218 0.359573297283136
3217 0.349392370135639
3216 0.339362113840373
3215 0.319767732724011
3214 0.291586994832101
3213 0.27363599157042
3212 0.256371431658254
3211 0.23178335168028
3210 0.208781145124439
3209 0.187365622101102
3208 0.167521282522095
3207 0.144245987472925
3206 0.132413875306741
3205 0.122017842624534
3204 0.112246600342528
3203 0.10758926055893
3202 0.103080737111254
3201 0.103080737111254
3200 0.103080737111254
3199 0.10758926055893
3198 0.112246600342528
3197 0.117055304192381
3196 0.127136601642855
3195 0.132413875306741
3194 0.143452637653224
3193 0.15515035359827
3192 0.161250858872852
3191 0.173963058457813
3190 0.180577466039657
3189 0.187365622101102
3188 0.187365622101102
3187 0.187365622101102
3186 0.187365622101102
3185 0.187365622101102
3184 0.175377096838058
3183 0.168799203089658
3182 0.162398745105806
3181 0.161250858872852
3180 0.15515035359827
3179 0.149218186217418
3178 0.143452637653224
3177 0.137851858176977
3176 0.132413875306741
3175 0.127136601642855
3174 0.122017842624534
3173 0.112246600342528
3172 0.10758926055893
3171 0.0987184122066626
3170 0.0864815455999581
3169 0.0790041057188439
3168 0.0687510837088618
3167 0.0625235478653572
3166 0.0540347092754206
3165 0.0464979168719258
3164 0.0398344999929422
3163 0.0364351820231011
3162 0.0327712116384749
3161 0.0294126111637981
3160 0.0263394397009101
3159 0.0249038477008115
3158 0.0235324536829183
3157 0.0222229685020386
3156 0.0209731516415016
3155 0.0197808120776382
3154 0.0197808120776382
3153 0.0215483316161285
3152 0.0203457512122297
3151 0.0191979722206058
3150 0.0181029694309916
3149 0.0170587655843911
3148 0.0160634317716799
3147 0.0151150877214371
3146 0.0133520920047962
3145 0.0105730999641473
3144 0.00988303355975842
3143 0.00860693752067188
3142 0.00745964079580443
3141 0.0064299266956504
3140 0.00595586637291628
3139 0.00550733839140511
3138 0.00468215323939161
3137 0.00430324239818195
3136 0.00394535467785974
3135 0.00422592441425426
3134 0.00422592441425426
3133 0.00387689536088017
3132 0.00452328225948591
3131 0.00490439114588422
3130 0.0053070037706718
3129 0.0057321594191989
3128 0.0053986040537705
3127 0.00629566820943429
3126 0.00729563516398188
3125 0.00783728207587646
3124 0.00801790837813128
3123 0.00922815425756507
3122 0.0105730999641473
3121 0.0120651433981719
3120 0.0128704221060799
3119 0.0160634317716799
3118 0.0170587655843911
3117 0.0170587655843911
3116 0.0170587655843911
3115 0.0155441754786138
3114 0.0146081327290301
3113 0.0137174920561134
3112 0.0128704221060799
3111 0.0112999281415147
3110 0.00883358675440079
3109 0.00764836690605809
3108 0.00658587534324781
3107 0.00519834983163558
3106 0.00439614395246271
3105 0.00368142992085771
3104 0.00304578149696025
3103 0.0020247067266771
3102 0.0017911230210174
3101 0.00157167480463393
3100 0.00136559844374861
3099 0.00136559844374861
3098 0.00157167480463393
3097 0.0020247067266771
3096 0.00281845562453912
3095 0.00377051553016438
3094 0.00490786721046698
3093 0.00676597160951407
3092 0.00909160322000037
3091 0.0112002277784872
3090 0.012804606279244
3089 0.0145849664150831
3088 0.016556991158084
3087 0.0176200345752018
3086 0.0176200345752018
3085 0.0176200345752018
3084 0.016556991158084
3083 0.0155460039934509
3082 0.0150510474684646
3081 0.0132481448530615
3080 0.0108676469426236
3079 0.00883358675440079
3078 0.00710248783263121
3077 0.00563508660224077
3076 0.00402839316459202
3075 0.00304578149696025
3074 0.00198128248050153
3073 0.00133726345602107
3072 0.000803403209925757
3071 0.000362582387628996
3070 0
