181032.796890538 4110993.2436732
3378 0
3377 0.000299357138703794
3376 0.000626189948484828
3375 0.000982706681790458
3374 0.00114057061939622
3373 0.00130417280965644
3372 0.00147369588325484
3371 0.00164932721894499
3370 0.0018312590254938
3369 0.00213594877523071
3368 0.00245810814389718
3367 0.00279860482681427
3366 0.0031583409322014
3365 0.00353825381136205
3364 0.00430839010649365
3363 0.00515967874128189
3362 0.00609936216130932
3361 0.00713517305340202
3360 0.00827534988906723
3359 0.00926850257749243
3358 0.0103387733111572
3357 0.0114911121129589
3356 0.0127306929244642
3355 0.0140629155904406
3354 0.0146466805060622
3353 0.0152479219582195
3352 0.0158670655036425
3351 0.0165045435466262
3350 0.0171607953252842
3349 0.0175943658968105
3348 0.0180375198392674
3347 0.0184904600793462
3346 0.0189533932542621
3345 0.0194265297535119
3344 0.0210505485614099
3343 0.0227735086649276
3342 0.0245999140108209
3341 0.0265343604738431
3340 0.0285815293654071
3339 0.0303919136904153
3338 0.032290217735274
3337 0.0342796728016553
3336 0.0363635656248924
3335 0.0385452353628269
3334 0.0403118557996957
3333 0.0421412874511952
3332 0.0440351593053255
3331 0.0459951147421414
3330 0.0480228102935674
3329 0.0501199143328651
3328 0.0522881056930149
3327 0.0545290722133951
3326 0.056844509214261
3325 0.0592361178986267
3324 0.0631523608543121
3323 0.0672675408356518
3322 0.0715882826989286
3321 0.0761211899295717
3320 0.0808728248578642
3319 0.0835591445686573
3318 0.0863135207501795
3317 0.0891369899124906
3316 0.0920305789326429
3315 0.0949953039073898
3314 0.0935039863726388
3313 0.0920305789326429
3312 0.090574955668008
3311 0.0891369899124906
3310 0.0877165542898264
3309 0.0837584755984502
3308 0.0799338843951474
3307 0.0762403913619978
3306 0.0726755393084236
3305 0.0692368099372625
3304 0.0680632505023999
3303 0.0669052155363414
3302 0.065762568749619
3301 0.0646351737492557
3300 0.0635228940679819
3299 0.0624255931929992
3298 0.0613431345942805
3297 0.0602753817524061
3296 0.0592221981859426
3295 0.0581834474783497
3294 0.0549526121435787
3293 0.0518600376267507
3292 0.0489018687142771
3291 0.0460742324996024
3290 0.0433732473626395
3289 0.0394087765686232
3288 0.0357339957749707
3287 0.0323327755426974
3286 0.0291893906299038
3285 0.0262885613844977
3284 0.0248355006706253
3283 0.023445028918466
3282 0.0221150019770752
3281 0.0208433189592013
3280 0.0196279230453392
3279 0.0200772290706649
3278 0.0205342724306914
3277 0.0209991593822064
3276 0.0214719970703546
3275 0.0219528935240455
3274 0.023445028918466
3273 0.0250136659888687
3272 0.0266618614014909
3271 0.0283927394280365
3270 0.0302094899996716
3269 0.031683967340226
3268 0.0332139154998346
3267 0.0348009123601966
3266 0.0364465564827469
3265 0.0381524661935427
3264 0.0381524661935427
3263 0.0381524661935427
3262 0.0381524661935427
3261 0.0381524661935427
3260 0.0381524661935427
3259 0.0399202785999729
3258 0.041751648537993
3257 0.0436482474486771
3256 0.0456117621829749
3255 0.0476438937336364
3254 0.0516057511761372
3253 0.0558212610139215
3252 0.0603016001658789
3251 0.0650580101239305
3250 0.0701017570080335
3249 0.072940580112822
3248 0.0758677257602682
3247 0.0788849359220865
3246 0.0819939426892583
3245 0.0851964659244336
3244 0.0861288880944112
3243 0.0870691230983397
3242 0.0880172103456083
3241 0.0889731891217785
3240 0.0899370985836759
3239 0.0918888655186225
3238 0.0938728216418117
3237 0.0958892750650248
3236 0.0979385313572342
3235 0.100020893379156
3234 0.10374558816485
3233 0.107574171159534
3232 0.111508195769019
3231 0.11554918110254
3230 0.119698609027135
3229 0.12395792117048
3228 0.128328515875457
3227 0.132811745109945
3226 0.137408911335543
3225 0.142121264339143
3224 0.14280393096691
3223 0.143488976193876
3222 0.144176403379865
3221 0.144866215859705
3220 0.145558416943023
3219 0.146949998031478
3218 0.148351172610991
3217 0.149761966231776
3216 0.151182404022286
3215 0.152612510682967
3214 0.162145516208191
3213 0.172094185491365
3212 0.1824638521411
3211 0.193258917773267
3210 0.204482779391455
3209 0.217052192662727
3208 0.23012298802031
3207 0.243694929210286
3206 0.257766040489379
3205 0.272332514439461
3204 0.271275735011812
3203 0.270221456994255
3202 0.269169682752905
3201 0.268120414602074
3200 0.267073654804443
3199 0.262911742600195
3198 0.258790131735142
3197 0.254708942555492
3196 0.250668282575456
3195 0.24666824663844
3194 0.241725453535716
3193 0.236846396997452
3192 0.232031181170477
3191 0.227279881130641
3190 0.222592543424228
3189 0.221662753483041
3188 0.220735522881469
3187 0.219810851591665
3186 0.21888873954226
3185 0.217969186618562
3184 0.227279881130641
3183 0.236846396997452
3182 0.24666824663844
3181 0.256744477416127
3180 0.267073654804443
3179 0.271275735011812
3178 0.275517836741984
3177 0.279799800219657
3176 0.284121452227538
3175 0.288482605963277
3174 0.297322602653469
3173 0.306318018991939
3172 0.315466857867252
3171 0.324766892544556
3170 0.334215663166353
3169 0.345019949738492
3168 0.356004860384335
3167 0.367165806864679
3166 0.378497809907397
3165 0.389995496375828
3164 0.40319468411997
3163 0.416560811255307
3162 0.430082219720594
3161 0.44374664643654
3160 0.457541239775228
3159 0.474213369886163
3158 0.491036905095579
3157 0.507987333942419
3156 0.525039110625144
3155 0.542165718819832
3154 0.539322555665214
3153 0.536482114658693
3152 0.533644508705357
3151 0.530809849927248
3150 0.527978249657456
3149 0.527978249657456
3148 0.527978249657456
3147 0.527978249657456
3146 0.527978249657456
3145 0.527978249657456
3144 0.545011490440463
3143 0.562134435428798
3142 0.579321797204518
3141 0.596547350391678
3140 0.613783989122702
3139 0.628136200420944
3138 0.642460171561847
3137 0.656739009680342
3136 0.670955520182583
3135 0.68509223907146
3134 0.679325609840496
3133 0.673562406664771
3132 0.667803740765701
3131 0.662050703904087
3130 0.6563043682136
3129 0.646469691569519
3128 0.636575540602174
3127 0.626628546816841
3126 0.616635328520919
3125 0.606602482323281
3124 0.603729520622814
3123 0.600856548099358
3122 0.597983693456727
3121 0.595111084779889
3120 0.592238849526461
3119 0.592238849526461
3118 0.592238849526461
3117 0.592238849526461
3116 0.592238849526461
3115 0.592238849526461
3114 0.596536574721941
3113 0.600847252063534
3112 0.605170500449623
3111 0.609505930181453
3110 0.613853142942699
3109 0.625453710907189
3108 0.637074174318099
3107 0.648706361393024
3106 0.660341877101505
3105 0.671972110266602
3104 0.677730258829691
3103 0.683474994933592
3102 0.689205154284511
3101 0.694919566816523
3100 0.700617057071552
3099 0.69349250414211
3098 0.686341969701435
3097 0.679167745651758
3096 0.671972110266602
3095 0.664757327042285
3094 0.64011396001841
3093 0.615361811809636
3092 0.590584897906335
3091 0.565864054588392
3090 0.541276545542813
3089 0.53264429448467
3088 0.524040928591997
3087 0.515469482264367
3086 0.506932921388293
3085 0.498434142039918
3084 0.518440693914531
3083 0.538582305973547
3082 0.558816188289526
3081 0.579097860299954
3080 0.599381314315262
3079 0.622557465408028
3078 0.645754034392655
3077 0.668903627471455
3076 0.691936127085706
3075 0.714778989686658
3074 0.727412642661884
3073 0.739925974864983
3072 0.752305286096173
3071 0.764536831617291
3070 0.776606846968405
3069 0.788501573237856
3068 0.800207282722699
3067 0.81171030491411
3066 0.822997052740279
3065 0.834054048997539
3064 0.848012693559789
3063 0.861452020497142
3062 0.874343072734742
3061 0.886658046797745
3060 0.89837039740672
3059 0.904259094452575
3058 0.910000455812311
3057 0.915591205113687
3056 0.921028137811992
3055 0.926308124245993
3054 0.925439156050144
3053 0.924565757258262
3052 0.923687941908331
3051 0.922805724099939
3050 0.921919117993928
3049 0.918329095932557
3048 0.914670009640163
3047 0.910942793981349
3046 0.907148398513741
3045 0.903287787085477
3044 0.903725432985424
3043 0.904151811818364
3042 0.904566922825255
3041 0.90497076626877
3040 0.905363343428505
3039 0.908173275285991
3038 0.910945748762898
3037 0.913680369449093
3036 0.916376747487228
3035 0.91903449766524
3034 0.919911764522982
3033 0.920784683108295
3032 0.921653239507928
3031 0.922517419868978
3030 0.923377210399246
3029 0.923377210399246
3028 0.923377210399246
3027 0.923377210399246
3026 0.923377210399246
3025 0.923377210399246
3024 0.924232597367608
3023 0.925083567104384
3022 0.92593010600169
3021 0.926772200513815
3020 0.927609837157566
3019 0.927609837157566
3018 0.927609837157566
3017 0.927609837157566
3016 0.927609837157566
3015 0.927609837157566
3014 0.925083567104384
3013 0.922517419868978
3012 0.919911764522982
3011 0.917266975084929
3010 0.914583430430871
3009 0.917266975084929
3008 0.919911764522982
3007 0.922517419868978
3006 0.925083567104384
3005 0.927609837157566
3004 0.93730894217598
3003 0.946341831912211
3002 0.954687445417684
3001 0.962326200794133
3000 0.969240071718343
2999 0.974436017520617
2998 0.979108556457297
2997 0.983249931831805
2996 0.98685324786213
2995 0.98991248881331
2994 0.990982667053005
2993 0.991964677071941
2992 0.99285825536217
2991 0.993663161993871
2990 0.994379180722728
2989 0.994379180722728
2988 0.994379180722728
2987 0.994379180722728
2986 0.994379180722728
2985 0.994379180722728
2984 0.994379180722728
2983 0.994379180722728
2982 0.994379180722728
2981 0.994379180722728
2980 0.994379180722728
2979 0.994544273592145
2978 0.994703796047787
2977 0.994857745408554
2976 0.995006119086741
2975 0.995148914588113
2974 0.995543808492454
2973 0.995888418000091
2972 0.996182690947137
2971 0.996426582779694
2970 0.9966200565651
2969 0.997585644839727
2968 0.998407413604846
2967 0.999084349116418
2966 0.999615504290711
2965 1
2964 0.998866722105977
2963 0.997169205824941
2962 0.994910324236764
2961 0.992093895493202
2960 0.988724672063699
2959 0.984808327372394
2958 0.980351439878971
2957 0.975361474665846
2956 0.969846762603829
2955 0.963816477177662
2954 0.955955930209192
2953 0.947527878526646
2952 0.938551486113573
2951 0.929046763947649
2950 0.91903449766524
2949 0.912773059245961
2948 0.906304124892435
2947 0.899632704415335
2946 0.892763937935216
2945 0.885703089295658
2944 0.883651173767288
2943 0.881584143818168
2942 0.879502127359898
2941 0.877405253012284
2940 0.875293650090149
2939 0.876351284514067
2938 0.877405253012284
2937 0.878455539356216
2936 0.879502127359898
2935 0.880545000880383
2934 0.881584143818168
2933 0.882619540117601
2932 0.883651173767288
2931 0.884679028800518
2930 0.885703089295658
2929 0.880002119040834
2928 0.874138274942079
2927 0.868114618828672
2926 0.86193432388425
2925 0.855600671603231
2924 0.839314093422008
2923 0.822421473537599
2922 0.804972003979278
2921 0.787015694363793
2920 0.768603135512476
2919 0.756301236389612
2918 0.743887231743108
2917 0.73137485120609
2916 0.718777639322339
2915 0.706108934449318
2914 0.715824636327468
2913 0.725473169316704
2912 0.735048291488992
2911 0.74454373894337
2910 0.753953232449478
2909 0.767233796080274
2908 0.780307778255913
2907 0.7931568805348
2906 0.805762880677527
2905 0.818107675111
2904 0.824176505799104
2903 0.830173321741491
2902 0.83609591246637
2901 0.84194208297697
2900 0.847709655097383
2899 0.848144426445835
2898 0.848576524291166
2897 0.849005936817889
2896 0.849432652270209
2895 0.84985665895276
2894 0.842446489798591
2893 0.834948253939789
2892 0.827366349582531
2891 0.819705160919749
2890 0.811969054276942
2889 0.803261999844612
2888 0.794428719924674
2887 0.785475427362034
2886 0.776408364511239
2885 0.767233796080274
2884 0.759289074667504
2883 0.751273943089114
2882 0.743192362357715
2881 0.735048291488992
2880 0.726845684342014
2879 0.715824636327468
2878 0.704715856569275
2877 0.693528616151329
2876 0.682272125090798
2875 0.670955520182583
2874 0.65958785316848
2873 0.648178079250995
2872 0.636735045970693
2871 0.625267482464701
2870 0.613783989122702
2869 0.60229302765557
2868 0.590802911590413
2867 0.579321797204518
2866 0.56785767490939
2865 0.556418361094661
2864 0.546435318688933
2863 0.536482114658693
2862 0.526563631037611
2861 0.516684632388236
2860 0.506849762771377
2859 0.495669740792805
2858 0.484559803729907
2857 0.473526278770647
2856 0.46257526965356
2855 0.451712653058912
2854 0.435596752261124
2853 0.419710457100967
2852 0.404070646237669
2851 0.388692994282786
2850 0.373591966656721
2849 0.358780819426983
2848 0.344271603940859
2847 0.3300751760457
2846 0.31620120967263
2845 0.302658214544335
2844 0.291630559304115
2843 0.280841550364326
2842 0.270294329470773
2841 0.259991523161467
2840 0.249935256128704
2839 0.245982163065347
2838 0.2420688669087
2837 0.238195439112552
2836 0.234361939352265
2835 0.230568415689696
2834 0.232460177953989
2833 0.234361939352265
2832 0.236273694953819
2831 0.238195439112552
2830 0.240127165461717
2829 0.245000105072192
2828 0.249935256128704
2827 0.254932458661817
2826 0.259991523161467
2825 0.265112230100613
2824 0.268214139913185
2823 0.271338092263055
2822 0.274484023774917
2821 0.27765186699626
2820 0.280841550364326
2819 0.281909618554681
2818 0.282980102143935
2817 0.2840529981737
2816 0.285128303633807
2815 0.286206015462155
2814 0.287286130544607
2813 0.288368645714855
2812 0.28945355775429
2811 0.290540863391897
2810 0.291630559304115
2809 0.290540863391897
2808 0.28945355775429
2807 0.288368645714855
2806 0.287286130544607
2805 0.286206015462155
2804 0.284804175362414
2803 0.28340540198378
2802 0.282009753718551
2801 0.280617288446525
2800 0.279228063527259
2799 0.273595304742219
2798 0.26802272616028
2797 0.262511208630575
2796 0.257061585479548
2795 0.251674642556244
2794 0.242708917081473
2793 0.23394960116613
2792 0.225397268907539
2791 0.217052192662727
2790 0.208914353446708
2789 0.201302917668559
2788 0.193897243291854
2787 0.186695383215978
2786 0.179695199591436
2785 0.172894376621026
2784 0.16370763522046
2783 0.154872315767744
2782 0.146383785074447
2781 0.138236833641362
2780 0.130425723139426
2779 0.123876877716549
2778 0.117565492571287
2777 0.11148818550824
2776 0.105641293328667
2775 0.100020893379156
2774 0.0971681876603617
2773 0.0943843406624863
2772 0.0916681425751376
2771 0.0890183852804264
2770 0.0864338633414235
2769 0.0832093624311356
2768 0.080078181571147
2767 0.0770386322628238
2766 0.0740890128563537
2765 0.0712276108824206
2764 0.0665226302100046
2763 0.0620631312604681
2762 0.0578403809789444
2761 0.0538456510792872
2760 0.0500702452045833
2759 0.0443427217869614
2758 0.0391347510168122
2757 0.034412018272514
2756 0.0301408783992486
2755 0.0262885613844977
2754 0.0222294881758836
2753 0.0186731050422399
2752 0.015567266345913
2751 0.0128636002188744
2750 0.0105175044662376
2749 0.00819488408715015
2748 0.00623283138134095
2747 0.00458328620480874
2746 0.00320309014911321
2745 0.00205376751319308
2744 0.00119529646254338
2743 0.000472830484165855
