-987076.061745523 4711640.10913774
1994 0.000161729601460809
1993 0.000393656596590316
1992 0.000639839620220771
1991 0.000901054138577198
1990 0.00117810993496382
1989 0.00136079570843809
1988 0.0015502402408033
1987 0.00174666185021629
1986 0.00195028448015758
1985 0.00216133778341343
1984 0.00220070547063502
1983 0.00224045260111733
1982 0.00228058250226538
1981 0.00232109852615759
1980 0.00236200404961305
1979 0.00227201738690986
1978 0.0021833211067092
1977 0.00209589906427945
1976 0.00200973527793069
1975 0.00192481392798493
1974 0.001758636062444
1973 0.00159724211111316
1972 0.00144051124317462
1971 0.0012883251200571
1970 0.0011405678618159
1969 0.00102073804961711
1968 0.000903840620555327
1967 0.000789812327146145
1966 0.000678591047738262
1965 0.000570115772861039
1964 0.0005195520957854
1963 0.000469669164062235
1962 0.000420458366898874
1961 0.000371911185170018
1960 0.000324019190841146
1959 0.0002568515520149
1958 0.000190885433147542
1957 0.00012610107837111
1956 6.24790047763772e-05
1955 0
1935 0
1934 0.000336665151218938
1933 0.000704137814928239
1932 0.00110486903973885
1931 0.00154146708613137
1930 0.00201670385409976
1929 0.00249208571966419
1928 0.00300539690953499
1927 0.00355923697295792
1926 0.00415634515206798
1925 0.00479960460055583
1924 0.00513948239012634
1923 0.00549204644396887
1922 0.00585769940846298
1921 0.0062368536500905
1920 0.00662993136363822
1919 0.00686698580754518
1918 0.00710939366822296
1917 0.0073572640068228
1916 0.00761070769482447
1915 0.00786983743067481
1914 0.00799772834443837
1913 0.00812711101934131
1912 0.00825800095592258
1911 0.00839041376906091
1910 0.00852436518787339
1909 0.0086598710555918
1908 0.00879694732941815
1907 0.00893561008035821
1906 0.00907587549303242
1905 0.00921775986546507
1904 0.00940306791780056
1903 0.00959079764935463
1902 0.00978097548934268
1901 0.00997362807458243
1900 0.01016878224991
1899 0.0104783705657086
1898 0.0107946509232066
1897 0.0111177520938907
1896 0.0114478047944451
1895 0.0117849416992436
1894 0.0123964373705829
1893 0.0130296489456006
1892 0.0136852036285458
1891 0.0143637403444171
1890 0.0150659096811979
1889 0.0158270977929165
1888 0.0166164151257067
1887 0.0174347295976642
1886 0.0182829276263192
1885 0.0191619141283374
1884 0.0198899401362367
1883 0.0206383272909513
1882 0.0214075279773512
1881 0.0221980006186567
1880 0.0230102096201763
1879 0.0238124591741374
1878 0.0246365081262139
1877 0.0254828430527251
1876 0.0263519573688366
1875 0.027244351271347
1874 0.0282271542106356
1873 0.0292369657036466
1872 0.03027434835096
1871 0.0313398698623534
1870 0.0324341028533667
1869 0.0333612129757889
1868 0.034308652719852
1867 0.0352767578685721
1866 0.0362658666668036
1865 0.0372763197493969
1864 0.0377474608513605
1863 0.0382240190143064
1862 0.0387060480122905
1861 0.039193601935907
1860 0.039686735189258
1859 0.0391128573070735
1858 0.0385458172439204
1857 0.0379855541292391
1856 0.037432007207748
1855 0.0368851158484508
1854 0.0354222676637062
1853 0.0340058295480087
1852 0.0326346412281619
1851 0.031307557621576
1850 0.0300234492768277
1849 0.0293091961263933
1848 0.0286080528560464
1847 0.0279198329491858
1846 0.027244351271347
1845 0.0265814240906854
1844 0.0273784373880797
1843 0.0281935819881202
1842 0.0290271761082885
1841 0.0298795408576392
1840 0.0307510001846745
1839 0.0327062276279985
1838 0.0347559979123428
1837 0.0369037347486937
1836 0.0391529156389098
1835 0.0415070682773354
1834 0.0442073853452495
1833 0.0470418546574894
1832 0.0500151549471685
1831 0.0531319978086146
1830 0.056397118605822
1829 0.0597600152895106
1828 0.0632765182564048
1827 0.0669513089844665
1826 0.0707890665844884
1825 0.0747944573455794
1824 0.0779997987101771
1823 0.0813120890029072
1822 0.0847336352071837
1821 0.0882667311206442
1820 0.0919136535524682
1819 0.0946215428876531
1818 0.097391712651158
1817 0.100225040219281
1816 0.103122394746085
1815 0.106084636229085
1814 0.108523245522426
1813 0.111005707349942
1812 0.113532384501311
1811 0.116103627410603
1810 0.118719773592717
1809 0.120387209213903
1808 0.122071929435299
1807 0.123774020909344
1806 0.125493569166147
1805 0.127230658583143
1804 0.127667681519435
1803 0.128105807271978
1802 0.128545037124169
1801 0.128985372354605
1800 0.129426814237052
1799 0.129349801892842
1798 0.129273874529896
1797 0.129199033163568
1796 0.129125278793662
1795 0.129052612404453
1794 0.128611600497626
1793 0.128171696881669
1792 0.127732900272629
1791 0.127295209381735
1790 0.126858622915424
1789 0.127295209381735
1788 0.127732900272629
1787 0.128171696881669
1786 0.128611600497626
1785 0.129052612404453
1784 0.132170834722455
1783 0.135343856923735
1782 0.138572098689856
1781 0.1418559669579
1780 0.145195855402271
1779 0.1456775777259
1778 0.146160452179228
1777 0.146644479840356
1776 0.147129661781365
1775 0.147615999068281
1774 0.141458221474291
1773 0.135492568278674
1772 0.129716249611673
1771 0.124126336717157
1770 0.118719773592717
1769 0.113018588829015
1768 0.107524192416378
1767 0.102232579529152
1766 0.097139616638567
1765 0.0922410563198374
1764 0.0897967051358985
1763 0.0874018357445435
1762 0.0850558790636452
1761 0.0827582584478724
1760 0.0805083902421838
1759 0.081636186216288
1758 0.082780673265105
1757 0.0839420448663804
1756 0.0851204946354205
1755 0.0863162162452155
1754 0.0911543344712012
1753 0.096199084549135
1752 0.10145518203247
1751 0.10692715512717
1750 0.112619320813352
1749 0.119135016846895
1748 0.125926193766396
1747 0.132998340002522
1746 0.140356639042761
1745 0.148005937816435
1744 0.151860316758884
1743 0.155789153143006
1742 0.159793052060422
1741 0.163872593485473
1740 0.168028331100911
1739 0.171100120742987
1738 0.174218621282456
1737 0.177384146818785
1736 0.180596998782038
1735 0.183857465375071
1734 0.187434629335711
1733 0.191061223742038
1732 0.194737261846518
1731 0.198462733540783
1730 0.202237604861978
1729 0.205980229053001
1728 0.209768399554403
1727 0.213602090590275
1726 0.217481260004595
1725 0.221405848993691
1724 0.225289309424071
1723 0.229216937938701
1722 0.233188711781051
1721 0.237204594628183
1720 0.241264536373481
1719 0.24588833237008
1718 0.250577403687396
1717 0.255331791849752
1716 0.260151503494474
1715 0.265036509387677
1714 0.270202097328817
1713 0.275427224509977
1712 0.280711470436004
1711 0.286054379681304
1710 0.2914554615375
1709 0.302353103727003
1708 0.313476073577513
1707 0.324819889722261
1706 0.336379538285193
1705 0.348149466136222
1704 0.36947444679104
1703 0.391434747612016
1702 0.413991313231095
1701 0.437099582605235
1700 0.460709475541422
1699 0.479913514429514
1698 0.499374528476297
1697 0.519059510133901
1696 0.538933320016308
1695 0.558958757450091
1694 0.565020834441755
1693 0.571083829179695
1692 0.577146100234052
1691 0.583205989166608
1690 0.589261821516874
1689 0.589267915259102
1688 0.589274045561911
1687 0.589280210394759
1686 0.589286407703956
1685 0.589292635412869
1684 0.588281146934439
1683 0.587268991622061
1682 0.586256194443963
1681 0.585242780330792
1680 0.584228774173895
1679 0.583205989166608
1678 0.582182171925256
1677 0.581157409236614
1676 0.580131787529386
1675 0.579105392853962
1674 0.579114249297321
1673 0.5791232132067
1672 0.579132282718499
1671 0.579141455942855
1670 0.579150730963829
1669 0.577136034666266
1668 0.575121954407996
1667 0.57310853221262
1666 0.57109580993606
1665 0.569083829265291
1664 0.564057394145603
1663 0.559036497061924
1662 0.554021775190568
1661 0.549013858781805
1660 0.544013371049363
1659 0.537003364615638
1658 0.530006818222311
1657 0.523025582573025
1656 0.516061478813207
1655 0.509116297759149
1654 0.502286288668631
1653 0.495491231553258
1652 0.488732716394327
1651 0.482012282625585
1650 0.475331418962125
1649 0.469604276570975
1648 0.463904583521625
1647 0.458233143168144
1646 0.452590737772727
1645 0.446978128478457
1644 0.444099055777183
1643 0.441225839659772
1642 0.438358637376367
1641 0.435497604455043
1640 0.432642894685795
1639 0.431600775415669
1638 0.430561490168099
1637 0.429525109949281
1636 0.428491704910279
1635 0.427461344334902
1634 0.430354234881244
1633 0.43325494393212
1632 0.436163190324027
1631 0.439078688621614
1630 0.442001149183257
1629 0.446709089480961
1628 0.451435645398153
1627 0.456180361422061
1626 0.460942773519684
1625 0.465722409176716
1624 0.469558195746865
1623 0.473404447628007
1622 0.47726091127999
1621 0.481127329757359
1620 0.485003442727066
1619 0.491770214778518
1618 0.498569066910695
1617 0.505398573896835
1616 0.512257273999684
1615 0.519143669246108
1614 0.535057086006535
1613 0.551053984538793
1612 0.567113538367241
1611 0.583214200823598
1610 0.599333748948505
1609 0.609408927288879
1608 0.619481843331348
1607 0.629546894348295
1606 0.639598392810317
1605 0.649630571299434
1604 0.647642611103645
1603 0.645651801010708
1602 0.643658228867711
1601 0.641661982438335
1600 0.639663149393135
1599 0.638668714551172
1598 0.637673135071428
1597 0.636676436457816
1596 0.635678644198066
1595 0.634679783761905
1594 0.645753608149812
1593 0.656792195015869
1592 0.667787322087309
1591 0.678730683915122
1590 0.689613902479826
1589 0.701448330557892
1588 0.713201537412138
1587 0.72486279939947
1586 0.73642132613825
1585 0.747866276619993
1584 0.755367864976678
1583 0.762803344527319
1582 0.770169346470821
1581 0.777462513337972
1580 0.784679501729819
1579 0.789280058326818
1578 0.793855117021904
1577 0.798403795096452
1576 0.802925209231266
1575 0.807418475807481
1574 0.810840227353926
1573 0.8142366819175
1572 0.817607388093015
1571 0.820951897486047
1570 0.824269764835155
1569 0.829347417367507
1568 0.834373575491537
1567 0.839346933697903
1566 0.844266194334987
1565 0.849130068169107
1564 0.856319230696003
1563 0.863376614523674
1562 0.870297992095867
1561 0.877079192550056
1560 0.883716105887684
1559 0.887468648771931
1558 0.891176660994572
1557 0.89483932832167
1556 0.898455842595278
1555 0.902025402055251
1554 0.898455842595278
1553 0.89483932832167
1552 0.891176660994572
1551 0.887468648771931
1550 0.883716105887684
1549 0.883716105887684
1548 0.883716105887684
1547 0.883716105887684
1546 0.883716105887684
1545 0.883716105887684
1544 0.892200214449497
1543 0.900400369774498
1542 0.908307611409638
1541 0.915913274314515
1540 0.923209005250271
1539 0.932663456512241
1538 0.941552580635484
1537 0.949858506094767
1536 0.957564428085373
1535 0.964654665144602
1534 0.970342135837121
1533 0.975538149979837
1532 0.980234500668992
1531 0.984423744764141
1530 0.988099222543822
1529 0.990836253034702
1528 0.993188292493051
1527 0.995152575569902
1526 0.996726789460462
1525 0.997909078442105
1524 0.998682745813173
1523 0.999279160293419
1522 0.999697783387168
1521 0.999938176189213
1520 1
1519 0.999931148162157
1518 0.999724625156104
1517 0.999380367294011
1516 0.998898372059136
1515 0.998278698215099
1514 0.997583050006967
1513 0.996841691607141
1512 0.996054785040988
1511 0.995222499758081
1510 0.994345012568267
1509 0.993984180503156
1508 0.993612550629347
1507 0.993230135116469
1506 0.992836946484173
1505 0.992432997601447
1504 0.992446836122091
1503 0.99245517610953
1502 0.992458020572964
1501 0.992455372745881
1500 0.992447236085525
1499 0.992823144336327
1498 0.993188292493051
1497 0.993542668620458
1496 0.993886261132605
1495 0.994219058793477
1494 0.994219058793477
1493 0.994219058793477
1492 0.994219058793477
1491 0.994219058793477
1490 0.994219058793477
1489 0.994087376602036
1488 0.993941903150877
1487 0.993782633459464
1486 0.993609563520821
1485 0.993422690303509
1484 0.992647350692116
1483 0.991845929598462
1482 0.991018532256746
1481 0.990165266565281
1480 0.98928624305989
1479 0.988779887497585
1478 0.988246214431102
1477 0.987685246952019
1476 0.987097011282817
1475 0.986481536776367
1474 0.985470452790722
1473 0.984434142218198
1472 0.983372731219564
1471 0.982286348423482
1470 0.981175124896226
1469 0.981057389359137
1468 0.980934202664348
1467 0.980805565506887
1466 0.980671478808798
1465 0.980531943719314
1464 0.980671478808798
1463 0.980805565506887
1462 0.980934202664348
1461 0.981057389359137
1460 0.981175124896226
1459 0.98136852676366
1458 0.981559444266979
1457 0.981747872985618
1456 0.98193380855214
1455 0.98211724665251
1454 0.981173852515856
1453 0.980207103292368
1452 0.979217069580609
1451 0.978203823630947
1450 0.977167439336773
1449 0.976816849058274
1448 0.97646369906868
1447 0.976107992225521
1446 0.975749731406313
1445 0.975388919508515
1444 0.977167439336773
1443 0.978881896452932
1442 0.980531943719314
1441 0.98211724665251
1440 0.98363748353637
1439 0.984227290180871
1438 0.984806617512071
1437 0.985375446677731
1436 0.985933759159987
1435 0.986481536776367
1434 0.984333451530051
1433 0.982056779335236
1432 0.979652621747439
1431 0.977122131933578
1430 0.974466513716637
1429 0.970916792751169
1428 0.967108847228769
1427 0.963045548749642
1426 0.958729982578979
1425 0.954165443593477
1424 0.950040849224911
1423 0.945768457807061
1422 0.941350678860769
1421 0.936789988026287
1420 0.932088924678102
1419 0.926980679710026
1418 0.921688883592491
1417 0.916216827674175
1416 0.910567916984862
1415 0.904745666504163
1414 0.897791259928104
1413 0.890648637376463
1412 0.883323527370344
1411 0.875821756780581
1410 0.86814924301204
1409 0.860560801359995
1408 0.852796280753054
1407 0.844861474201715
1406 0.836762277706325
1405 0.828504682579464
1404 0.821712038148132
1403 0.814831354215689
1402 0.807865768363006
1401 0.800818436212012
1400 0.793692529067971
1399 0.791899147879549
1398 0.790101104616087
1397 0.788298449194066
1396 0.786491231568333
1395 0.784679501729819
1394 0.790101104616087
1393 0.795481198305513
1392 0.800818436212012
1391 0.80611147541153
1390 0.811358977198189
1389 0.815696147309001
1388 0.819999998637007
1387 0.824269764835155
1386 0.828504682579464
1385 0.832703991794413
1384 0.827560548133362
1383 0.822369839860826
1382 0.817133325078518
1381 0.811852464712112
1380 0.806528721809338
1379 0.79860384960564
1378 0.790580629014657
1377 0.782463580740547
1376 0.774257241800051
1375 0.76596616135647
1374 0.756729092743282
1373 0.747389093232348
1372 0.737952612695524
1371 0.728426113302758
1370 0.718816061796346
1369 0.709086205021778
1368 0.699294870407155
1367 0.689448231884582
1366 0.679552422846929
1365 0.66961353004113
1364 0.661635452344666
1363 0.653636726842047
1362 0.645620390587126
1361 0.637589453048567
1360 0.629546894348295
1359 0.62048879555466
1358 0.611423869508707
1357 0.60235621017698
1356 0.593289853396132
1355 0.584228774173895
1354 0.574183545889087
1353 0.564162375400203
1352 0.554170343435894
1351 0.54421240601391
1350 0.53429339132994
1349 0.527354944429548
1348 0.520435849078698
1347 0.513537695305454
1346 0.506662043938426
1345 0.499810426160211
1344 0.497857446239997
1343 0.495906585532526
1342 0.493957878390787
1341 0.492011358963325
1340 0.490067061193534
1339 0.491929015989208
1338 0.493797626483577
1337 0.495672803291757
1336 0.497554454785971
1335 0.499442487090363
1334 0.50434928345629
1333 0.509268784234396
1332 0.514200433948692
1331 0.519143669246108
1330 0.524097918976118
1329 0.52509003984873
1328 0.526082573500758
1327 0.527075515252319
1326 0.528068860411388
1325 0.529062604273816
1324 0.521152308552002
1323 0.513274823704872
1322 0.505432437444097
1321 0.497627378252043
1320 0.48986181476623
1319 0.478226592745957
1318 0.466680360959382
1317 0.455229987559939
1316 0.443882062630715
1315 0.432642894685795
1314 0.420656047328365
1313 0.408817734254756
1312 0.397134450775282
1311 0.385612279585083
1310 0.374256892270018
1309 0.359490244203165
1308 0.345015133799359
1307 0.330843097295219
1306 0.316984497133865
1305 0.3034485344173
1304 0.285019137281053
1303 0.267269449690613
1302 0.250211898128753
1301 0.233854963644994
1300 0.218203378662339
1299 0.205700164277658
1298 0.193686591834515
1297 0.182160085887911
1296 0.171116666445786
1295 0.160551048040479
1294 0.155950714573568
1293 0.151445170015028
1292 0.147033704633404
1291 0.142715567101377
1290 0.138489966338802
1289 0.13618209173972
1288 0.133902375635478
1287 0.131650667669212
1286 0.129426814237052
1285 0.127230658583143
1284 0.125062040894186
1283 0.122920798393449
1282 0.120806765434225
1281 0.118719773592717
1280 0.116659651760307
1279 0.111823944342551
1278 0.107139543361577
1277 0.102603914353115
1276 0.0982144539693368
1275 0.0939684968302973
1274 0.0852481880004651
1273 0.0771603038603591
1272 0.0696756627034982
1271 0.062764578812846
1270 0.056397118605822
1269 0.0507593426725093
1268 0.0455700353425708
1267 0.0408030697579273
1266 0.0364327840384127
1265 0.0324341028533667
1264 0.0309331922966262
1263 0.0294863016010197
1262 0.0280919249142281
1261 0.026748577944916
1260 0.0254547986382389
1259 0.0250761147719896
1258 0.0247017238566326
1257 0.0243315876323855
1256 0.0239656680316832
1255 0.0236039271803705
1254 0.0238446253071595
1253 0.0240871750600934
1252 0.0243315876323855
1251 0.0245778742556067
1250 0.0248260461995331
1249 0.0250761147719896
1248 0.0253280913186905
1247 0.0255819872230772
1246 0.0258378139061501
1245 0.0260955828263005
1244 0.0261300230601641
1243 0.0261649635396908
1242 0.0262004047395786
1241 0.0262363471397067
1240 0.0262727912250756
1239 0.026106805237334
1238 0.0259420196220588
1237 0.0257784277354889
1236 0.0256160229467519
1235 0.0254547986382389
1234 0.0253619257734104
1233 0.0252698223955551
1232 0.0251784838764564
1231 0.0250879056141802
1230 0.0249980830330465
1229 0.0248379716612549
1228 0.024679029027362
1227 0.0245212485482238
1226 0.0243646236548469
1225 0.0242091477927437
1224 0.0242420847644582
1223 0.0242755010541341
1222 0.0243093971540508
1221 0.0243437735619749
1220 0.0243786307811024
1219 0.0249627012195718
1218 0.0255580837933618
1217 0.0261649635396908
1216 0.0267835274823737
1215 0.0274139646219945
1214 0.0290625425824946
1213 0.030786097345615
1212 0.0325872236022703
1211 0.0344685593758217
1210 0.0364327840384127
1209 0.0384399741911478
1208 0.0405334736664397
1207 0.0427160828913444
1206 0.0449906405430291
1205 0.0473600208748896
1204 0.0486039049304348
1203 0.0498730626889701
1202 0.0511678579969189
1201 0.0524886558819332
1200 0.0538358224355896
1199 0.0533838144272236
1198 0.0529347634408026
1197 0.0524886558819332
1196 0.0520454781673685
1195 0.0516052167255116
1194 0.0493286465375301
1193 0.047135537683734
1192 0.045023498757836
1191 0.0429901677658669
1190 0.0410332142049193
1189 0.0373243270945454
1188 0.0338807076581444
1187 0.0306878297998572
1186 0.0277315384586473
1185 0.0249980830330465
1184 0.021342161543404
1183 0.0181018984160204
1182 0.0152385694506829
1181 0.0127158134166175
1180 0.0104996718703465
1179 0.00887557079740544
1178 0.00742273348557362
1177 0.00612577877019062
1176 0.00497035680829733
1175 0.00394312490037558
1174 0.00369423455536177
1173 0.0034533024030879
1172 0.00322009946330534
1171 0.0029944022635468
1170 0.00277599275108936
1169 0.00276531135022085
1168 0.00275479358080955
1167 0.00274443901273866
1166 0.00273424722200452
1165 0.0027242177907249
1164 0.00270226809385243
1163 0.00268054905279603
1162 0.00265905891748943
1161 0.00263779595410768
1160 0.00261675844495275
1159 0.00254374804812233
1158 0.00247166519383176
1157 0.00240049896535012
1156 0.00233023854976831
1155 0.00226087323755354
1154 0.00227986712632162
1153 0.00229947378693438
1152 0.00231969653671786
1151 0.00234053878834573
1150 0.00236200404961305
1149 0.00242272008419579
1148 0.00248402174003004
1147 0.00254591392281918
1146 0.00260840157114529
1145 0.00267148965660284
1144 0.00277883506201612
1143 0.00288801589025858
1142 0.00299906011965524
1141 0.00311199606093092
1140 0.00322685235883719
1139 0.00342236939858159
1138 0.00362339160675772
1137 0.00383005955709945
1136 0.00404251683997764
1135 0.00426091010549121
1134 0.00456620748917647
1133 0.00488282421756034
1132 0.00521113100111187
1131 0.00555150835955381
1130 0.00590434677419466
1129 0.00607812194184764
1128 0.00625510529148045
1127 0.00643535173281597
1126 0.00661891696661045
1125 0.00680585749163039
1124 0.00675510832751759
1123 0.00670458605972153
1122 0.00665428982688859
1121 0.00660421877012945
1120 0.00655437203301658
1119 0.00625995467236357
1118 0.00597339972726667
1117 0.0056945277495558
1116 0.00542316242492162
1115 0.0051591305475042
1114 0.00484367260784137
1113 0.00453975488529735
1112 0.00424698190406815
1111 0.0039649699101579
1110 0.00369334663225647
1109 0.0035128329445214
1108 0.00333651217320588
1107 0.00316429987922777
1106 0.00299611297426592
1105 0.00283186970822988
1104 0.00285285291962727
1103 0.0028740629656282
1102 0.00289550154954372
1101 0.00291717039067673
1100 0.00293907122443581
1099 0.00296120580244958
1098 0.00298357589268141
1097 0.00300618327954423
1096 0.00302902976401589
1095 0.00305211716375444
1094 0.00284142552620629
1093 0.00263779595410768
1092 0.00244100110254015
1091 0.00225082017495077
1090 0.0020670387804743
1089 0.00192481392798493
1088 0.0017859968571569
1087 0.00165051605916216
1086 0.00151830124589923
1085 0.00138928333655391
1084 0.00145687442626895
1083 0.00152550092642968
1082 0.00159517851220562
1081 0.00166592307695284
1080 0.00173775073462796
1079 0.00170141351903873
1078 0.00166542740974219
1077 0.0016297892970607
1076 0.0015944960952036
1075 0.00155954474218401
1074 0.00121064665779785
1073 0.000884787464513119
1072 0.000580603045506999
1071 0.000296797678587291
1070 3.2141551137976e-05
