-265169.430524353 4557176.78729669
3541 0.000103654620241478
3540 0.000243359009795771
3539 0
3479 0.000179012034176538
3478 0.000555456792673432
3477 0.000961790461413686
3476 0.00140006986970634
3475 0.00187246520369818
3474 0.00187246520369818
3473 0.00187246520369818
3472 0.00187246520369818
3471 0.00187246520369818
3470 0.00187246520369818
3469 0.00198882028337914
3468 0.00210722100491515
3467 0.00222769850162277
3466 0.00235028428322588
3465 0.00247501023853022
3464 0.00250652990277583
3463 0.00253818585088122
3462 0.00256997859232157
3461 0.00260190863807894
3460 0.00263397650064426
3459 0.00296234888290511
3458 0.00330507798905035
3457 0.00366270160558357
3456 0.0040357731575476
3455 0.00442486194776563
3454 0.00508218716726038
3453 0.00578450578414641
3452 0.00653441224594731
3451 0.00733461235133948
3450 0.00818792514917108
3449 0.00945336283982732
3448 0.0108327675378313
3447 0.0123345484986303
3446 0.0139675408132441
3445 0.0157410073161149
3444 0.016947132412791
3443 0.01821664620857
3442 0.0195522046856809
3441 0.0209565322296096
3440 0.0224324207065686
3439 0.0227582659782992
3438 0.0230875567339567
3437 0.023420321625577
3436 0.0237565894409469
3435 0.0240963891028877
3434 0.0233577374966229
3433 0.0226366488263492
3432 0.0219327696952712
3431 0.0212457516158626
3430 0.020575251017637
3429 0.0197762172079436
3428 0.0189997087030625
3427 0.0182452150288588
3426 0.0175122328964582
3425 0.016800266255808
3424 0.0163657415543897
3423 0.0159391170849135
3422 0.015520276093002
3421 0.0151091029483309
3420 0.0147054831471583
3419 0.0146256555912563
3418 0.0145461247288997
3417 0.0144668896603217
3416 0.0143879494875651
3415 0.0143093033144834
3414 0.0146256555912563
3413 0.0149467550009468
3412 0.0152726594180323
3411 0.0156034271796425
3410 0.0159391170849135
3409 0.0164520107202259
3408 0.0169763145678388
3407 0.0175122328964582
3406 0.018059972289763
3405 0.0186197416367472
3404 0.0194824144086202
3403 0.0203733526328529
3402 0.0212932901177921
3401 0.0222429720028685
3400 0.0232231546250969
3399 0.0241206537436611
3398 0.0250434045742346
3397 0.0259919599968899
3396 0.0269668794782322
3395 0.0279687289546708
3394 0.0286088142902493
3393 0.0292597835333418
3392 0.029921778572418
3391 0.0305949422162429
3390 0.0312794181793252
3389 0.0322569647191668
3388 0.0332573666350875
3387 0.0342810268673154
3386 0.0353283515371858
3385 0.0363997498507231
3384 0.0385220465219994
3383 0.0407361766906347
3382 0.0430449489880476
3381 0.0454511924146298
3380 0.0479577525286141
3379 0.0502884861333077
3378 0.0527050391399673
3377 0.0552096115774262
3376 0.0578044127090322
3375 0.0604916584900011
3374 0.061639155971198
3373 0.0628032489643935
3372 0.0639840981665246
3371 0.0651818642394883
3370 0.0663967077727504
3369 0.0683763790443245
3368 0.0704008358560044
3367 0.0724707332804127
3366 0.0745867245730258
3365 0.0767494607370277
3364 0.0809328377273703
3363 0.0852870707069807
3362 0.0898163514209425
3361 0.0945248103522819
3360 0.0994165049744367
3359 0.103464462944797
3358 0.107634225314136
3357 0.111927737263529
3356 0.116346895450117
3355 0.120893543616981
3354 0.122826034409371
3353 0.124781095867959
3352 0.126758852185765
3351 0.128759425573802
3350 0.130782936202722
3349 0.132293768620189
3348 0.133819295429918
3347 0.135359606683444
3346 0.136914791889335
3345 0.138484939986445
3344 0.142906881822377
3343 0.147426966975339
3342 0.152045857858711
3341 0.156764161455979
3340 0.161582427153197
3339 0.165884844744155
3338 0.170266948729044
3337 0.174729162162658
3336 0.179271874236781
3335 0.183895439123882
3334 0.18754764827206
3333 0.191249095560503
3332 0.194999901071503
3331 0.19880017057995
3330 0.202649995231115
3329 0.206549451220494
3328 0.210498599475939
3327 0.214497485342338
3326 0.218546138269123
3325 0.222644571500835
3324 0.229185529488731
3323 0.235849304216094
3322 0.24263569332724
3321 0.249544386312264
3320 0.256574961793992
3319 0.260461006509114
3318 0.264383055384384
3317 0.268340996741578
3316 0.272334708391543
3315 0.276364057519446
3314 0.274344936989827
3313 0.272334708391543
3312 0.270333389330525
3311 0.268340996741578
3310 0.266357546891855
3309 0.260977659264104
3308 0.255661601495108
3307 0.250409837623162
3306 0.245222792058403
3305 0.240100850008481
3304 0.23824651003136
3303 0.236401325910614
3302 0.234565303230681
3301 0.232738446972632
3300 0.230920761518367
3299 0.229112250654846
3298 0.227312917578345
3297 0.225522764898741
3296 0.223741794643828
3295 0.221970008263645
3294 0.216577552754195
3293 0.211268827803439
3292 0.20604399957751
3291 0.200903179999793
3290 0.195846427850396
3289 0.187815210445366
3288 0.180012034423503
3287 0.172435476809355
3286 0.165083830983683
3285 0.157955121786616
3284 0.154243540152457
3283 0.150594375548813
3282 0.14700724315635
3281 0.143481740185408
3280 0.140017446525307
3279 0.141309411050894
3278 0.142609945179405
3277 0.143919071894112
3276 0.145236813851738
3275 0.146563193377685
3274 0.150594375548813
3273 0.154704066733782
3272 0.158892813188446
3271 0.16316113120953
3270 0.167509505957625
3269 0.170947214135201
3268 0.174433825415402
3267 0.177969526319306
3266 0.181554490440147
3265 0.185188878108862
3264 0.185188878108862
3263 0.185188878108862
3262 0.185188878108862
3261 0.185188878108862
3260 0.185188878108862
3259 0.188872836060518
3258 0.19260649710188
3257 0.196389979780333
3256 0.200223388054453
3255 0.204106810966439
3254 0.211451814353715
3253 0.21896988981794
3252 0.226661174205452
3251 0.234525605260285
3250 0.242562914857443
3249 0.24696214378585
3248 0.251411260533571
3247 0.255910145275352
3246 0.26045865922512
3245 0.265056644364748
3244 0.266379416599431
3243 0.267706208495824
3242 0.269037015486633
3241 0.270371832871943
3240 0.271710655818734
3239 0.274400298396342
3238 0.277105901875376
3237 0.279827422752231
3236 0.28256481534917
3235 0.285318031799995
3234 0.290174084890421
3233 0.295078159324233
3232 0.300029949388071
3231 0.305029128150054
3230 0.310075347256026
3229 0.315168236734534
3228 0.320307404810784
3227 0.32549243772987
3226 0.330722899589535
3225 0.335998332182725
3224 0.33675560874547
3223 0.337513791867674
3222 0.338272880101039
3221 0.339032871987849
3220 0.339793766060949
3219 0.341318254850212
3218 0.342846334542691
3217 0.344377993060861
3216 0.345913218175588
3215 0.347451997505897
3214 0.357539817119753
3213 0.367773651474258
3212 0.378149627447794
3211 0.388663596340667
3210 0.399311132674892
3209 0.410921684009758
3208 0.422675449410076
3207 0.434565822062655
3206 0.44658582372564
3205 0.458728107037475
3204 0.457856908192174
3203 0.456986296905082
3202 0.456116276039359
3201 0.455246848448719
3200 0.45437801697744
3199 0.450908708840258
3198 0.447449163693056
3197 0.443999559018043
3196 0.440560069859873
3195 0.437130868818783
3194 0.432859094160328
3193 0.428603987287293
3192 0.424365869109848
3191 0.420145054510152
3190 0.415941852329879
3189 0.41510335213633
3188 0.414265570963822
3187 0.413428511195913
3186 0.412592175206449
3185 0.411756565359584
3184 0.420145054510152
3183 0.428603987287293
3182 0.437130868818783
3181 0.445723107799021
3180 0.45437801697744
3179 0.457856908192174
3178 0.46134520014967
3177 0.464842708101133
3176 0.468349244892613
3175 0.471864620974386
3174 0.478921120890752
3173 0.486010643924873
3172 0.49313158850426
3171 0.500282315799295
3170 0.507461150146348
3169 0.515568802405418
3168 0.52370736794871
3167 0.531874298343206
3166 0.540066989632199
3165 0.548282783416461
3164 0.557462014857166
3163 0.566652963127951
3162 0.575851364994869
3161 0.585052891692109
3160 0.594253152387552
3159 0.605285535341679
3158 0.616304615362057
3157 0.627302624939034
3156 0.638271697833381
3155 0.64920387868555
3154 0.647380224015527
3153 0.645555763907237
3152 0.643730533687254
3151 0.641904568603994
3150 0.640077903826664
3149 0.640077903826664
3148 0.640077903826664
3147 0.640077903826664
3146 0.640077903826664
3145 0.640077903826664
3144 0.651026692513644
3143 0.661943925754636
3142 0.672821885350639
3141 0.683652764579334
3140 0.694428677032887
3139 0.703360876906122
3138 0.712244743185288
3137 0.721075612584013
3136 0.729848800089023
3135 0.738559602969836
3134 0.734994696881361
3133 0.731423808591721
3132 0.727847278512419
3131 0.724265445033396
3130 0.720678644474156
3129 0.714601370798418
3128 0.708487735719152
3127 0.702339462319639
3126 0.696158275758148
3125 0.689945902364341
3124 0.688149863226412
3123 0.68635220551257
3122 0.684552966014469
3121 0.682752181471062
3120 0.680949888567416
3119 0.680949888567416
3118 0.680949888567416
3117 0.680949888567416
3116 0.680949888567416
3115 0.680949888567416
3114 0.68370406873945
3113 0.686458066205299
3112 0.689211734702497
3111 0.691964926894762
3110 0.694717494383084
3109 0.701952739927465
3108 0.709166918776224
3107 0.716357596703904
3106 0.723522318305815
3105 0.730658608272263
3104 0.734175328219395
3103 0.737681790948981
3102 0.741177691032811
3101 0.744662722757546
3100 0.748136580168155
3099 0.743792500463223
3098 0.739431080422524
3097 0.735052917441446
3096 0.730658608272263
3095 0.726248748892124
3094 0.711146914796391
3093 0.69589547452637
3092 0.680517517742587
3091 0.665035881925533
3090 0.649473098351231
3089 0.64396514081789
3088 0.638450803873909
3087 0.632931044117469
3086 0.62740681129912
3085 0.621879048069826
3084 0.634754772706968
3083 0.647588581705562
3082 0.660367792501868
3081 0.673079577260004
3080 0.685710984710086
3079 0.700160742020723
3078 0.714510840156146
3077 0.728742103863309
3076 0.742835129561198
3075 0.756770326572385
3074 0.764475392870133
3073 0.772114970547952
3072 0.779685570075033
3071 0.787183706003342
3070 0.794605899597184
3069 0.801948681481904
3068 0.809208594309006
3067 0.816382195434851
3066 0.823466059610065
3065 0.830456781676792
3064 0.839470566829057
3063 0.84828990594282
3062 0.856907082101472
3061 0.8653145263078
3060 0.873504829055018
3059 0.877612770479366
3058 0.881667368147512
3057 0.885667710866053
3056 0.889612896653985
3055 0.893502033080535
3054 0.892857773571266
3053 0.89221193666367
3052 0.89156452643211
3051 0.890915546958744
3050 0.890265002333493
3049 0.887647254381045
3048 0.885004793179383
3047 0.88233788411367
3046 0.879646794444493
3045 0.87693179326336
3044 0.87741945496262
3043 0.877903163036198
3042 0.87838290815431
3041 0.878858681133124
3040 0.879330472935168
3039 0.881338216906229
3038 0.883332401799363
3037 0.885312915539373
3036 0.887279646638241
3035 0.889232484205573
3034 0.889880323531031
3033 0.890526602802725
3032 0.89117131795898
3031 0.891814464945844
3030 0.892456039717121
3029 0.892456039717121
3028 0.892456039717121
3027 0.892456039717121
3026 0.892456039717121
3025 0.892456039717121
3024 0.893096038234423
3023 0.89373445646721
3022 0.894371290392821
3021 0.895006535996535
3020 0.895640189271597
3019 0.895640189271597
3018 0.895640189271597
3017 0.895640189271597
3016 0.895640189271597
3015 0.895640189271597
3014 0.89373445646721
3013 0.891814464945844
3012 0.889880323531031
3011 0.887932141678398
3010 0.885970029465365
3009 0.887932141678398
3008 0.889880323531031
3007 0.891814464945844
3006 0.89373445646721
3005 0.895640189271597
3004 0.90311837954487
3003 0.910359895740827
3002 0.917358098459031
3001 0.924106535781282
3000 0.930598953168637
2999 0.935809360785788
2998 0.940834387968529
2997 0.945670757423247
2996 0.950315303446756
2995 0.954764975377435
2994 0.956489618520616
2993 0.958182429020968
2992 0.959843227763231
2991 0.96147183880916
2990 0.963068089428589
2989 0.963068089428589
2988 0.963068089428589
2987 0.963068089428589
2986 0.963068089428589
2985 0.963068089428589
2984 0.963068089428589
2983 0.963068089428589
2982 0.963068089428589
2981 0.963068089428589
2980 0.963068089428589
2979 0.963462075832921
2978 0.963854026484919
2977 0.964243938780884
2976 0.964631810129947
2975 0.965017637954088
2974 0.966162834690243
2973 0.967289548133533
2972 0.968397710776774
2971 0.969487256172192
2970 0.970558118938063
2969 0.972583050639667
2968 0.974556796902746
2967 0.97647890653452
2966 0.97834893669333
2965 0.980166453063259
2964 0.983082756826879
2963 0.985782398381854
2962 0.98826355489007
2961 0.990524548082723
2960 0.992563846152097
2959 0.994380065481045
2958 0.995971972207429
2957 0.997338483621064
2956 0.998478669390926
2955 0.9993917526207
2954 0.999835376543291
2953 1
2952 0.999885979788161
2951 0.999493911090349
2950 0.998824625910647
2949 0.998450360457046
2948 0.997964819938198
2947 0.997368166178998
2946 0.996660597965429
2945 0.995842350934183
2944 0.995588274504498
2943 0.995325191975524
2942 0.995053110492179
2941 0.994772037442455
2940 0.994481980457087
2939 0.994628131455333
2938 0.994772037442455
2937 0.994913697441879
2936 0.995053110492179
2935 0.995190275647092
2934 0.995325191975524
2933 0.995457858561567
2932 0.995588274504498
2931 0.995716438918806
2930 0.995842350934183
2929 0.995355589888603
2928 0.9947843442136
2927 0.994128616714126
2926 0.993388433922497
2925 0.992563846152097
2924 0.989646671740859
2923 0.986296164286099
2922 0.982516768198178
2921 0.978313484669448
2920 0.973691860646458
2919 0.970231095677791
2918 0.966605692930414
2917 0.962817944695633
2916 0.958870222650925
2915 0.954764975377435
2914 0.957762220555565
2913 0.960661567619422
2912 0.963462075832921
2911 0.966162834690243
2910 0.968762964409063
2909 0.972301199081424
2908 0.975629980402394
2907 0.978747081289837
2906 0.981650411631117
2905 0.98433802061852
2904 0.985600358609004
2903 0.986808098933593
2902 0.987961037868207
2901 0.989058980776968
2900 0.990101742166969
2899 0.99039970523117
2898 0.990695717974946
2897 0.99098977485364
2896 0.991281870350359
2895 0.991571998976253
2894 0.990019389930686
2893 0.988387442176909
2892 0.986676719139598
2891 0.984887803670044
2890 0.983021297717161
2889 0.981086942869382
2888 0.979047067286105
2887 0.976902342549625
2886 0.974653473746532
2885 0.972301199081424
2884 0.970203244522341
2883 0.968030388552618
2882 0.965783152779989
2881 0.963462075832921
2880 0.961067713145504
2879 0.957762220555565
2878 0.954328862031217
2877 0.950769089295246
2876 0.94708440375045
2875 0.943276355424725
2874 0.939346541884931
2873 0.935296607120563
2872 0.931128240398352
2871 0.926843175088899
2870 0.92244318746647
2869 0.917930095483136
2868 0.913305757518435
2867 0.90857207110574
2866 0.903730971636586
2865 0.898784431044155
2864 0.894371290392821
2863 0.889880323531031
2862 0.885312915539373
2861 0.880670469928798
2860 0.875954407923947
2859 0.870476325943936
2858 0.864906143732238
2857 0.859246060366819
2856 0.853498299796845
2855 0.847665109393238
2854 0.838760112668021
2853 0.82967575358116
2852 0.820419868721711
2851 0.811000376132113
2850 0.801425264115727
2849 0.791702580056302
2848 0.781840419271045
2847 0.77184691391859
2846 0.761730221982823
2845 0.75149851635309
2844 0.742890136730789
2843 0.734212294109108
2842 0.725469710126113
2841 0.71666709484545
2840 0.707809142644643
2839 0.704251515301699
2838 0.700686080428767
2837 0.697113135546773
2836 0.693532977489557
2835 0.689945902364341
2834 0.691740286083204
2833 0.693532977489557
2832 0.695323939640875
2831 0.697113135546773
2830 0.698900528170219
2829 0.703360876906122
2828 0.707809142644643
2827 0.712244743185288
2826 0.71666709484545
2825 0.721075612584013
2824 0.723713839102
2823 0.726346747539349
2822 0.728974210931135
2821 0.731596102188599
2820 0.734212294109108
2819 0.735083069562491
2818 0.735953192894364
2817 0.736822659386148
2816 0.737691464318201
2815 0.738559602969836
2814 0.739427070619381
2813 0.740293862544212
2812 0.741159974020794
2811 0.742025400324729
2810 0.742890136730789
2809 0.742025400324729
2808 0.741159974020794
2807 0.740293862544212
2806 0.739427070619381
2805 0.738559602969836
2804 0.737781070023971
2803 0.736999920048844
2802 0.736216170404987
2801 0.735429838539064
2800 0.734640941982799
2799 0.730342443862264
2798 0.726021612409278
2797 0.721679116407285
2796 0.717315626480198
2795 0.7129318148867
2794 0.704883707397093
2793 0.696796344756739
2792 0.688673147788928
2791 0.680517517742587
2790 0.672332834018785
2789 0.664087762993393
2788 0.65583023683217
2787 0.647563519517008
2786 0.639290830010687
2785 0.631015340481772
2784 0.619994187693368
2783 0.608963347404137
2782 0.597930155818574
2781 0.586901820591737
2780 0.575885413781756
2779 0.566697066247292
2778 0.557515835987018
2777 0.548345983217881
2776 0.53919169982241
2775 0.530057106132179
2774 0.524656895703139
2773 0.519274692172986
2772 0.51391119401448
2771 0.508567085215612
2770 0.503243035233008
2769 0.496989916303359
2768 0.490758684384236
2767 0.484550448337779
2766 0.478366295531432
2765 0.472207291625663
2764 0.461710504050621
2763 0.451295787240122
2762 0.440968054976611
2761 0.430732025860621
2760 0.420592221623275
2759 0.404648506035924
2758 0.388962883452029
2757 0.373551709160163
2756 0.358430057341864
2755 0.34361171720933
2754 0.325608723070329
2753 0.308147515496853
2752 0.291242709161844
2751 0.274905975580412
2750 0.25914615364025
2749 0.242455949311535
2748 0.226451747189587
2747 0.211138527633814
2746 0.196517804702439
2745 0.182587837023097
2744 0.170453123408714
2743 0.158892813188446
2742 0.147898232461229
2741 0.137459132745746
2740 0.12756384916137
2739 0.121649758386411
2738 0.115939688358432
2737 0.110430104084426
2736 0.10511733026825
2735 0.0999975651222729
2734 0.0987692641844696
2733 0.0975539456402419
2732 0.0963515105756636
2731 0.0951618600116374
2730 0.0939848949239646
2729 0.0926097344474933
2728 0.0912495814602891
2727 0.0899043571545965
2726 0.0885739815019747
2725 0.0872583732873847
2724 0.0834921390197197
2723 0.0798536337368553
2722 0.0763399813788169
2721 0.072948294368588
2720 0.0696756785269528
2719 0.0656072158324178
2718 0.0617210046988226
2717 0.058011697995665
2716 0.0544739227842738
2715 0.0511022945833166
2714 0.0493929515847422
2713 0.0477294218350211
2712 0.0461107642983332
2711 0.0445360460091714
2710 0.0430043424815345
2709 0.0420621121416249
2708 0.0411356079458305
2707 0.0402246480704655
2706 0.0393290508253374
2705 0.0384486347073877
2704 0.0368578241483801
2703 0.035317514498467
2702 0.0338264957788086
2701 0.0323835705533899
2700 0.0309875545266869
2699 0.0295047203387326
2698 0.0280756920148498
2697 0.0266989530134411
2696 0.0253730091193269
2695 0.0240963891028877
2694 0.0235810137507626
2693 0.0230744694242649
2692 0.0225766240167401
2691 0.0220873468536248
2690 0.0216065086918653
2689 0.0211422144834011
2688 0.0206852313938969
2687 0.0202354707551697
2686 0.0197928443742215
2685 0.0193572645444848
2684 0.0184033339191904
2683 0.017483294580906
2682 0.0165961714364008
2681 0.0157410073161149
2680 0.0149168630926955
2679 0.0140450337671808
2678 0.0132084241085175
2677 0.0124058604480627
2676 0.0116361958756664
2675 0.0108983102352061
2674 0.0108983102352061
2673 0.0108983102352061
2672 0.0108983102352061
2671 0.0108983102352061
2670 0.0108983102352061
2669 0.011195272889931
2668 0.0114974600632305
2667 0.0118049460489623
2666 0.0121178057677428
2665 0.0124361147620964
2664 0.0125076968887681
2663 0.0125795512007219
2662 0.0126516785487588
2661 0.0127240797854953
2660 0.0127967557653622
2659 0.0126162252073311
2658 0.0124375335807426
2657 0.0122606654891645
2656 0.0120856056039142
2655 0.011912338664795
2654 0.011669168724903
2653 0.0114296579160885
2652 0.0111937549460275
2651 0.0109614091237446
2650 0.0107325703556503
2649 0.0107001197755102
2648 0.0106679497446842
2647 0.0106360596038166
2646 0.0106044486971977
2645 0.0105731163727998
2644 0.0112969201160321
2643 0.0120520024640029
2642 0.0128394714231545
2641 0.0136604617399657
2640 0.0145161349219352
2639 0.0160402295555247
2638 0.0176735119538323
2637 0.0194223415945232
2636 0.02129331942753
2635 0.0232932858501811
2634 0.0252905961026951
2633 0.0274107633456678
2632 0.0296594788196234
2631 0.0320425553350064
2630 0.0345659189132674
2629 0.0363904839480509
2628 0.0382872463771464
2627 0.0402583135321381
2626 0.0423058161745195
2625 0.0444319067201892
2624 0.0431820123921998
2623 0.041959166624406
2622 0.0407629396429695
2621 0.0395929040011141
2620 0.0384486347073877
2619 0.0354078013282295
2618 0.0325514903303918
2617 0.0298712748629259
2616 0.0273588892751124
2615 0.0250062451788864
2614 0.023007851471254
2613 0.0211303828203019
2612 0.0193678561544248
2611 0.0177144793648419
2610 0.0161646536177699
2609 0.0151231056629271
2608 0.0141283254532871
2607 0.0131786160975283
2606 0.0122723196336803
2605 0.0114078173986409
2604 0.0119205453094841
2603 0.0124480644092228
2602 0.0129907171549671
2601 0.0135488508837543
2600 0.0141228177744868
2599 0.0153251157052592
2598 0.0165961714364008
2597 0.0179391392010206
2596 0.0193572645444848
2595 0.0208538833738592
2594 0.0218969244969339
2593 0.022977408551346
2592 0.0240963891028877
2591 0.0252549365010183
2590 0.0264541375756359
2589 0.0273183572709787
2588 0.028203420334897
2587 0.0291097134276934
2586 0.0300376268616893
2585 0.0309875545266869
2584 0.031263061386299
2583 0.0315404070647517
2582 0.031819600904865
2581 0.0321006522719001
2580 0.0323835705533899
2579 0.0321006522719001
2578 0.031819600904865
2577 0.0315404070647517
2576 0.031263061386299
2575 0.0309875545266869
2574 0.0307138771657002
2573 0.0304420200058919
2572 0.0301719737727443
2571 0.0299037292148253
2570 0.0296372771039469
2569 0.0296372771039469
2568 0.0296372771039469
2567 0.0296372771039469
2566 0.0296372771039469
2565 0.0296372771039469
2564 0.030306771102243
2563 0.0309875545266869
2562 0.031679772379796
2561 0.0323835705533899
2560 0.0330990958125165
2559 0.0339734137869204
2558 0.0348650880662458
2557 0.0357743770287725
2556 0.0367015407026063
2555 0.037646840717735
2554 0.0380304748173688
2553 0.0384173120308872
2552 0.0388073709020836
2551 0.0392006699541403
2550 0.039597227687498
2549 0.0391044816724497
2548 0.0386164190471364
2547 0.0381330067694079
2546 0.0376542118866958
2545 0.0371800015376813
2544 0.0357845504826907
2543 0.0344291863229578
2542 0.0331130375300279
2541 0.0318352409647898
2540 0.0305949422162429
2539 0.0294658541998769
2538 0.0283679516217952
2537 0.02730058978248
2536 0.0262631293255104
2535 0.0252549365010183
2534 0.0254241779974477
2533 0.0255945368885414
2532 0.0257660185407928
2531 0.0259386283224523
2530 0.0261123716031798
2529 0.0267206471371679
2528 0.0273393865724403
2527 0.0279687289546708
2526 0.0286088142902493
2525 0.0292597835333418
2524 0.0292597835333418
2523 0.0292597835333418
2522 0.0292597835333418
2521 0.0292597835333418
2520 0.0292597835333418
2519 0.0289412744893895
2518 0.0286255693931911
2517 0.0283126499883379
2516 0.0280024980331052
2515 0.0276950953021611
2514 0.0276227665935452
2513 0.0275510345537746
2512 0.027479895986394
2511 0.0274093477128498
2510 0.0273393865724403
2509 0.0270906262529101
2508 0.0268435534765939
2507 0.026598159350679
2506 0.0263544350072028
2505 0.0261123716031798
2504 0.0255144218979346
2503 0.0249266609339199
2502 0.0243489526200361
2501 0.023781161872475
2500 0.0232231546250969
2499 0.0220873468536248
2498 0.0209921646084734
2497 0.0199364763073621
2496 0.0189191670773722
2495 0.0179391392010206
2494 0.0165492345228366
2493 0.015237498998017
2492 0.0140002485146749
2491 0.012833921352562
2490 0.0117350778069333
2489 0.0107001197755102
2488 0.00972491171805973
2487 0.00880659711785888
2486 0.00794241407428601
2485 0.00712969508131631
2484 0.00700359351137811
2483 0.00687902567461958
2482 0.00675597315687056
2481 0.00663441774356144
2480 0.00651434141814742
2479 0.00668327133444509
2478 0.00685489700798961
2477 0.00702925916469967
2476 0.00720639906394012
2475 0.0073863585032132
2474 0.00736065913470462
2473 0.00733522590750549
2472 0.00731005724524568
2471 0.00728515158405276
2470 0.0072605073724748
2469 0.00708128432647219
2468 0.00690465930367054
2467 0.00673060063341193
2466 0.00655907689996981
2465 0.00639005694319947
2464 0.00608383019142049
2463 0.00578597039443367
2462 0.00549627205585006
2461 0.00521453385469557
2460 0.00494055859258847
2459 0.00467087184971839
2458 0.00440840483441008
2457 0.00415299414660335
2456 0.00390447907906097
2455 0.00366270160558357
2454 0.00371877289828012
2453 0.00377532180430558
2452 0.0038323518847843
2451 0.00388986671950298
2450 0.00394786990687393
2449 0.00404087889440091
2448 0.00413506755547622
2447 0.00423045083937323
2446 0.00432704387005473
2445 0.00442486194776563
2444 0.00436643382543418
2443 0.00430855909075615
2442 0.00425123235162286
2441 0.00419444826704063
2440 0.00413820154672887
2439 0.00398561732203763
2438 0.00383557524875839
2437 0.00368803890112867
2436 0.00354297225991295
2435 0.00340033971002864
2434 0.00329494147199566
2433 0.00319087788654334
2432 0.0030881343713327
2431 0.00298669646920466
2430 0.00288654984758834
2429 0.00280226833516975
2428 0.00271898400377646
2427 0.00263668642793771
2426 0.00255536526169262
2425 0.00247501023853022
2424 0.00246061444904904
2423 0.0024463858396512
2422 0.00243232339182696
2421 0.00241842609631259
2420 0.0024046929530232
2419 0.0024046929530232
2418 0.0024046929530232
2417 0.0024046929530232
2416 0.0024046929530232
2415 0.0024046929530232
2414 0.00243585837279169
2413 0.00246715850123192
2412 0.00249859384195921
2411 0.00253016490007993
2410 0.00256187218219344
2409 0.00256187218219344
2408 0.00256187218219344
2407 0.00256187218219344
2406 0.00256187218219344
2405 0.00256187218219344
2404 0.00253016490007993
2403 0.00249859384195921
2402 0.00246715850123192
2401 0.00243585837279169
2400 0.0024046929530232
2399 0.0024046929530232
2398 0.0024046929530232
2397 0.0024046929530232
2396 0.0024046929530232
2395 0.0024046929530232
2394 0.00249859384195921
2393 0.00259371619639514
2392 0.0026900737349732
2391 0.00278768029790599
2390 0.00288654984758834
2389 0.00295317149059054
2388 0.00302036492241074
2387 0.0030881343713327
2386 0.0031564840901723
2385 0.00322541835635531
2384 0.0030881343713327
2383 0.00295317149059054
2382 0.00282049578957337
2381 0.0026900737349732
2380 0.00256187218219344
2379 0.0023873256805916
2378 0.00221693474402726
2377 0.00205061430274202
2376 0.00188828060580742
2375 0.00172985121299253
2374 0.00177370196598192
2373 0.00181794298368655
2372 0.00186257737135013
2371 0.00190760825281358
2370 0.00195303877051671
2369 0.00195303877051671
2368 0.00195303877051671
2367 0.00195303877051671
2366 0.00195303877051671
2365 0.00195303877051671
2364 0.00155728329825744
2363 0.0011851073172997
2362 0.000835276979749593
2361 0.000506611152213154
2360 0.000197979954334682
