-535449.332176535 3383590.28204896
2874 3.12968190989857e-05
2873 4.99548608343822e-05
2872 6.02147637443852e-05
2871 7.23782855610242e-05
2870 8.67548310398314e-05
2869 7.46714375162456e-05
2868 8.19446500058831e-05
2867 9.8468084828891e-05
2866 0.000107821230789353
2865 0.000117976084797803
2864 0.00010254421007245
2863 0.00011250372487091
2862 0.000123335638579802
2861 0.000135106486194667
2860 0.000147886911400307
2859 0.000161751831142633
2858 0.00021701365058448
2857 0.000256591194870772
2856 0.000302496286406119
2855 0.000355567409350032
2854 0.000416722979336445
2853 0.000525826483369115
2852 0.000659121633268438
2851 0.000711661029350137
2850 0.000956218392557661
2849 0.00118375618513506
2848 0.00145532763224821
2847 0.00189618967178989
2846 0.00229384867754351
2845 0.00292503947159388
2844 0.00348176289445689
2843 0.00438775524771067
2842 0.00486313505632673
2841 0.00564331105303771
2840 0.00592154465940824
2839 0.00650548606427225
2838 0.00681119748539347
2837 0.00712603735426699
2836 0.00712603735426699
2835 0.00712603735426699
2834 0.00712603735426699
2833 0.00681119748539347
2832 0.00650548606427225
2831 0.00620893237493453
2830 0.00592154465940824
2829 0.00565164128590271
2828 0.00538999420973829
2827 0.00489216134314816
2826 0.00465585594980344
2825 0.00420806185971011
2824 0.00399637223076242
2823 0.00379266747791361
2822 0.00340868988159188
2821 0.00322813270843663
2820 0.00282346667897423
2819 0.00266326420998006
2818 0.00251030643549982
2817 0.00236439551283988
2816 0.00222532995482097
2815 0.00222532995482097
2814 0.00209290541604237
2813 0.00209290541604237
2812 0.00196691544336999
2811 0.00196691544336999
2810 0.00196691544336999
2809 0.00177685764582658
2808 0.00177685764582658
2807 0.00159353858018092
2806 0.00159353858018092
2805 0.00159353858018092
2804 0.00141811352034911
2803 0.00141811352034911
2802 0.00141811352034911
2801 0.00141811352034911
2800 0.00141811352034911
2799 0.00141811352034911
2798 0.00141811352034911
2797 0.00152302079046181
2796 0.00152302079046181
2795 0.00163430783704994
2794 0.00175224605939903
2793 0.00175224605939903
2792 0.00187710911199932
2791 0.00200917211037943
2790 0.00200917211037943
2789 0.00214871077362655
2788 0.00245131540105132
2787 0.00261492721990437
2786 0.00296811020162155
2785 0.00335763301314583
2784 0.00378546486778643
2783 0.00450295067285568
2782 0.00560874777479172
2781 0.00655452194198735
2780 0.00797332129204303
2779 0.00956904646577224
2778 0.0113299819459919
2777 0.0127467129116587
2776 0.0132349080342168
2775 0.0137301995266288
2774 0.0142320010210929
2773 0.0147396876778069
2772 0.0151139310734104
2771 0.0156520769407176
2770 0.0161950330659794
2769 0.0173419454124985
2768 0.0183981437958636
2767 0.019452838974454
2766 0.0206068957213763
2765 0.0216931959330374
2764 0.0222280832058649
2763 0.0232758177663926
2762 0.0239754450641025
2761 0.024883186798727
2760 0.0265948813333857
2759 0.0281460239675717
2758 0.0289687995567389
2757 0.0298631350690871
2756 0.0298631350690871
2755 0.0289687995567389
2754 0.0272596765996905
2753 0.024883186798727
2752 0.0230229062383141
2751 0.0210157767089597
2750 0.0189261336123432
2749 0.0173419454124985
2748 0.0162912500550994
2747 0.015252596927241
2746 0.0135358581976607
2745 0.0120263020806036
2744 0.0106002565040588
2743 0.00884796352560358
2742 0.00728141063568556
2741 0.00590789781353252
2740 0.00445963867240466
2739 0.00350484598643323
2738 0.00289839007362043
2737 0.00222205747683619
2736 0.00180370319851134
2735 0.00167957342384755
2734 0.0015626015148209
2733 0.0015626015148209
2732 0.0015626015148209
2731 0.00167957342384755
2730 0.00167957342384755
2729 0.00175224605939903
2728 0.00141811352034911
2727 0.00113900512529161
2726 0.000777226185627839
2725 0.00056384842380227
2724 0.000370405981886539
2723 0.000238244862011487
2722 0.00016485325812869
2721 0.00010207913043476
2720 6.85182170634116e-05
2719 4.53739199833146e-05
2718 3.30145253061402e-05
