408471.653251994 3490295.48370511
3692 1.24436815509914e-05
3691 1.61800190774492e-05
3690 2.09234618895821e-05
3689 2.8632611242779e-05
3688 3.65738186229884e-05
3687 4.92851709913697e-05
3686 6.21842577595875e-05
3685 7.37640221356035e-05
3684 9.21831252696126e-05
3683 0.000108566928386614
3682 0.000118335536696741
3681 0.000131761171021345
3680 0.000146505380201384
3679 0.000154404281148078
3678 0.000151894778584007
3677 0.000171323234779565
3676 0.000180371297672232
3675 0.000180371297672232
3674 0.000171323234779565
3673 0.000171323234779565
3672 0.000162672285506807
3671 0.000154404281148078
3670 0.000149204157437506
3669 0.000134383837965975
3668 0.000114573093229653
3667 9.50500309788724e-05
3666 8.03505717447111e-05
3665 6.77114135382119e-05
3664 5.19924399967553e-05
3663 4.08137604977633e-05
3662 3.07147468813374e-05
3661 2.53423547934526e-05
3660 2.08414403552216e-05
3659 1.70839869056672e-05
3658 1.3958265890439e-05
3657 1.21769300757575e-05
3648 1.22454012364274e-05
3647 1.35836828736216e-05
3646 1.56398891555299e-05
3645 1.92656000348669e-05
3644 2.36483587715512e-05
3643 2.89260456810099e-05
3642 3.52571112920428e-05
3641 4.1958600445477e-05
3640 5.42367864493618e-05
3639 6.96622329129422e-05
3638 8.89060505248586e-05
3637 0.000112744594928315
3636 0.000134168803313438
3635 0.00015909242801424
3634 0.000168255515124532
3633 0.000177461188914341
3632 0.000177461188914341
3631 0.000187637187410216
3630 0.000177425682762066
3629 0.000187699164507459
3628 0.000187699164507459
3627 0.000187699164507459
3626 0.000177791646482258
3625 0.000188180563368144
3624 0.000188180563368144
3623 0.000188180563368144
3622 0.000188180563368144
3621 0.000178584040281172
3620 0.000189107892535044
3619 0.000189107892535044
3618 0.000190510304310351
3617 0.00021353365245848
3616 0.000225922110111388
3615 0.000241688631936195
3614 0.000255582892479866
3613 0.00025927762372168
3612 0.000274150485193089
3611 0.00025927762372168
3610 0.000249216000764344
3609 0.000226511303524723
3608 0.000218362940133018
3607 0.0001987856490875
3606 0.000187231956929297
3605 0.000181081859061396
3604 0.000181081859061396
3603 0.000170376043132227
3602 0.000160227751161862
3601 0.000141508665252335
3600 0.000124741463905324
3599 0.000102877342010156
3598 9.02617601339439e-05
3597 8.80104392873913e-05
3596 8.80104392873913e-05
3595 8.80104392873913e-05
3594 0.000104620088257957
3593 0.000132074894253098
3592 0.000158741930953771
3591 0.000206508967647791
3590 0.000218743408864697
3589 0.000241688631936195
3588 0.000252569268218017
3587 0.000252569268218017
3586 0.000266876214730867
3585 0.000278998554566786
3584 0.000294435305819137
3583 0.000310593907272928
3582 0.000310593907272928
3581 0.000327499841684648
3580 0.000345179004376704
3579 0.000378996768549674
3578 0.000378996768549674
3577 0.000419453493422346
3576 0.000440996297682168
3575 0.000511206326168801
3574 0.000590363277949432
3573 0.000679210343644127
3572 0.000814021700695286
3571 0.000928321832663953
3570 0.00109959753492952
3569 0.00124300811925092
3568 0.00134603808582272
3567 0.00151205395719421
3566 0.00163053638323001
3565 0.0018201625214698
3564 0.00212612634834937
3563 0.00234876424604333
3562 0.00258510370659039
3561 0.00283468430356786
3560 0.00309684602553803
3559 0.00337072026664264
3558 0.00365522400403195
3557 0.00385016552631376
3556 0.00394905759129711
3555 0.00385016552631376
3554 0.0037522022915426
3553 0.0037522022915426
3552 0.00365522400403195
3551 0.00363445708662303
3550 0.00373248160413481
3549 0.00383154374891119
3548 0.00413437646995909
3547 0.00434034334168582
3546 0.00454893865056254
3545 0.00475957311440863
3544 0.00475957311440863
3543 0.00465403934098266
3542 0.00443308742670963
3541 0.00411920742750901
3540 0.00401617856686989
3539 0.00391406002396307
3538 0.00391406002396307
3537 0.00401617856686989
3536 0.00401617856686989
3535 0.00389658837216161
3534 0.00379439143649044
3533 0.00369327844600651
3532 0.00359330672506497
3531 0.00359330672506497
3530 0.00349453059926953
3529 0.00349453059926953
3528 0.00347353692130003
3527 0.0033752111483733
3526 0.00327823118795364
3525 0.00306529592627073
3524 0.00288037902869796
3523 0.00267766627939896
3522 0.00242132588671135
3521 0.00231535029619553
3520 0.0022121977547092
3519 0.0022121977547092
3518 0.00209227655427581
3517 0.00207403320076809
3516 0.00199719926177611
3515 0.00192229869798953
3514 0.00184932878269784
3513 0.00177828419480743
3512 0.00170915712721833
3511 0.00164193739684932
3510 0.00157661255594091
3509 0.00146903492966092
3508 0.00140911044600153
3507 0.00129466598285125
3506 0.00120521978692834
3505 0.00110412934340773
3504 0.00100963443597095
3503 0.000964789782207078
3502 0.000964789782207078
3501 0.000964789782207078
3500 0.00105607129998132
3499 0.00115383654345604
3498 0.00131311589588864
3497 0.00148812859676671
3496 0.0016598435016627
3495 0.0018675094061239
3494 0.00209227655427581
3493 0.00223349850361837
3492 0.00240066055486763
3491 0.00257543727256794
3490 0.00285157418138499
3489 0.0031438543077483
3488 0.00357098321728178
3487 0.00400548430493935
3486 0.00445915201119274
3485 0.00516436496497571
3484 0.00588063352402546
3483 0.00669782030159962
3482 0.00735189877013872
3481 0.00793429029418946
3480 0.00834599802347904
3479 0.00861738905848402
3478 0.00876784067946881
3477 0.0088200362674113
3476 0.00871181632961609
3475 0.00858859610249746
3474 0.00829993143990682
3473 0.0080495844895188
3472 0.0077497803287643
3471 0.00755532591354205
3470 0.00735189877013872
3469 0.0072471310605089
3468 0.00715705874211755
3467 0.00693624162358905
3466 0.00682353938502315
3465 0.00681065316165694
3464 0.00669782030159962
3463 0.00669782030159962
3462 0.00669782030159962
3461 0.00681065316165694
3460 0.0069221285884488
3459 0.00714049531180585
3458 0.00735189877013872
3457 0.00765373611796722
3456 0.00790585190098424
3455 0.00823678218382839
3454 0.00849493271235342
3453 0.00868952318810744
3452 0.008759546330902
3451 0.00876777483227293
3450 0.00875241298805501
3449 0.00858736159903908
3448 0.00838096471651886
3447 0.00812669068811213
3446 0.00788512256556425
3445 0.00755289228654074
3444 0.00723582205984292
3443 0.00694110206696536
3442 0.00657932779070134
3441 0.0062935713243706
3440 0.00607884649638698
3439 0.00578456749052754
3438 0.00568514145592601
3437 0.00558519786229538
3436 0.00557527633297976
3435 0.00557527633297976
3434 0.00567326920955343
3433 0.00577072451357914
3432 0.00586755605441603
3431 0.00603808687833674
3430 0.00622190223619519
3429 0.00640146123116954
3428 0.00657608121276134
3427 0.00678699749266479
3426 0.00694241820064688
3425 0.0070906870021788
3424 0.00717857069668713
3423 0.00730728277887564
3422 0.00736840849977536
3421 0.00742729519912376
3420 0.00748388121339318
3419 0.00748388121339318
3418 0.00753810696257958
3417 0.00753810696257958
3416 0.00748388121339318
3415 0.00748388121339318
3414 0.00742729519912376
3413 0.00736704490697116
3412 0.00730975558092661
3411 0.0072502786477499
3410 0.00712500699850557
3409 0.00705933919823848
3408 0.00699173740864288
3407 0.00685100270686733
3406 0.00677800851898222
3405 0.00662712199192338
3404 0.00647019003399957
3403 0.00642393155394037
3402 0.00625495236302217
3401 0.00608140528272436
3400 0.00590392356875366
3399 0.00572313967364935
3398 0.00553968158274144
3397 0.00535416929214509
3396 0.00516721145520957
3395 0.00497716175887977
3394 0.00479271255804527
3393 0.00460840062547197
3392 0.00451645934198016
3391 0.00434230513455373
3390 0.00416367256166754
3389 0.00398670743455711
3388 0.0038989830973287
3387 0.00372530212949805
3386 0.00355429291628551
3385 0.00346990161738891
3384 0.00330355260945835
3383 0.00322167218902679
3382 0.00306067886656468
3381 0.00298163213781991
3380 0.00282659006589826
3379 0.00275064978817319
3378 0.0026335976453958
3377 0.00249060063668583
3376 0.00238537213843878
3375 0.00231823967410076
3374 0.00218734499736176
3373 0.00206102060390896
3372 0.00193933784547563
3371 0.00176561742345356
3370 0.00165570506611395
3369 0.00149968124314258
3368 0.00140152408027426
3367 0.00126295941514615
3366 0.00117626786282201
3365 0.00105455178553184
3364 0.000942525915496306
3363 0.000843227348873566
3362 0.000776305649981037
3361 0.000716620435289797
3360 0.000633957691087983
3359 0.000583219382855992
3358 0.000535808644449995
3357 0.000491579287784663
3356 0.000450384596675696
3355 0.000412078138591121
3354 0.000393962498456052
3353 0.00035971625936231
3352 0.000325508099505348
3351 0.00031047671535804
3350 0.000296036143286481
3349 0.000282168745145102
3348 0.000256084118104361
3347 0.000243832849677883
3346 0.000232086698265037
3345 0.000220829328947254
3344 0.000210044697285959
3343 0.000199717057073999
3342 0.0002025438847506
3341 0.000183175325562027
3340 0.000174107778931993
3339 0.000157135803835239
3338 0.000141624444938604
3337 0.000127469823073465
3336 0.000114573093229653
3335 0.000102840454318263
3334 9.21831252696126e-05
3333 8.25172910559004e-05
3332 7.37640221356035e-05
3331 6.79207938163945e-05
3330 6.0651679087393e-05
3329 5.40880257341112e-05
3328 4.81701120383913e-05
3327 4.71936526719525e-05
3326 3.96310134975717e-05
3325 3.52174071622038e-05
3324 3.12543034664381e-05
3323 2.77008131314784e-05
3322 2.60657488561743e-05
3321 2.06169142889911e-05
3320 1.81654432013154e-05
3319 1.70427235488904e-05
3318 1.49861015366391e-05
3317 1.40457631634411e-05
3316 1.48545562275336e-05
3315 1.39319846601921e-05
3314 1.30624263530425e-05
3313 1.30624263530425e-05
3312 1.30624263530425e-05
3311 1.30624263530425e-05
3310 1.30624263530425e-05
3309 1.30624263530425e-05
3308 1.39319846601921e-05
3307 1.31600205660403e-05
3306 1.40457631634411e-05
3305 1.59840399683026e-05
3304 1.70427235488904e-05
3303 1.93556407871231e-05
3302 2.06169142889911e-05
3301 2.33678931601868e-05
3300 2.64504872696208e-05
3299 2.8126945454762e-05
3298 3.17734247329396e-05
3297 3.3753327365153e-05
3296 3.80526921315966e-05
3295 3.65738186229884e-05
3294 3.88486965961831e-05
3293 4.37868106911096e-05
3292 4.92851709913697e-05
3291 5.53981567464422e-05
3290 6.21842577595875e-05
3289 7.37640221356035e-05
3288 8.72313177976481e-05
3287 0.000102840454318263
3286 0.000120870202309284
3285 0.000141624444938604
3284 0.000165432526279813
3283 0.000192649236477061
3282 0.000212873941725615
3281 0.000223654371763172
3280 0.000234900426208906
3279 0.000246627636550124
3278 0.000246627636550124
3277 0.000246627636550124
3276 0.000234900426208906
3275 0.000212873941725615
3274 0.0002025438847506
3273 0.000174107778931993
3272 0.000157135803835239
3271 0.000141624444938604
3270 0.000120870202309284
3269 0.000114573093229653
3268 0.000102840454318263
3267 9.73827300693186e-05
3266 8.72313177976481e-05
3265 8.25172910559004e-05
3264 7.80313308840293e-05
3263 7.80313308840293e-05
3262 7.37640221356035e-05
3261 6.97062449433507e-05
3260 6.58491706973071e-05
3259 6.21842577595875e-05
3258 5.87032469388023e-05
3257 5.53981567464422e-05
3256 5.22612784568143e-05
3255 4.64626556475006e-05
3254 3.74158179691744e-05
3253 3.30914286297792e-05
3252 3.04551686875389e-05
3251 2.69099212798819e-05
3250 2.37448777680423e-05
3249 2.09234618895821e-05
3248 1.84120963683176e-05
3247 1.72629643115039e-05
3246 1.61800190774492e-05
3245 1.51598257423075e-05
3244 1.41991030924283e-05
3243 1.3294718276622e-05
3242 1.3294718276622e-05
3241 1.24436815509914e-05
3240 1.16431411208952e-05
3239 1.16431411208952e-05
3238 1.08903780840946e-05
3237 1.08903780840946e-05
