-1546664.57537706 2417295.27500477
4414 0
4413 0.000564928269353687
4412 0.00124523711247339
4411 0.00206093227372609
4410 0.00303471339510861
4409 0.00383695144140831
4408 0.0047434956103746
4407 0.00576586268293374
4406 0.00691654313689319
4405 0.00820904254080158
4404 0.00857760396549201
4403 0.00895899846370793
4402 0.00935365743943638
4401 0.00976202544270244
4400 0.010184560482506
4399 0.0102916715492459
4398 0.0103995859441757
4397 0.0105083087030761
4396 0.0106178448844882
4395 0.0107281995697384
4394 0.0106178448844882
4393 0.0105083087030761
4392 0.0103995859441757
4391 0.0102916715492459
4390 0.010184560482506
4389 0.0101878316566478
4388 0.0101917880152986
4387 0.0101964349381397
4386 0.0102017778936973
4385 0.0102078224409353
4384 0.010755589851346
4383 0.0113242255722764
4382 0.0119143888155961
4381 0.0125267535124014
4380 0.013162008376155
4379 0.0135427317122718
4378 0.0139315129185226
4377 0.0143284761357008
4376 0.0147337459612522
4375 0.0151474474060085
4374 0.0144455864566249
4373 0.0137684126216054
4372 0.0131152071052999
4371 0.012485265620559
4370 0.011877898367435
4369 0.0106178448844882
4368 0.0094568579655222
4367 0.00838832505325605
4366 0.00740596265121181
4365 0.00650381047057959
4364 0.00642557649678009
4363 0.00634795445009593
4362 0.0062709402392016
4361 0.00619452979375872
4360 0.00611871906436591
4359 0.00666213067007371
4358 0.00723613847769821
4357 0.00784219678485905
4356 0.00848181156336597
4355 0.00915654120972531
4354 0.0101819692004586
4353 0.0112848424383453
4352 0.0124697487245819
4351 0.013741437149924
4350 0.0151048145574205
4349 0.0159734338022892
4348 0.0168794185763694
4347 0.0178240669810884
4346 0.0188087062273458
4345 0.0198346924779136
4344 0.0196752495090193
4343 0.0195173880920969
4342 0.0193611021333581
4341 0.0192063854830169
4340 0.019053231937313
4339 0.0192240395593246
4338 0.0193960258036204
4337 0.0195691972050548
4336 0.0197435603211834
4335 0.0199191217322244
4334 0.0185478157976201
4333 0.0172502910149415
4332 0.0160233010600086
4331 0.0148636939657417
4330 0.0137684126216054
4329 0.0126094261137528
4328 0.0115240321022421
4327 0.0105083087030761
4326 0.00955848483094492
4325 0.00867093883940049
4324 0.00829631548373718
4323 0.00793270682576809
4322 0.00757985843137474
4321 0.0072375190092943
4320 0.00690544047642352
4319 0.0072375190092943
4318 0.00757985843137474
4317 0.00793270682576809
4316 0.00829631548373718
4315 0.00867093883940049
4314 0.00857601461493109
4313 0.00848181156336597
4312 0.00838832505325605
4311 0.00829555047527758
4310 0.0082034832421943
4309 0.0082034832421943
4308 0.0082034832421943
4307 0.0082034832421943
4306 0.0082034832421943
4305 0.0082034832421943
4304 0.0082034832421943
4303 0.0082034832421943
4302 0.0082034832421943
4301 0.0082034832421943
4300 0.0082034832421943
4299 0.00986799723442521
4298 0.0117590741401471
4297 0.0139019071306614
4296 0.016323609900065
4295 0.019053231937313
4294 0.0206334827210941
4293 0.0223134999227187
4292 0.0240982437921064
4291 0.0259928187451673
4290 0.0280024697808397
4289 0.0296485305517185
4288 0.0313700450133464
4287 0.033169646581424
4286 0.0350500132032107
4285 0.037013865331401
4284 0.0387657064499386
4283 0.0405826723299511
4282 0.0424665429972005
4281 0.0444191164243036
4280 0.0464422071578054
4279 0.045840997668738
4278 0.0452461674234239
4277 0.0446576876288008
4276 0.0440755288218614
4275 0.0434996608845793
4274 0.0411767772385717
4273 0.0389601556446019
4272 0.0368457269948817
4271 0.0348295232330625
4270 0.032907678773444
4269 0.032907678773444
4268 0.032907678773444
4267 0.032907678773444
4266 0.032907678773444
4265 0.032907678773444
4264 0.0323886563137851
4263 0.0318761325244601
4262 0.0313700450133464
4261 0.0308703316815406
4260 0.0303769307270877
4259 0.0321315859916669
4258 0.0339654707152775
4257 0.0358812813211208
4256 0.0378817558102255
4255 0.0399696714558833
4254 0.0399696714558833
4253 0.0399696714558833
4252 0.0399696714558833
4251 0.0399696714558833
4250 0.0399696714558833
4249 0.0425390404427021
4248 0.0452461674234239
4247 0.0480969893594909
4246 0.0510975855898515
4245 0.0542541720096725
4244 0.0591025001048684
4243 0.06428608223767
4242 0.0698203291958793
4241 0.0757206393237671
4240 0.0820023214165781
4239 0.0907753756694635
4238 0.100230743179543
4237 0.110394422743568
4236 0.121290371946412
4235 0.132940130322615
4234 0.138436103694961
4233 0.144096563998354
4232 0.149923502534275
4231 0.155918786537885
4230 0.16208415120049
4229 0.170263513246542
4228 0.178729680185534
4227 0.187485246581749
4226 0.196532345676536
4225 0.20587262132615
4224 0.215981629321541
4223 0.22638756845448
4222 0.237087313582137
4221 0.248076946509788
4220 0.259351740169423
4219 0.263768037219719
4218 0.268246350818928
4217 0.272787014380915
4216 0.277390342133673
4215 0.282056628278061
4214 0.282056628278061
4213 0.282056628278061
4212 0.282056628278061
4211 0.282056628278061
4210 0.282056628278061
4209 0.270139603623248
4208 0.258504033541345
4207 0.247156119126372
4206 0.236101205426628
4205 0.225343793729338
4204 0.218007435337855
4203 0.210853512396987
4202 0.203880305947076
4201 0.197085954185734
4200 0.190468462242144
4199 0.176360919706107
4198 0.162968815320538
4197 0.150286501327881
4196 0.138305159913267
4195 0.127013072845546
4194 0.128941834664709
4193 0.130889861664627
4192 0.132857116268855
4191 0.134843555563088
4190 0.13684913126107
4189 0.134843555563088
4188 0.132857116268855
4187 0.130889861664627
4186 0.128941834664709
4185 0.127013072845546
4184 0.13392259521939
4183 0.14110495708413
4182 0.148564682687644
4181 0.1563059628659
4180 0.164332626239905
4179 0.174988155166735
4178 0.186092024337774
4177 0.197645017643796
4176 0.209646443677364
4175 0.222094065436518
4174 0.215034940693249
4173 0.208110223328053
4172 0.201321094485924
4171 0.194668557250818
4170 0.188153439196891
4169 0.179317334180854
4168 0.170775103714467
4167 0.162524078113687
4166 0.154561144514933
4165 0.146882776094499
4164 0.154133854984257
4163 0.161621847775219
4162 0.169347674343739
4161 0.177311843885042
4160 0.185514438620248
4159 0.200647305422142
4158 0.216595906596667
4157 0.233363481088176
4156 0.250948839427369
4155 0.269346034011098
4154 0.296444005623217
4153 0.325062732623691
4152 0.35513233882019
4151 0.386560046361546
4150 0.419229468025301
4149 0.451090249883839
4148 0.483912755670987
4147 0.517553471659428
4146 0.551848931602286
4145 0.586616280550027
4144 0.611121830315534
4143 0.635614571545975
4142 0.660013292942458
4141 0.684234075275879
4140 0.708190740150239
4139 0.714974717840964
4138 0.721727889809624
4137 0.728448175528218
4136 0.735133488102342
4135 0.741781735318672
4134 0.73679910661258
4133 0.731795334109377
4132 0.726771301212546
4131 0.721727889809624
4130 0.716665980021631
4129 0.701378029865498
4128 0.685955057393474
4127 0.670420395138652
4126 0.654797078067433
4125 0.639107789467227
4124 0.630321903522679
4123 0.621562089114908
4122 0.612831583851222
4121 0.604133526937221
4120 0.595470958783068
4119 0.583349219257365
4118 0.571243750542808
4117 0.559163796844011
4116 0.547118379259269
4115 0.535116286203722
4114 0.528280698508198
4113 0.521463611333881
4112 0.514666555922571
4111 0.507891035953369
4110 0.50113852711996
4109 0.489162462065944
4108 0.477230264628731
4107 0.465351806610441
4106 0.453536720546943
4105 0.441794384495669
4104 0.458211422467049
4103 0.4748413510879
4102 0.491663941339398
4101 0.508657757816156
4100 0.525800188126617
4099 0.539605208967282
4098 0.553477490040003
4097 0.567403924644199
4096 0.581370987436101
4095 0.595364752844569
4094 0.623340399729437
4093 0.65112386443497
4092 0.678584669006034
4091 0.705590062828555
4090 0.73200614134934
4089 0.766067835272951
4088 0.798820031306236
4087 0.829966563186317
4086 0.859216860151475
4085 0.886290416751246
4084 0.903372618742603
4083 0.919013703487047
4082 0.933138974719924
4081 0.945681846923292
4080 0.95658437420563
4079 0.963899514604181
4078 0.970653493502564
4077 0.976829473860979
4076 0.982411554016152
4075 0.987384831496464
4074 0.989305364482987
4073 0.991026894496671
4072 0.992548373039301
4071 0.993868872440776
4070 0.994987586801731
4069 0.996213510478598
4068 0.997041146857787
4067 0.997469503744552
4066 0.997498067396876
4065 0.997126803552244
4064 0.996490671917716
4063 0.995561669220864
4062 0.994340613409406
4061 0.992828578798725
4060 0.991026894496671
4059 0.990698560793215
4058 0.990362232647494
4057 0.990017918255818
4056 0.989665626007194
4055 0.989305364482987
4054 0.98932166344922
4053 0.989255158594308
4052 0.989106352741407
4051 0.988875772638623
4050 0.988563968420487
4049 0.991305294800541
4048 0.993538719937822
4047 0.995257366880984
4046 0.996455150591728
4045 0.997126803552244
4044 0.996490671917716
4043 0.995561669220864
4042 0.994340613409406
4041 0.992828578798725
4040 0.991026894496671
4039 0.987384831496464
4038 0.982951548232849
4037 0.977737805824257
4036 0.971756218192844
4035 0.965021201218199
4034 0.959866984363468
4033 0.954357506064535
4032 0.948499193466241
4031 0.942298852820297
4030 0.935763656313254
4029 0.931746353439579
4028 0.927530151268968
4027 0.923116790239181
4026 0.918508167767695
4025 0.913706337205011
4024 0.914061998264865
4023 0.91440067150984
4022 0.914722385122984
4021 0.915027169390878
4020 0.915315056681617
4019 0.913130459614146
4018 0.910921243945787
4017 0.908687613148695
4016 0.906429772588992
4015 0.904147929495368
4014 0.909807467646973
4013 0.915315056681617
4012 0.920667525140687
4011 0.925861777967406
4010 0.930894799485424
4009 0.937586726256445
4008 0.944067023188716
4007 0.950328733036281
4006 0.956365004014758
4005 0.962169101488233
4004 0.962043835115017
4003 0.961901831364887
4002 0.961743163831764
4001 0.961567907818546
4000 0.961376140306647
3999 0.965728160063351
3998 0.96981412108126
3997 0.973630494754258
3996 0.977173976177413
3995 0.980441488915878
3994 0.984819161263802
3993 0.988560968892974
3992 0.99165954675703
3991 0.994108781752172
3990 0.995903832813214
3989 0.99826184585635
3988 0.999630697709158
3987 1
3986 0.999362377970683
3985 0.997713540299972
3984 0.991048714356265
3983 0.982372701809313
3982 0.971752062438194
3981 0.959264424794995
3980 0.944997570853076
3979 0.93286220341817
3978 0.919609590782035
3977 0.905291838335234
3976 0.889964649191227
3975 0.873686963725149
3974 0.861241829155895
3973 0.848458190596644
3972 0.835360230705093
3971 0.821972169843819
3970 0.808318198003072
3969 0.799907964851727
3968 0.79131169292999
3967 0.782535951558507
3966 0.773587481813516
3965 0.764473186759521
3964 0.749993026191862
3963 0.735298386291625
3962 0.720412688559408
3961 0.705359264578275
3960 0.69016129678524
3959 0.679960372392686
3958 0.669712168254649
3957 0.659423370511521
3956 0.649100599436523
3955 0.638750402724655
3954 0.645561183873089
3953 0.652327493897483
3952 0.659046831475308
3951 0.665716714588709
3950 0.672334682493633
3949 0.691042157076999
3948 0.709650636210485
3947 0.728119747293011
3946 0.746408054242482
3945 0.764473186759521
3944 0.775159648925201
3943 0.785629682180958
3942 0.795872414424306
3941 0.805877237467777
3940 0.815633827409172
3939 0.819975162106932
3938 0.824279455794775
3937 0.828545887424397
3936 0.832773639955669
3935 0.836961900615443
3934 0.826276213749237
3933 0.815250371934004
3932 0.803899158863893
3931 0.792237851439021
3930 0.780282182395487
3929 0.756816087840158
3928 0.732597589184459
3927 0.707737178184959
3926 0.68234633926202
3925 0.656536671614843
3924 0.651220549456001
3923 0.645918980597817
3922 0.64063271078911
3921 0.635362467097902
3920 0.6301089579682
3919 0.6301089579682
3918 0.6301089579682
3917 0.6301089579682
3916 0.6301089579682
3915 0.6301089579682
3914 0.624872873287708
3913 0.619654884466031
3912 0.614455644523064
3911 0.609275788187189
3910 0.604115932002905
3909 0.598962525940884
3908 0.593759745017915
3907 0.588509672059272
3906 0.583214427628863
3905 0.577876167742477
3904 0.565742938658058
3903 0.553687625382219
3902 0.541717729681947
3901 0.529840410801801
3900 0.518062485026836
3899 0.50620069442746
3898 0.494410476731629
3897 0.482699492008005
3896 0.471075127367435
3895 0.459544491722095
3894 0.446490136077981
3893 0.433576838825342
3892 0.42081383538284
3891 0.408209861202504
3890 0.39577314842571
3889 0.382772602782906
3888 0.369903959413272
3887 0.357181680190058
3886 0.344619594702889
3885 0.33223086588455
3884 0.331611487687754
3883 0.331006090690987
3882 0.330414443855875
3881 0.329836315441258
3880 0.329271473162921
3879 0.325491636558726
3878 0.321749477338838
3877 0.318044887301132
3876 0.31437774958405
3875 0.310747938950779
3874 0.304024906796446
3873 0.297385660860752
3872 0.290831037106807
3871 0.284361802627107
3870 0.277978656536523
3869 0.271682230913515
3868 0.265473091787396
3867 0.259351740169423
3866 0.253318613125506
3865 0.247374084888313
3864 0.243850027924295
3863 0.24035803722431
3862 0.236898162055702
3861 0.233470444034362
3860 0.230074917221735
3859 0.227829130127111
3858 0.225597668274864
3857 0.223380536287631
3856 0.221177737361509
3855 0.218989273279523
3854 0.21681514442518
3853 0.214655349796106
3852 0.212509887017796
3851 0.210378752357414
3850 0.208261940737721
3849 0.204071259673307
3848 0.199937776851434
3847 0.195861404690621
3846 0.191842035458303
3845 0.18787954173177
3844 0.179171091995171
3843 0.170747787745245
3842 0.16260716318479
3841 0.1547463262519
3840 0.147161986034176
3839 0.136687462371362
3838 0.126769837600588
3837 0.117395499613743
3836 0.108549673488131
3835 0.100216583412558
3834 0.0894938453167533
3833 0.0796759129191042
3832 0.0707147299044971
3831 0.0625610798620557
3830 0.0551651982136849
3829 0.0485566639638361
3828 0.0425783108337469
3827 0.0371876560115277
3826 0.0323427398044186
3825 0.0280024697808397
3824 0.0259613339999197
3823 0.0240445700334252
3822 0.0222456832343246
3821 0.0205584258379654
3820 0.0189767955695288
3819 0.0176638846407483
3818 0.0164216750506011
3817 0.015247043814563
3816 0.0141369601198571
3815 0.0130884856541138
3814 0.0124632067340114
3813 0.0118602040545669
3812 0.0112788152730548
3811 0.0107183920741411
3810 0.0101783001126276
3809 0.00996781662975294
3808 0.00976044763100891
3807 0.00955615438134999
3806 0.00935489849777897
3805 0.00915664194837408
3804 0.00945514915401512
3803 0.00976044763100891
3802 0.010072666625956
3801 0.010391937167661
3800 0.0107183920741411
3799 0.0117422181341872
3798 0.0128356579622787
3797 0.0140025908064791
3796 0.015247043814563
3795 0.0165731923967
3794 0.0188087062273458
3793 0.0212693894809503
3792 0.0239730751259637
3791 0.0269384262683276
3790 0.0301849061277606
3789 0.0329460807448456
3788 0.0359033994197279
3787 0.0390672337478207
3786 0.0424481864862737
3785 0.0460570675279052
3784 0.0453834607583021
3783 0.04471768524333
3782 0.044059674683672
3781 0.0434093629568001
3780 0.042766684122996
3779 0.0408837884480698
3778 0.0390672337478207
3777 0.0373152726464254
3776 0.0356261761347298
3775 0.0339982347624126
3774 0.0332066686741136
3773 0.0324297597518583
3772 0.0316673002986862
3771 0.0309190840351775
3770 0.0301849061277606
3769 0.028991920969473
3768 0.0278364347919353
3767 0.0267175272961165
3766 0.0256342903559259
3765 0.0245858282880032
3764 0.0231747244137436
3763 0.0218276703793447
3762 0.0205423365985747
3761 0.0193164450913261
3760 0.0181477702592733
3759 0.0175155201701369
3758 0.0168996687763423
3757 0.0162999093930057
3756 0.0157159368027144
3755 0.0151474474060085
3754 0.0161608797070451
3753 0.0172233022484573
3752 0.0183364766799838
3751 0.0195021921825493
3750 0.0207222638204662
3749 0.0222253532519808
3748 0.0238171720112152
3747 0.025502201896578
3746 0.027285088520918
3745 0.0291706421382176
3744 0.0306228460080677
3743 0.0321315859916669
3742 0.033698534663785
3741 0.0353253881847759
3740 0.037013865331401
3739 0.0373013912699181
3738 0.0375906853864203
3737 0.0378817558102255
3736 0.0381746106861348
3735 0.0384692581742733
3734 0.036388477205943
3733 0.0344040946702289
3732 0.0325123176333373
3731 0.0307094555748546
3730 0.028991920969473
3729 0.0263073037208092
3728 0.0238171720112152
3727 0.0215108802114352
3726 0.0193780426569617
3725 0.0174085585687968
3724 0.0155697058498301
3723 0.0138863577523472
3722 0.0123470438666152
3721 0.0109409536068111
3720 0.00965791894472106
3719 0.00886479854221859
3718 0.00811817762357683
3717 0.00741573332316115
3716 0.00675523044830701
3715 0.00613452011493042
3714 0.0060596255228382
3713 0.00598531639236851
3712 0.00591158880464085
3711 0.00583843886099354
3710 0.00576586268293374
3709 0.00569385641208446
3708 0.00562241621013297
3707 0.00555153825877881
3706 0.00548121875967986
3705 0.00541145393440045
3704 0.00487285670360619
3703 0.00436764547906031
3702 0.00389402031363107
3701 0.00345025865351733
3700 0.00303471339510861
3699 0.00241560593736672
3698 0.00186052379172599
3697 0.00136358733291831
3696 0.000919367379070934
3695 0.000522861123625162
3694 0.000118652654897072
