-1253322.06451142 4446777.46324632
3568 1.01280586501182e-05
3567 0.000172820453741662
3566 0.000340665933873809
3565 0.000513806749759799
3564 0.000923493120388299
3563 0.00136244540865806
3562 0.00183246521572722
3561 0.00233544171337616
3560 0.00287335411339103
3559 0.00323762919721051
3558 0.00361799031741879
3557 0.00401505788056357
3556 0.00442947139175912
3555 0.00486188979207661
3554 0.00499370693111197
3553 0.00512722906216871
3552 0.00526247510520994
3551 0.00539946412727554
3550 0.00553821534246454
3549 0.00584884855659537
3548 0.00616820428122079
3547 0.00649649784440939
3546 0.00683394879901003
3545 0.00718078096646058
3544 0.00748177385433804
3543 0.00778956813443216
3542 0.00810429081060618
3541 0.00842607049115569
3540 0.0087550373877916
3539 0.0081750616270144
3538 0.00761734587001405
3537 0.00708117811584246
3536 0.00656586244853568
3535 0.00607071898023064
3534 0.00562993154144378
3533 0.00520572366332004
3532 0.00479754904234304
3531 0.00440487572517661
3530 0.00402718590059083
3529 0.00388772832484335
3528 0.00375028511834472
3527 0.00361483132584808
3526 0.00348134223125642
3525 0.00334979335647082
3524 0.00328473891689066
3523 0.00322016046022571
3522 0.00315605499312962
3521 0.00309241953690979
3520 0.00302925112749026
3519 0.00302925112749026
3518 0.00302925112749026
3517 0.00302925112749026
3516 0.00302925112749026
3515 0.00302925112749026
3514 0.00325239037812186
3513 0.00348134223125642
3512 0.0037162361322086
3511 0.0039572037474851
3510 0.00420437898382083
3509 0.00442128738609078
3508 0.00464294357194456
3507 0.00486943585806583
3506 0.00510085380649341
3505 0.00533728823245712
3504 0.00512251519976129
3503 0.0049119140325041
3502 0.00470541610939027
3501 0.00450295362075264
3500 0.00430445956675643
3499 0.00437705197220327
3498 0.00445017118016069
3497 0.00452382044880142
3496 0.00459800305166449
3495 0.00467272227768806
3494 0.00490013281579212
3493 0.00513249284938731
3492 0.00536989369394037
3491 0.00561242793313342
3490 0.00586018942631173
3489 0.00561242793313342
3488 0.00536989369394037
3487 0.00513249284938731
3486 0.00490013281579212
3485 0.00467272227768806
3484 0.00522804413210553
3483 0.00581260814877003
3482 0.00642769682963593
3481 0.00707463307329524
3480 0.00775478051430444
3479 0.00860058549453547
3478 0.00949708636571613
3477 0.0104467916435269
3476 0.0114522966915273
3475 0.0125162841981772
3474 0.0125162841981772
3473 0.0125162841981772
3472 0.0125162841981772
3471 0.0125162841981772
3470 0.0125162841981772
3469 0.012775431544327
3468 0.0130380064575987
3467 0.0133040460001991
3466 0.0135735875030846
3465 0.0138466685658459
3464 0.0139154963195344
3463 0.0139845482554687
3462 0.0140538249690058
3461 0.0141233270565505
3460 0.0141930551155544
3459 0.014902896323605
3458 0.0156359996403536
3457 0.0163929797504131
3456 0.0171744617322054
3455 0.0179810810057006
3454 0.0193255728954476
3453 0.0207387716080327
3452 0.0222234420206022
3451 0.0237824137632014
3450 0.0254185798521667
3449 0.0277997902248836
3448 0.0303404063235334
3447 0.0330484973157789
3446 0.0359323241484439
3445 0.0390003256908154
3444 0.0410525121348476
3443 0.0431850096389433
3442 0.0454000876856103
3441 0.0477000353731956
3440 0.0500871591496831
3439 0.0506102501269726
3438 0.0511374735593252
3437 0.051668852393794
3436 0.0522044096012673
3435 0.052744168175261
3434 0.0515494234756864
3433 0.0503763558617621
3432 0.0492246635967194
3431 0.0480940466032308
3430 0.0469842065305974
3429 0.0456762169344677
3428 0.0443959577699965
3427 0.0431430025446055
3426 0.0419169267107082
3425 0.0407173078011596
3424 0.0399807943088498
3423 0.039254349201379
3422 0.0385378707047808
3421 0.0378312574249566
3420 0.0371344083588302
3419 0.036996201391152
3418 0.0368583801638053
3417 0.036720943874605
3416 0.0365838917220313
3415 0.036447222905236
3414 0.036996201391152
3413 0.0375513517356457
3412 0.0381127253839573
3411 0.0386803739477081
3410 0.039254349201379
3409 0.0401272882731997
3408 0.0410147552136247
3407 0.0419169267107082
3406 0.0428339801823787
3405 0.0437660937463358
3404 0.0451928930360034
3403 0.0466545860105798
3402 0.0481517817040346
3401 0.0496850918679257
3400 0.0512551307037099
3399 0.0526820529680017
3398 0.0541389165641062
3397 0.0556261566664214
3396 0.0571442092937776
3395 0.0586935111357476
3394 0.0596778877693807
3393 0.0606747486975973
3392 0.0616842007518936
3391 0.0627063507750352
3390 0.0637413056026493
3389 0.0652119577905873
3388 0.0667082096613685
3387 0.0682303538647543
3386 0.0697786826684116
3385 0.0713534878498448
3384 0.0744220831357815
3383 0.0775882680033066
3382 0.080853885180144
3381 0.0842207543394989
3380 0.0876906689148769
3379 0.090910438023962
3378 0.094217984568344
3377 0.0976146788182752
3376 0.101101870858622
3375 0.104680888533572
3374 0.10619955801771
3373 0.107734489040554
3372 0.109285773745695
3371 0.110853503424255
3370 0.112437768487291
3369 0.115007209238327
3368 0.11761957096747
3367 0.120275208822752
3366 0.122974471224532
3365 0.125717699564114
3364 0.130980911835961
3363 0.136401989024182
3362 0.141982957892042
3361 0.147725736329215
3360 0.153632126014128
3359 0.158476169866647
3358 0.163426800526989
3357 0.168484760998915
3356 0.173650735710358
3355 0.178925348061732
3354 0.181155301781703
3353 0.18340425136292
3352 0.185672231950603
3351 0.187959276642046
3350 0.190265416456179
3349 0.192021060568439
3348 0.193789444049824
3347 0.195570604028098
3346 0.197364576786821
3345 0.199171397748442
3344 0.20409451881294
3343 0.209095865374459
3342 0.214175387163539
3341 0.219332988585732
3340 0.224568527803513
3339 0.229253023647436
3338 0.23399997698346
3337 0.238809317899052
3336 0.243680948701169
3335 0.248614743411452
3334 0.252495018782384
3333 0.256412721411405
3332 0.260367755421083
3331 0.264360013956386
3330 0.268389379054697
3329 0.272455721518596
3328 0.276558900791496
3327 0.280698764836258
3326 0.284875150016878
3325 0.289087880983351
3324 0.295780865808362
3323 0.302562350632195
3322 0.30943147566931
3321 0.316387306429427
3320 0.323428832834558
3319 0.327305399642414
3318 0.331206954789944
3317 0.335133305434356
3316 0.339084251834149
3315 0.343059587318265
3314 0.341068884129099
3313 0.339084251834149
3312 0.337105716919009
3311 0.335133305434356
3310 0.333167042996825
3309 0.327860637621299
3308 0.322597352846959
3307 0.317377789277156
3306 0.312202522811484
3305 0.307072104708367
3304 0.305195134645549
3303 0.303324683464789
3302 0.301460769743652
3301 0.299603411643688
3300 0.297752626911821
3299 0.295908432881764
3298 0.294070846475463
3297 0.292239884204556
3296 0.290415562171866
3295 0.288597896072899
3294 0.283088325724094
3293 0.277638709173166
3292 0.272249575509767
3291 0.266921416972276
3290 0.261654689283736
3289 0.253173674072444
3288 0.244865653449054
3287 0.236731413824968
3286 0.228771516573443
3285 0.22098630450614
3284 0.21690567178421
3283 0.212874763842304
3282 0.208893560222583
3281 0.204962024485483
3280 0.201080104518205
3279 0.202530014109354
3278 0.203986895390844
3277 0.205450751872538
3276 0.206921586762051
3275 0.208399402962434
3274 0.212874763842304
3273 0.217413031307201
3272 0.222014233034461
3271 0.226678370552214
3270 0.231405418696693
3269 0.235125472909359
3268 0.238883516794008
3267 0.242679503812845
3266 0.246513376978108
3265 0.25038506870863
3264 0.25038506870863
3263 0.25038506870863
3262 0.25038506870863
3261 0.25038506870863
3260 0.25038506870863
3259 0.254294500688722
3258 0.258241583729439
3257 0.262226217632361
3256 0.266248291056006
3255 0.270307681384941
3254 0.277945087606091
3253 0.285709764366453
3252 0.293600607527163
3251 0.301616370647289
3250 0.309755662593602
3249 0.314188990987458
3248 0.318657434073107
3247 0.323160721266036
3246 0.327698569279913
3245 0.332270682046356
3244 0.333583250596446
3243 0.334898583732727
3242 0.336216673970135
3241 0.337537513737184
3240 0.338861095375834
3239 0.341516453202314
3238 0.344182684449691
3237 0.346859724725696
3236 0.349547508242096
3235 0.352245967811301
3234 0.356993754210382
3233 0.361773647256822
3232 0.36658525575422
3231 0.371428175235415
3230 0.376301987926225
3229 0.381206262714403
3228 0.386140555123872
3227 0.391104407294325
3226 0.396097347966277
3225 0.401118892471628
3224 0.401838562104187
3223 0.40255880387141
3222 0.403279616293231
3221 0.404000997884008
3220 0.404722947152507
3219 0.406168542729836
3218 0.407616390983698
3217 0.409066479783246
3216 0.410518796908341
3215 0.411973330049562
3214 0.421480946108495
3213 0.431078155296596
3212 0.440761302144481
3211 0.450526573211921
3210 0.460369998084884
3209 0.471053276098573
3208 0.4818170529274
3207 0.492655770352673
3206 0.503563668300514
3205 0.514534788240746
3204 0.513749170251872
3203 0.512963845786041
3202 0.51217881711332
3201 0.511394086498793
3200 0.510609656202567
3199 0.507474983227908
3198 0.504345294853448
3197 0.501220733316988
3196 0.498101439560754
3195 0.494987553223789
3194 0.491103010095381
3193 0.487227399376926
3192 0.48336098510598
3191 0.479504028061891
3190 0.475656785746479
3189 0.474888525479163
3188 0.474120665997604
3187 0.473353209314272
3186 0.472586157436318
3185 0.471819512365582
3184 0.479504028061891
3183 0.487227399376926
3182 0.494987553223789
3181 0.502782364391124
3180 0.510609656202567
3179 0.513749170251872
3178 0.516893380570569
3177 0.520042141082
3176 0.523195304446589
3175 0.526352722070599
3174 0.53267971950504
3173 0.539021919898149
3172 0.545378090293093
3171 0.5517469785827
3170 0.558127313843218
3169 0.565317267567243
3168 0.572518213240803
3167 0.579728259314011
3166 0.586945486624625
3165 0.594167949135286
3164 0.602198236506626
3163 0.610222764364624
3162 0.618238540670444
3161 0.62624254376542
3160 0.634231724330008
3159 0.643798452354346
3158 0.653335993942578
3157 0.662839020558662
3156 0.672302162553611
3155 0.681720014365907
3154 0.680147546336265
3153 0.678573975028857
3152 0.676999324631292
3151 0.675423619297782
3150 0.673846883148563
3149 0.673846883148563
3148 0.673846883148563
3147 0.673846883148563
3146 0.673846883148563
3145 0.673846883148563
3144 0.683291354897374
3143 0.692694360298458
3142 0.702050638022728
3141 0.711354890481557
3140 0.720601788628981
3139 0.728259861647751
3138 0.735871275539173
3137 0.743432910992312
3136 0.750941642418372
3135 0.758394340050164
3134 0.755341713042216
3133 0.752282643894954
3132 0.74921736476658
3131 0.746146106921119
3130 0.743069100699856
3129 0.737867132191068
3128 0.732633721927689
3127 0.727370007440492
3126 0.722077128669071
3125 0.716756227504245
3124 0.715215041650668
3123 0.713672200772523
3122 0.712127729648162
3121 0.710581653036392
3120 0.70903399567584
3119 0.70903399567584
3118 0.70903399567584
3117 0.70903399567584
3116 0.70903399567584
3115 0.70903399567584
3114 0.711408447331505
3113 0.71378138319539
3112 0.716152699899589
3111 0.718522293561143
3110 0.720890059789398
3109 0.727096203661601
3108 0.733278915283223
3107 0.739436543063875
3106 0.745567426558763
3105 0.751669897174958
3104 0.7546742330508
3103 0.757669405917068
3102 0.760655213517584
3101 0.763631453580237
3100 0.766597923839372
3099 0.762888301582973
3098 0.75916349301744
3097 0.755423893199664
3096 0.751669897174958
3095 0.747901899908958
3094 0.734991293865037
3093 0.721938887819518
3092 0.708760115379809
3091 0.695470321788965
3090 0.682084735134849
3089 0.67734036878626
3088 0.672586608405775
3087 0.667824109429704
3086 0.663053524332042
3085 0.658275502483379
3084 0.669383575891915
3083 0.680435471067254
3082 0.691422591149977
3081 0.702336283636491
3080 0.713167851962792
3079 0.725561436725297
3078 0.737851389171799
3077 0.750024807260287
3076 0.762068704018446
3075 0.773970029550313
3074 0.780549026491632
3073 0.78707268260711
3072 0.793538702598436
3071 0.799944796583148
3070 0.806288681427297
3069 0.812568082084133
3068 0.818780732937763
3067 0.82492437915069
3066 0.830996778014077
3065 0.836995700299694
3064 0.844754351157047
3063 0.852363312922151
3062 0.859817510614609
3061 0.867111954482016
3060 0.874241745800594
3059 0.877816666876401
3058 0.881351078750173
3057 0.884844379098079
3056 0.88829597088078
3055 0.89170526251293
3054 0.891140009689383
3053 0.890573568273686
3052 0.890005940972097
3051 0.889437130495296
3050 0.888867139558369
3049 0.886575425663971
3048 0.884265042744422
3047 0.881936166631968
3046 0.879588974230644
3045 0.877223643493943
3044 0.877669853068651
3043 0.878113147822002
3042 0.878553520789396
3041 0.878990965085863
3040 0.879425473906327
3039 0.88117865281036
3038 0.88292155318226
3037 0.884654100722987
3036 0.886376221469695
3035 0.888087841800979
3034 0.888656035810903
3033 0.889223052258236
3032 0.88978888844211
3031 0.890353541666045
3030 0.890917009237968
3029 0.890917009237968
3028 0.890917009237968
3027 0.890917009237968
3026 0.890917009237968
3025 0.890917009237968
3024 0.891479288470237
3023 0.892040376679662
3022 0.892600271187521
3021 0.893158969319592
3020 0.893716468406161
3019 0.893716468406161
3018 0.893716468406161
3017 0.893716468406161
3016 0.893716468406161
3015 0.893716468406161
3014 0.892040376679662
3013 0.890353541666045
3012 0.888656035810903
3011 0.886947931918636
3010 0.885229303147259
3009 0.886947931918636
3008 0.888656035810903
3007 0.890353541666045
3006 0.892040376679662
3005 0.893716468406161
3004 0.900311966376479
3003 0.906729872895478
3002 0.912965734739702
3001 0.919015203535257
3000 0.924874040802091
2999 0.929607805314584
2998 0.934203997964852
2997 0.938660355265234
2996 0.942974675194128
2995 0.947144819007879
2994 0.948772040487331
2993 0.950375731500006
2992 0.951955764023845
2991 0.953512011780311
2990 0.95504435025121
2989 0.95504435025121
2988 0.95504435025121
2987 0.95504435025121
2986 0.95504435025121
2985 0.95504435025121
2984 0.95504435025121
2983 0.95504435025121
2982 0.95504435025121
2981 0.95504435025121
2980 0.95504435025121
2979 0.955423684620043
2978 0.955801515078066
2977 0.956177839731916
2976 0.956552656695277
2975 0.956925964088878
2974 0.958036810164563
2973 0.959134003139106
2972 0.960217493424066
2971 0.96128723201231
2970 0.96234317048171
2969 0.964280460584545
2968 0.966179938811655
2967 0.968041292591883
2966 0.969864213951658
2965 0.971648399604137
2964 0.974686084955801
2963 0.977563688187763
2962 0.980279744240147
2961 0.982832867631345
2960 0.985221753635753
2959 0.987445179394891
2958 0.989502004960583
2957 0.991391174268944
2956 0.99311171604402
2955 0.994662744629993
2954 0.995948928285456
2953 0.997024774183072
2952 0.997889875686639
2951 0.998543964099671
2950 0.998986908654459
2949 0.999307543731275
2948 0.999543548170324
2947 0.999694862246923
2946 0.999761447663709
2945 0.999743287566794
2944 0.999722533572377
2943 0.999694862246923
2942 0.999660274162206
2941 0.999618770032902
2940 0.999570350716574
2939 0.999595424713938
2938 0.999618770032902
2937 0.999640386552878
2936 0.999660274162206
2935 0.999678432758154
2934 0.999694862246923
2933 0.999709562543644
2932 0.999722533572377
2931 0.999733775266118
2930 0.999743287566794
2929 0.999892907367273
2928 0.999978512631634
2927 1
2926 0.999957279522375
2925 0.999850274720462
2924 0.998831401372699
2923 0.99747451101747
2922 0.995780977968936
2921 0.993752515763186
2920 0.991391174268944
2919 0.989479622975407
2918 0.987433114005381
2917 0.985252703368342
2916 0.982939501940423
2915 0.980494674521696
2914 0.982235840475651
2913 0.983896671086846
2912 0.985476750659486
2911 0.986975683272188
2910 0.988393092943307
2909 0.990275845307317
2908 0.99199053582571
2907 0.993536283856694
2906 0.994912294654333
2905 0.996117860049529
2904 0.996656528242722
2903 0.997152359057425
2902 0.997605288580529
2901 0.998015258410479
2900 0.998382215669826
2899 0.998613960777433
2898 0.998844141791657
2897 0.999072755334295
2896 0.999299798045996
2895 0.9995252665864
2894 0.998853060320318
2893 0.998117835876733
2892 0.997319823988368
2891 0.996459268027177
2890 0.995536423888782
2889 0.994650706717412
2888 0.993681535477411
2887 0.992629154574095
2886 0.991493829216764
2885 0.990275845307317
2884 0.989166301398116
2883 0.987996458548571
2882 0.986766532689971
2881 0.985476750659486
2880 0.984127350130453
2879 0.982235840475651
2878 0.980239403679342
2877 0.978138691583316
2876 0.975934389112453
2875 0.973627213902576
2874 0.971217915911109
2873 0.968707277010847
2872 0.966096110567136
2871 0.963385260998789
2870 0.960575603323071
2869 0.957668042685087
2868 0.954663513871943
2867 0.951562980812026
2866 0.948367436059799
2865 0.945077900266474
2864 0.942123277783345
2863 0.939098214730938
2862 0.936003445836732
2861 0.932839721065084
2860 0.929607805314584
2859 0.925831688788076
2858 0.921968711586182
2857 0.918020083966657
2856 0.913987039352821
2855 0.909870833692311
2854 0.903543399291491
2853 0.897036134040489
2852 0.890353541666045
2851 0.883500223003199
2850 0.876480870730028
2849 0.869300264028621
2848 0.861963263180791
2847 0.854474804107028
2846 0.846839892857258
2845 0.839063600061977
2844 0.832479055405191
2843 0.825802887530454
2842 0.819038117043791
2841 0.812187785786595
2840 0.805254954576263
2839 0.80245941096314
2838 0.799651357241969
2837 0.796830991400694
2836 0.793998511751574
2835 0.791154116908216
2834 0.79257779130468
2833 0.793998511751574
2832 0.795416253395558
2831 0.796830991400694
2830 0.79824270094916
2829 0.801758562627331
2828 0.805254954576263
2827 0.808731490694976
2826 0.812187785786595
2825 0.815623455628706
2824 0.817674797966781
2823 0.819718494673673
2822 0.821754463323388
2821 0.823782621645461
2820 0.825802887530454
2819 0.826474541449334
2818 0.827145306293856
2817 0.827815179035442
2816 0.828484156647688
2815 0.829152236106376
2814 0.829819414389507
2813 0.830485688477318
2812 0.831151055352299
2811 0.831815511999231
2810 0.832479055405191
2809 0.831815511999231
2808 0.831151055352299
2807 0.830485688477318
2806 0.829819414389507
2805 0.829152236106376
2804 0.828604978351558
2803 0.82805515244541
2802 0.827502767529502
2801 0.826947832813137
2800 0.826390357572944
2799 0.823121738605609
2798 0.819826522103655
2797 0.816505112147525
2796 0.813157915923291
2795 0.80978534362502
2794 0.803477003032011
2793 0.797105188299247
2792 0.790672178233399
2791 0.784180259132696
2790 0.777631723450768
2789 0.770948274223748
2788 0.764219328485425
2787 0.757447269267152
2786 0.750634472336925
2785 0.743783304866221
2784 0.73467836837847
2783 0.72550271450736
2782 0.716261752973598
2781 0.706960874078044
2780 0.697605443623788
2779 0.689811696541917
2778 0.681978621365082
2777 0.674109431584314
2776 0.666207329208848
2775 0.658275502483379
2774 0.653469237513423
2773 0.648661082043859
2772 0.643851684303325
2771 0.639041686425835
2770 0.634231724330008
2769 0.628633546774037
2768 0.623031340746096
2767 0.617426085212945
2766 0.611818751210219
2765 0.606210301586279
2764 0.596595965678777
2763 0.586985900169249
2762 0.577384774869879
2761 0.56779717777273
2760 0.558227611854356
2759 0.543097078160355
2758 0.528028199734507
2757 0.513038227942004
2756 0.498143814563831
2755 0.48336098510598
2754 0.464991828231423
2753 0.446879917957421
2752 0.429050186842739
2751 0.411525717809027
2750 0.394327732139516
2749 0.375919606336071
2748 0.35792248745383
2747 0.340358995839721
2746 0.323249200100787
2745 0.306610641639933
2744 0.291768508449761
2743 0.277353063198842
2742 0.263371566258216
2741 0.249829657318749
2740 0.236731413824968
2739 0.228771516573443
2738 0.22098630450614
2737 0.21337590855549
2736 0.205940254640746
2735 0.198679070695834
2734 0.196869117477579
2733 0.195072056741971
2732 0.193287853331464
2731 0.191516471213158
2730 0.189757873495838
2729 0.187812786699621
2728 0.185880929748616
2727 0.183962307540806
2726 0.182056923415772
2725 0.180164779168995
2724 0.174507000512254
2723 0.168977152641892
2722 0.163574238189567
2721 0.158297183137281
2720 0.153144840705827
2719 0.146761513101717
2718 0.140567556066609
2717 0.134560948823083
2716 0.128739497397332
2715 0.123100845435804
2714 0.120142559505997
2713 0.117238871799625
2712 0.114389213673556
2711 0.111593008375205
2710 0.1088496715958
2709 0.107215975407151
2708 0.10560024803875
2707 0.104002400789514
2706 0.102422343279793
2705 0.100859983495457
2704 0.0979449953726135
2703 0.0950933050676862
2702 0.0923041255817804
2701 0.0895766598800215
2700 0.0869101017158792
2699 0.0840462634262874
2698 0.0812540424928821
2697 0.0785323341470049
2696 0.0758800249506579
2695 0.0732959939883878
2694 0.0722128140524914
2693 0.0711428758680161
2692 0.0700860589825957
2691 0.0690422431530088
2690 0.068011308365987
2689 0.0670718010728117
2688 0.0661421838884506
2687 0.0652223942330463
2686 0.064312369200371
2685 0.063412045572531
2684 0.0613604010083053
2683 0.0593595486767389
2682 0.0574086301900791
2681 0.0555067877446635
2680 0.0536531646874511
2679 0.051668852393794
2678 0.0497407163192767
2677 0.0478676257554527
2676 0.0460484548689603
2675 0.044282083459652
2674 0.044282083459652
2673 0.044282083459652
2672 0.044282083459652
2671 0.044282083459652
2670 0.044282083459652
2669 0.0449723919302167
2668 0.0456708694369071
2667 0.046377581596364
2666 0.0470925939845643
2665 0.0478159721251219
2664 0.0479836544073691
2663 0.0481517817040346
2662 0.0483203548558688
2661 0.0484893747039973
2660 0.0486588420899131
2659 0.0482625107905955
2658 0.0478688533359562
2657 0.0474778577086286
2656 0.0470895118658307
2655 0.0467038037405112
2654 0.0461032208305643
2653 0.0455092182454213
2652 0.0449217359666665
2651 0.0443407142734983
2650 0.0437660937463358
2649 0.0437112804332064
2648 0.0436568985775677
2647 0.0436029480260041
2646 0.0435494286248972
2645 0.0434963402204559
2644 0.0452390804874413
2643 0.0470341131095212
2642 0.0488825554843296
2641 0.0507855309767326
2640 0.052744168175261
2639 0.0562012322311101
2638 0.0598300491869166
2637 0.063636538647668
2636 0.0676266453254329
2635 0.0718063252915488
2634 0.0758402081273353
2633 0.0800415182446834
2632 0.084414383665804
2631 0.0889628665193081
2630 0.0936909510615506
2629 0.097082877615929
2628 0.100565614072748
2627 0.104140505368653
2626 0.107808872295855
2625 0.11157200934378
2624 0.10936525553915
2623 0.107190931167918
2622 0.105048782727748
2621 0.102938553459425
2620 0.100859983495457
2619 0.095297714628516
2618 0.0899657741140351
2617 0.0848587501398162
2616 0.0799710899582014
2615 0.0752971212597138
2614 0.0711892066723399
2613 0.0672557638515733
2612 0.0634917281666939
2611 0.0598920344402301
2610 0.0564516280365125
2609 0.0541449535221839
2608 0.0519098735063414
2607 0.0497448711717699
2606 0.0476484309897878
2605 0.0456190402765084
2604 0.0468169946295134
2603 0.0480384448358506
2602 0.0492837043940743
2601 0.0505530869287178
2600 0.0518469060642561
2599 0.0545740022732849
2598 0.0574086301900791
2597 0.0603536794695998
2596 0.063412045572531
2595 0.0665866254285165
2594 0.0687690045275825
2593 0.0710051762086647
2592 0.0732959939883878
2591 0.0756423085266184
2590 0.078044966942591
2589 0.0797608039933835
2588 0.0815049503498944
2587 0.0832776923906719
2586 0.085079315055038
2585 0.0869101017158792
2584 0.0874385797343042
2583 0.0879694680356639
2582 0.0885027731505879
2581 0.0890385015970322
2580 0.0895766598800215
2579 0.0890385015970322
2578 0.0885027731505879
2577 0.0879694680356639
2576 0.0874385797343042
2575 0.0869101017158792
2574 0.0863840274373364
2573 0.0858603503434523
2572 0.0853390638670843
2571 0.0848201614294184
2570 0.0843036364402206
2569 0.0843036364402206
2568 0.0843036364402206
2567 0.0843036364402206
2566 0.0843036364402206
2565 0.0843036364402206
2564 0.085599408688984
2563 0.0869101017158792
2562 0.0882358180837581
2561 0.0895766598800215
2560 0.0909327286919492
2559 0.0925802531841228
2558 0.0942500236643262
2557 0.0959422125132405
2556 0.0976569908433482
2555 0.0993945284342416
2554 0.100058908634911
2553 0.100726851563708
2552 0.101398364968581
2551 0.102073456480441
2550 0.102752133611713
2549 0.101859861437853
2548 0.100973362993889
2547 0.100092617641111
2546 0.0992176046458063
2545 0.0983483031813318
2544 0.0957744583558248
2543 0.0932512590591271
2542 0.0907781291325729
2541 0.0883544862035405
2540 0.0859797421639416
2539 0.0838330442481312
2538 0.0817263786281876
2537 0.0796593210086048
2536 0.0776314422159914
2535 0.0756423085266184
2534 0.0759508396033495
2533 0.0762607049183858
2532 0.0765719071352298
2531 0.0768844488953993
2530 0.0771983328181556
2529 0.0784094336559125
2528 0.0796348232710143
2527 0.0808746059927843
2526 0.0821288858110399
2525 0.0833977663530193
2524 0.0833977663530193
2523 0.0833977663530193
2522 0.0833977663530193
2521 0.0833977663530193
2520 0.0833977663530193
2519 0.0828124970292772
2518 0.0822305765798992
2517 0.0816519954124169
2516 0.0810767438461216
2515 0.0805048121134913
2514 0.0803289425367184
2513 0.0801540123041411
2512 0.0799800179726718
2511 0.0798069561052677
2510 0.0796348232710143
2509 0.079142946087257
2508 0.0786533651335025
2507 0.0781660737304295
2506 0.0776810651904922
2505 0.0771983328181556
2504 0.076001416111727
2503 0.0748185785964629
2502 0.0736497150603343
2501 0.0724947200414589
2500 0.0713534878498448
2499 0.0690422431530088
2498 0.0667875101065683
2497 0.0645884211159836
2496 0.062444103333168
2495 0.0603536794695998
2494 0.0572777353345146
2493 0.0543242497698232
2492 0.0514896997950447
2491 0.0487705866115659
2490 0.0461634404067011
2489 0.0437112804332064
2488 0.0413579928975415
2487 0.039100709880636
2486 0.0369365851789133
2485 0.0348627978507251
2484 0.0345145787957524
2483 0.0341694905423245
2482 0.0338275077843523
2481 0.0334886053565425
2480 0.033152758234781
2479 0.0336169403788836
2478 0.0340865430387379
2477 0.0345616206302965
2476 0.0350422279198289
2475 0.0355284200221041
2474 0.0354418995027481
2473 0.0353559440202251
2472 0.0352705510403431
2471 0.0351857180393668
2470 0.035101442504015
2469 0.0346568553377955
2468 0.0342166135466364
2467 0.0337806863687053
2466 0.0333490430710441
2465 0.0329216529527804
2464 0.0320886279249847
2463 0.0312720884382086
2462 0.0304717682197826
2461 0.0296874035608045
2460 0.0289187333431846
2459 0.028192213694703
2458 0.0274791244149612
2457 0.0267792790996339
2456 0.0260924923586028
2455 0.0254185798521667
2454 0.0255628585900282
2453 0.0257079634582345
2452 0.0258538979476647
2451 0.0260006655514235
2450 0.0261482697646819
2449 0.0264286604866198
2448 0.0267116909055031
2447 0.0269973838361271
2446 0.02728576223957
2445 0.0275768492231628
2444 0.0273961806590594
2443 0.0272167828897913
2442 0.0270386473438646
2441 0.0268617654958516
2440 0.0266861288663558
2439 0.0262552040648273
2438 0.0258293676996523
2437 0.0254085729708263
2436 0.0249927733094531
2435 0.0245819223796591
2434 0.0242770040459021
2433 0.0239748240754268
2432 0.0236753631819671
2431 0.0233786021549655
2430 0.0230845218599668
2429 0.0228518399599039
2428 0.0226210075899445
2427 0.0223920132560117
2426 0.0221648454876422
2425 0.0219394928386265
2424 0.0218815006790434
2423 0.0218239240142001
2422 0.0217667608435916
2421 0.0217100091768956
2420 0.0216536670339481
2419 0.0216536670339481
2418 0.0216536670339481
2417 0.0216536670339481
2416 0.0216536670339481
2415 0.0216536670339481
2414 0.0217470344848249
2413 0.0218406879082717
2412 0.0219346279957745
2411 0.0220288554397882
2410 0.0221233709337327
2409 0.0221233709337327
2408 0.0221233709337327
2407 0.0221233709337327
2406 0.0221233709337327
2405 0.0221233709337327
2404 0.0220288554397882
2403 0.0219346279957745
2402 0.0218406879082717
2401 0.0217470344848249
2400 0.0216536670339481
2399 0.0216536670339481
2398 0.0216536670339481
2397 0.0216536670339481
2396 0.0216536670339481
2395 0.0216536670339481
2394 0.0219346279957745
2393 0.0222181751719935
2392 0.0225043273109719
2391 0.0227931032390038
2390 0.0230845218599668
2389 0.0232802784735662
2388 0.0234772236948469
2387 0.0236753631819671
2386 0.0238747026081696
2385 0.0240752476617292
2384 0.0236753631819671
2383 0.0232802784735662
2382 0.0228899482110239
2381 0.0225043273109719
2380 0.0221233709337327
2379 0.0216167311592072
2378 0.0211184120356868
2377 0.0206283078279686
2376 0.0201463134393485
2375 0.0196723244241209
2374 0.0197937960069637
2373 0.0199159964575671
2372 0.0200389291462373
2371 0.0201625974483726
2370 0.0202870047443339
2369 0.0202870047443339
2368 0.0202870047443339
2367 0.0202870047443339
2366 0.0202870047443339
2365 0.0202870047443339
2364 0.0190673358927012
2363 0.0178997443185162
2362 0.0167824345560179
2361 0.0157136501359873
2360 0.014691673968785
2359 0.0129500057104576
2358 0.0113469146383977
2357 0.00987327900376724
2356 0.00852038968165089
2355 0.0072799498652511
2354 0.00601170337002754
2353 0.00486575198788386
2352 0.0038318591445771
2351 0.00290046253950201
2350 0.00206265073315054
2349 0.00129775678156506
2348 0.000612656013228495
2347 0
