-472712.044817402 2632945.01618551
3166 1.02769230582626e-05
3165 1.33653845585081e-05
3164 1.72893538135927e-05
3163 2.67841308551386e-05
3162 3.14098613952839e-05
3161 3.6750137167094e-05
3160 4.2899911019148e-05
3159 4.6310746953337e-05
3158 4.99641266972921e-05
3157 5.38748329682155e-05
3156 5.80583505243862e-05
3155 6.25308842525141e-05
3154 6.25308842525141e-05
3153 7.25354647921956e-05
3152 7.7878398815287e-05
3151 8.35686568858184e-05
3150 8.96250938730254e-05
3149 9.60673072638016e-05
3148 0.000102915646080707
3147 0.000110191218292102
3146 0.000126112322333085
3145 0.000127263826018023
3144 0.000136206294992059
3143 0.000155752472538543
3142 0.000177695816106468
3141 0.000202266489755831
3140 0.000215612525272179
3139 0.000229707489454246
3138 0.000260274041392846
3137 0.000276812301841845
3136 0.000294232768727403
3135 0.000342808834142794
3134 0.000342808834142794
3133 0.000363206531402865
3132 0.000395881723376194
3131 0.000374399213009316
3130 0.00035389345528625
3129 0.000334332244548232
3128 0.000287280288788003
3127 0.000254648237980126
3126 0.000225224013690231
3125 0.000211636900331575
3124 0.000166410419620148
3123 0.000145693609991179
3122 0.000127263826018023
3121 0.000110910823364935
3120 0.000103451093881487
3119 0.000102915646080707
3118 9.60673072638016e-05
3117 9.60673072638016e-05
3116 9.60673072638016e-05
3115 8.36614301989676e-05
3114 8.98484862993033e-05
3113 9.64378158292635e-05
3112 0.000103451093881487
3111 0.000118840341781572
3110 0.000119994087354368
3109 0.000137881874798986
3108 0.000158060348293434
3107 0.000193135610701427
3106 0.000220089420029664
3105 0.000250209846482899
3104 0.000283777558926243
3103 0.000291538217273717
3102 0.000310519911286503
3101 0.000330534011857058
3100 0.000351621642469079
3099 0.000351621642469079
3098 0.000330534011857058
3097 0.000291538217273717
3096 0.000240386495472528
3095 0.000197114836910832
3094 0.000160739732303503
3093 0.000121409739601482
3092 9.08045654205844e-05
3091 7.25591340879902e-05
3090 6.22891022902459e-05
3089 5.33412292638957e-05
3088 4.55664227810945e-05
3087 4.20760542022472e-05
3086 4.20760542022472e-05
3085 4.20760542022472e-05
3084 4.55664227810945e-05
3083 4.93159730654719e-05
3082 6.72132246104149e-05
3081 7.79701514686461e-05
3080 9.69850151687204e-05
3079 0.000119994087354368
3078 0.00014767058813113
3077 0.000180761988789906
3076 0.000234736556042387
3075 0.000283777558926243
3074 0.000362435406697381
3073 0.000432725164327486
3072 0.000513892919575095
3071 0.000607032670213735
3070 0.000713231384314624
3069 0.00079180801258918
3068 0.000876955913380197
3067 0.000968955988748871
3066 0.00106806765512399
3065 0.00117452400396423
3064 0.00123057084630725
3063 0.00134841131467336
3062 0.00141024130034322
3061 0.00153979118102055
3060 0.0016772532737718
3059 0.00174896136740793
3058 0.00189832107515227
3057 0.00197595729305073
3056 0.002055547626634
3055 0.00219349996783133
3054 0.00227609482334649
3053 0.00227609482334649
3052 0.00236044665680704
3051 0.00236044665680704
3050 0.00236044665680704
3049 0.00227609482334649
3048 0.00227609482334649
3047 0.00219349996783133
3046 0.00213707438604679
3045 0.002055547626634
3044 0.00197595729305073
3043 0.00189832107515227
3042 0.00182265256120975
3041 0.00188121296899763
3040 0.00180776031643461
3039 0.00180776031643461
3038 0.00173618041877971
3037 0.00173618041877971
3036 0.00180776031643461
3035 0.00180776031643461
3034 0.00180776031643461
3033 0.00188121296899763
3032 0.00195652859783318
3031 0.00203369376406586
3030 0.00203369376406586
3029 0.0021126912534733
3028 0.00219349996783133
3027 0.00227609482334649
3026 0.00236044665680704
3025 0.00241269676513458
3024 0.00241269676513458
3023 0.00249755860230945
3022 0.00249755860230945
3021 0.00241269676513458
3020 0.00236044665680704
3019 0.00227609482334649
3018 0.00219349996783133
3017 0.0021126912534733
3016 0.00203369376406586
3015 0.00195652859783318
3014 0.00188121296899763
3013 0.00180776031643461
3012 0.00173618041877971
3011 0.00173618041877971
3010 0.00173618041877971
3009 0.00173618041877971
3008 0.00173618041877971
3007 0.00180776031643461
3006 0.00193812025554852
3005 0.00203369376406586
3004 0.00219349996783133
3003 0.00236044665680704
3002 0.00257283358971762
3001 0.00285543446279646
3000 0.00315218461682445
2999 0.00346122667824325
2998 0.00378030976763892
2997 0.00410680122691482
2996 0.0043271146930617
2995 0.00465914559982702
2994 0.00488002514949557
2993 0.00509924947079222
2992 0.0052849758747892
2991 0.00548869435062664
2990 0.00558867361014064
2989 0.00568721395846919
2988 0.00568721395846919
2987 0.00568721395846919
2986 0.00563253115446626
2985 0.00552815133028385
2984 0.00542248487229319
2983 0.00531568063187325
2982 0.00520788657880596
2981 0.00498991453313256
2980 0.00488002514949557
2979 0.00465914559982702
2978 0.00454843038180845
2977 0.00443771008576726
2976 0.0043271146930617
2975 0.00421677076411216
2974 0.00410680122691482
2973 0.00410680122691482
2972 0.00410680122691482
2971 0.00421677076411216
2970 0.0043271146930617
2969 0.00443771008576726
2968 0.00465914559982702
2967 0.00488002514949557
2966 0.00523203570859906
2965 0.00545562176213297
2964 0.00578229370747699
2963 0.00609467734443237
2962 0.00638845686379719
2961 0.00674395530304893
2960 0.00697826584177836
2959 0.00718083609308151
2958 0.00734847454555553
2957 0.00735138764598022
2956 0.007437008340615
2955 0.00748352410162634
2954 0.00749241717735002
2953 0.00748352410162634
2952 0.00745690815782421
2951 0.007437008340615
2950 0.00741275844610014
2949 0.00738420140346042
2948 0.00735138764598022
2947 0.00735138764598022
2946 0.00735138764598022
2945 0.00735138764598022
2944 0.00735138764598022
2943 0.00735138764598022
2942 0.00735138764598022
2941 0.00735138764598022
2940 0.00722655212035883
2939 0.00719143674413284
2938 0.00731437496263426
2937 0.00731437496263426
2936 0.0072732283285072
2935 0.00722801971474243
2934 0.00722801971474243
2933 0.00729665353937956
2932 0.00724074076008538
2931 0.00718083609308151
2930 0.00704948303187547
2929 0.00697826584177836
2928 0.0069035184946832
2927 0.00682537027956725
2926 0.00674395530304893
2925 0.00657188327570929
2924 0.00640337348010277
2923 0.00631463584086189
2922 0.00622343120180153
2921 0.0061299026995995
2920 0.00603419546989104
2919 0.00593645627524208
2918 0.00583683313403
2917 0.00578229370747699
2916 0.00567477666495673
2915 0.00567477666495673
2914 0.00556583263240718
2913 0.00552815133028385
2912 0.00552815133028385
2911 0.00552815133028385
2910 0.00552815133028385
2909 0.00552815133028385
2908 0.00563253115446626
2907 0.00568721395846919
2906 0.00578417612123324
2905 0.00593645627524208
2904 0.0061299026995995
2903 0.00622343120180153
2902 0.00640337348010277
2901 0.00648950335341714
2900 0.00665339080675556
2899 0.00682537027956725
2898 0.00680523344972974
2897 0.00694402768944836
2896 0.00700823748262154
2895 0.00706884211238169
2894 0.00712573813586609
2893 0.00712573813586609
2892 0.00712573813586609
2891 0.00701237241951995
2890 0.00701237241951995
2889 0.00695833128504282
2888 0.00690075090239614
2887 0.00683972626178186
2886 0.00687632165031975
2885 0.00673088201929726
2884 0.00657288743512985
2883 0.00640337348010277
2882 0.0061299026995995
2881 0.00593645627524208
2880 0.00573547495152887
2879 0.00542248487229319
2878 0.00520788657880596
2877 0.00486636165520694
2876 0.00465362936653742
2875 0.00433317582138783
2874 0.00412007315715725
2873 0.00392540988585612
2872 0.00372241789964427
2871 0.00352212216472946
2870 0.00332523906828646
2869 0.00319175224851901
2868 0.00309360775626819
2867 0.00290128745192854
2866 0.00280724422141752
2865 0.00271469319337316
2864 0.00257283358971762
2863 0.00248204170550576
2862 0.00239303228388522
2861 0.00230584518889839
2860 0.00222051565751374
2859 0.00213707438604679
2858 0.0021126912534733
2857 0.00195652859783318
2856 0.00180776031643461
2855 0.00166647951535206
2854 0.00153272271305481
2853 0.00134614678491377
2852 0.00117620041738701
2851 0.000968955988748871
2850 0.00079180801258918
2849 0.00067631478202313
2848 0.000574588349759036
2847 0.000458518511210328
2846 0.000384723773330614
2845 0.000301945132340604
2844 0.000250209846482899
2843 0.000229707489454246
2842 0.000202266489755831
2841 0.000166410419620148
2840 0.000155752472538543
2839 0.000136206294992059
2838 0.000127263826018023
2837 0.000118840341781572
2836 0.000118840341781572
2835 0.000118840341781572
2834 0.000118840341781572
2833 0.000127263826018023
2832 0.000136206294992059
2831 0.000145693609991179
2830 0.000155752472538543
2829 0.000198759494469299
2828 0.000211636900331575
2827 0.000239550889681088
2826 0.000254648237980126
2825 0.000287280288788003
2824 0.000304879409509821
2823 0.00032337776374232
2822 0.000363206531402865
2821 0.000384605142739978
2820 0.000373443454644228
2819 0.000395809402683805
2818 0.000419274531681343
2817 0.0004438763219895
2816 0.000469652453699699
2815 0.000469652453699699
2814 0.000496640729515913
2813 0.000496640729515913
2812 0.000524878992766117
2811 0.000524878992766117
2810 0.000524878992766117
2809 0.000485560892591543
2808 0.000485560892591543
2807 0.00044754920518127
2806 0.00044754920518127
2805 0.00044754920518127
2804 0.000410985005884346
2803 0.000410985005884346
2802 0.000410985005884346
2801 0.000410985005884346
2800 0.000410985005884346
2799 0.000410985005884346
2798 0.000410985005884346
2797 0.000386454201081254
2796 0.000386454201081254
2795 0.000363155908480201
2794 0.000341044635445011
2793 0.000341044635445011
2792 0.000320075444413335
2791 0.00030020403016494
2790 0.00030020403016494
2789 0.00028138679041056
2788 0.000246744317869729
2787 0.00023083594005845
2786 0.000201643877807286
2785 0.000175694740171567
2784 0.000152694918786596
2783 0.000123124937138317
2782 9.15862564432006e-05
2781 7.28677400324502e-05
2780 5.32432218511731e-05
2779 3.85089589980478e-05
2778 2.75694215038193e-05
2777 2.13141902182679e-05
2776 1.95371833221982e-05
2775 1.78969115771134e-05
2774 1.63838989090528e-05
2773 1.49892344785555e-05
2772 1.10798262644749e-05
2771 1.00905889134747e-05
