328291.772318005 4187265.66342274
4610 1.02204097045729e-05
4609 1.04242379840654e-05
4608 1.063173098022e-05
4607 1.063173098022e-05
4606 1.063173098022e-05
4605 1.04242379840654e-05
4604 1.03127948350378e-05
4603 1.01106860419137e-05
4579 1.01106860419137e-05
4578 1.0727998856934e-05
4577 1.11582350426574e-05
4576 1.18328067562834e-05
4575 1.230270680458e-05
4574 1.303908491821e-05
4573 1.38148462883549e-05
4572 1.46317915098619e-05
4571 1.54917847861005e-05
4570 1.6396755084041e-05
4569 1.73486972442693e-05
4568 1.80104362050397e-05
4567 1.88708158936727e-05
4566 1.9223986950387e-05
4565 1.90452800330724e-05
4564 1.90452800330724e-05
4563 1.90452800330724e-05
4562 1.90452800330724e-05
4561 1.90452800330724e-05
4560 1.86945941264416e-05
4559 1.83496730409641e-05
4558 1.80104362050397e-05
4557 1.76768038975927e-05
4556 1.75152373878757e-05
4555 1.71902221148307e-05
4554 1.68706026957066e-05
4553 1.65563026475172e-05
4552 1.65563026475172e-05
4551 1.6396755084041e-05
4550 1.6396755084041e-05
4549 1.65563026475172e-05
4548 1.6247246315543e-05
4547 1.6247246315543e-05
4546 1.59433588691872e-05
4545 1.59433588691872e-05
4544 1.56445662977556e-05
4543 1.52002195164289e-05
4542 1.49135789038994e-05
4541 1.46317915098619e-05
4540 1.46317915098619e-05
4539 1.4354786699935e-05
4538 1.4354786699935e-05
4537 1.4354786699935e-05
4536 1.4354786699935e-05
4535 1.46317915098619e-05
4534 1.49135789038994e-05
4533 1.54917847861005e-05
4532 1.60899791001785e-05
4531 1.67087496127607e-05
4530 1.78457258301596e-05
4529 1.88708158936727e-05
4528 1.99480285555481e-05
4527 2.14692467641731e-05
4526 2.35149980525933e-05
4525 2.52739512592419e-05
4524 2.76353834857934e-05
4523 2.99394735143725e-05
4522 3.26818312289845e-05
4521 3.56417397800329e-05
4520 3.88330673038372e-05
4519 4.15624311582192e-05
4518 4.52070598423791e-05
4517 4.83187316144238e-05
4516 5.24666533837548e-05
4515 5.50994678544092e-05
4514 5.87854735126686e-05
4513 6.16864679400978e-05
4512 6.36875511995703e-05
4511 6.57436244493793e-05
4510 6.78558322998133e-05
4509 6.8933347418576e-05
4508 7.11319273622578e-05
4507 7.22532850765598e-05
4506 7.22532850765598e-05
4505 7.3389550940771e-05
4504 7.45408729740766e-05
4503 7.45408729740766e-05
4502 7.45408729740766e-05
4501 7.57073998027894e-05
4500 7.57073998027894e-05
4499 7.57073998027894e-05
4498 7.57073998027894e-05
4497 7.45408729740766e-05
4496 7.45408729740766e-05
4495 7.40925928382471e-05
4494 7.40925928382471e-05
4493 7.40925928382471e-05
4492 7.2945660998164e-05
4491 7.2945660998164e-05
4490 7.18137672784104e-05
4489 7.11319273622578e-05
4488 7.00253303985759e-05
4487 6.8933347418576e-05
4486 6.67926395761698e-05
4485 6.4708642800248e-05
4484 6.26802069187462e-05
4483 6.07061929668917e-05
4482 5.87854735126686e-05
4481 5.69169329634918e-05
4480 5.50994678544092e-05
4479 5.33319871181582e-05
4478 5.16134123374143e-05
4477 5.07721311920421e-05
4476 4.91249215573821e-05
4475 4.83187316144238e-05
4474 4.75239786771322e-05
4473 4.67405341150543e-05
4472 4.67405341150543e-05
4471 4.59682701462395e-05
4470 4.52070598423791e-05
4469 4.44567771337024e-05
4468 4.37172968136308e-05
4467 4.22702468552058e-05
4466 4.08649257402353e-05
4465 3.9500363311263e-05
4464 3.7527854898185e-05
4463 3.62610380137676e-05
4462 3.50316964961734e-05
4461 3.38389246384909e-05
4460 3.32559732611831e-05
4459 3.26818312289845e-05
4458 3.21163894110903e-05
4457 3.15595395863991e-05
4456 3.21163894110903e-05
4455 3.21163894110903e-05
4454 3.32559732611831e-05
4453 3.38389246384909e-05
4452 3.50316964961734e-05
4451 3.6889704863441e-05
4450 3.88330673038372e-05
4449 4.08649257402353e-05
4448 4.37172968136308e-05
4447 4.67405341150543e-05
4446 4.95979876692984e-05
4445 5.29716652430809e-05
4444 5.6540597645142e-05
4443 6.03134766217104e-05
4442 6.32823176414209e-05
4441 6.63746989400698e-05
4440 7.00253303985759e-05
4439 7.18137672784104e-05
4438 7.40925928382471e-05
4437 7.52547118101006e-05
4436 7.64321675286117e-05
4435 7.64321675286117e-05
4434 7.64321675286117e-05
4433 7.68892806472648e-05
4432 7.68892806472648e-05
4431 7.57073998027894e-05
4430 7.40925928382471e-05
4429 7.18137672784104e-05
4428 7.18137672784104e-05
4427 7.06967632840178e-05
4426 7.06967632840178e-05
4425 7.18137672784104e-05
4424 7.52547118101006e-05
4423 7.88336906019953e-05
4422 8.38274245566542e-05
4421 9.04397579220266e-05
4420 9.89430482839472e-05
4419 0.000109690283178442
4418 0.000119650054156827
4417 0.000132190757839667
4416 0.000143768811021768
4415 0.000156148195018792
4414 0.000167100924456042
4413 0.000178652916613247
4412 0.000190823010363285
4411 0.000201016449485472
4410 0.000211626306465482
4409 0.000222661384898832
4408 0.000234130158443811
4407 0.0002430212419175
4406 0.000256106375760754
4405 0.000265599388403322
4404 0.0002753507442628
4403 0.000281996532645348
4402 0.000288759132339655
4401 0.000292184467645176
4400 0.000295639278751869
4399 0.000298248051369766
4398 0.000301759648183787
4397 0.000301759648183787
4396 0.000301759648183787
4395 0.000301759648183787
4394 0.000301759648183787
4393 0.000301759648183787
4392 0.000302637671008897
4391 0.000301759648183787
4390 0.000301759648183787
4389 0.000301759648183787
4388 0.000301759648183787
4387 0.000305301044104532
4386 0.000305301044104532
4385 0.000305301044104532
4384 0.000309754970666967
4383 0.000309754970666967
4382 0.000309754970666967
4381 0.000313358406916201
4380 0.000313358406916201
4379 0.000313358406916201
4378 0.000313358406916201
4377 0.000313358406916201
4376 0.000313358406916201
4375 0.000313358406916201
4374 0.000309754970666967
4373 0.000306181417568501
4372 0.000302637671008897
4371 0.000299123651906803
4370 0.000295639278751869
4369 0.000288759132339655
4368 0.000281996532645348
4367 0.0002753507442628
4366 0.000268820996794976
4365 0.000265599388403322
4364 0.000262406486138129
4363 0.000259242184429588
4362 0.000256106375760754
4361 0.000259242184429588
4360 0.000262406486138129
4359 0.000265599388403322
4358 0.000268820996794976
4357 0.0002753507442628
4356 0.000285363184280468
4355 0.000293082411863776
4354 0.000300026748285342
4353 0.000307089374662369
4352 0.000317906480614048
4351 0.000325267512072148
4350 0.000332748871389357
4349 0.000340351047103727
4348 0.000344197581780727
4347 0.00035198180149312
4346 0.000359887863642834
4345 0.00036388669030786
4344 0.000367916097185303
4343 0.000371976117815502
4342 0.000371039998557044
4341 0.000371039998557044
4340 0.000371039998557044
4339 0.000371039998557044
4338 0.000366980924409642
4337 0.000362952558820445
4336 0.000358954867053495
4335 0.000354987811301474
4334 0.000347145441493282
4333 0.000339425087014441
4332 0.000335610539501995
4331 0.000328072426963076
4330 0.000320655222724636
4329 0.000313358406916201
4328 0.000306181417568501
4327 0.000302637671008897
4326 0.000295639278751869
4325 0.000291313921845608
4324 0.000284497965464878
4323 0.000281134076430546
4322 0.000277799455255294
4321 0.000274494005514143
4320 0.000274494005514143
4319 0.000272071414896047
4318 0.000272071414896047
4317 0.000272071414896047
4316 0.000271217628637606
4315 0.0002753507442628
4314 0.0002753507442628
4313 0.0002753507442628
4312 0.000278659084384892
4311 0.000278659084384892
4310 0.000278659084384892
4309 0.000278659084384892
4308 0.000278659084384892
4307 0.000278659084384892
4306 0.000278659084384892
4305 0.000278659084384892
4304 0.000278659084384892
4303 0.000281996532645348
4302 0.000285363184280468
4301 0.000288759132339655
4300 0.000295639278751869
4299 0.000302637671008897
4298 0.000309754970666967
4297 0.000320655222724636
4296 0.000330931617676437
4295 0.000338526979482428
4294 0.000354987811301474
4293 0.000366980924409642
4292 0.00037925039587746
4291 0.000387583965750322
4290 0.000400315611942847
4289 0.000408957711736813
4288 0.000421240400760213
4287 0.000430192009573403
4286 0.000439267387903964
4285 0.000443851441864487
4284 0.000453112149075464
4283 0.000453112149075464
4282 0.000457788738806629
4281 0.000457788738806629
4280 0.000457788738806629
4279 0.000457788738806629
4278 0.000453112149075464
4277 0.000448466372203594
4276 0.000443851441864487
4275 0.000439267387903964
4274 0.000430192009573403
4273 0.00042661241480242
4272 0.000422152436773493
4271 0.000413325078317965
4270 0.000408957711736813
4269 0.00040462122357393
4268 0.000400315611942847
4267 0.000400315611942847
4266 0.000396040871500353
4265 0.000396040871500353
4264 0.000391796993484078
4263 0.000391796993484078
4262 0.000391796993484078
4261 0.000391796993484078
4260 0.000391796993484078
4259 0.000396040871500353
4258 0.000396040871500353
4257 0.000400315611942847
4256 0.000400315611942847
4255 0.00040462122357393
4254 0.000408957711736813
4253 0.000413325078317965
4252 0.000417723321709776
4251 0.000422152436773493
4250 0.00042661241480242
4249 0.00043110324348541
4248 0.000440177385329783
4247 0.000444760655522268
4246 0.000454019458973306
4245 0.000463401054925703
4244 0.000477702959124383
4243 0.000487389981794965
4242 0.000501257130470667
4241 0.000516293589039276
4240 0.000531600126608134
4239 0.000547174177444226
4238 0.000563012823085045
4237 0.00057995550150391
4236 0.000596299961689731
4235 0.000607336774112425
4234 0.000623294696228857
4233 0.000635411063639055
4232 0.000646829964881894
4231 0.000658354692129885
4230 0.000669983621018188
4229 0.000681715050767366
4228 0.000693547203869508
4227 0.000705478225827233
4226 0.000717506184946759
4225 0.000729629072186137
4224 0.000741844801059762
4223 0.000754823337709774
4222 0.000767200503579688
4221 0.000773421308192289
4220 0.000785925876190307
4219 0.000792209031367807
4218 0.000804835527711678
4217 0.000810590261196192
4216 0.000817540141287664
4215 0.000817540141287664
4214 0.000823920925198231
4213 0.000823920925198231
4212 0.000817540141287664
4211 0.000811178232028706
4210 0.000804835527711678
4209 0.000797904658622211
4208 0.000785299038965035
4207 0.000772775913747267
4206 0.000760337717572948
4205 0.000741844801059762
4204 0.000723555891141002
4203 0.000711480211992649
4202 0.000693547203869508
4201 0.000675836632577769
4200 0.000663391816430885
4199 0.000646047379567906
4198 0.000634617071156148
4197 0.000617674445907772
4196 0.000606516702366261
4195 0.00060097954816884
4194 0.000590823553379599
4193 0.000585375350253956
4192 0.00057995550150391
4191 0.00057995550150391
4190 0.000579112786036456
4189 0.000579112786036456
4188 0.000584536891935668
4187 0.000590823553379599
4186 0.00060097954816884
4185 0.000612081724001773
4184 0.000617674445907772
4183 0.000628942298405116
4182 0.00064031882846584
4181 0.000651802528932198
4180 0.000657584076251793
4179 0.000669225539573464
4178 0.000675085030972818
4177 0.000675085030972818
4176 0.000680970071101851
4175 0.000680970071101851
4174 0.000680970071101851
4173 0.000675085030972818
4172 0.000675085030972818
4171 0.000669225539573464
4170 0.000663391816430885
4169 0.000651802528932198
4168 0.000646047379567906
4167 0.000634617071156148
4166 0.000623294696228857
4165 0.000617674445907772
4164 0.000612081724001773
4163 0.000612081724001773
4162 0.000612896856799084
4161 0.00061848450178201
4160 0.000624099536717183
4159 0.000641107187462325
4158 0.000658354692129885
4157 0.000681715050767366
4156 0.000705478225827233
4155 0.000729629072186137
4154 0.000760337717572948
4153 0.000791591692159217
4152 0.000823353258539533
4151 0.000855581682247762
4150 0.000894810314235387
4149 0.000927907926868817
4148 0.000961322431761268
4147 0.000994752726024524
4146 0.00102190321720917
4145 0.00104915968548291
4144 0.00107649154077434
4143 0.00110386724812849
4142 0.00112440833156222
4141 0.00114494186727845
4140 0.00115861967492052
4139 0.00117228352490866
4138 0.00117910886658236
4137 0.00118592909443425
4136 0.00118592909443425
4135 0.00118592909443425
4134 0.00118592909443425
4133 0.00117910886658236
4132 0.00117228352490866
4131 0.00116545361378042
4130 0.00115178224734116
4129 0.00114494186727845
4128 0.00113125438038102
4127 0.00111756144616757
4126 0.0011107142456038
4125 0.0010970209687912
4124 0.00108333260834265
4123 0.00106974736718765
4122 0.00105610997883495
4121 0.00104929722270621
4120 0.0010356860160582
4119 0.00102209707994184
4118 0.00100853419725203
4117 0.00100176369128312
4116 0.000988246846450769
4115 0.000981501414153498
4114 0.000967737808615527
4113 0.000961008632816879
4112 0.000954616672278956
4111 0.000947921917891252
4110 0.000940887024021006
4109 0.000934203218308372
4108 0.000927531812570135
4107 0.0009208732210691
4106 0.000914227853653295
4105 0.000914227853653295
4104 0.000914227853653295
4103 0.0009208732210691
4102 0.000927531812570135
4101 0.000934203218308372
4100 0.000947582811061593
4099 0.000961008632816879
4098 0.000981226510848768
4097 0.00100152877749191
4096 0.00102209707994184
4095 0.00104929722270621
4094 0.00106974736718765
4093 0.00109705581792217
4092 0.00112438231992601
4091 0.00115169392390761
4090 0.00117879744244973
4089 0.00120591053214316
4088 0.00123962998744955
4087 0.00125974329289928
4086 0.0012863913705636
4085 0.00131281209128966
4084 0.0013389686372827
4083 0.00135839038336322
4082 0.00138469392015496
4081 0.0013973969638353
4080 0.00141626948120403
4079 0.0014349094704792
4078 0.00144719914215118
4077 0.00145937377259272
4076 0.00147142870347292
4075 0.00148335929205286
4074 0.00148927651211182
4073 0.00149516091412874
4072 0.00149516091412874
4071 0.00150101192345878
4070 0.00150682896698515
4069 0.00151261147321172
4068 0.00151835887235576
4067 0.00152407059644068
4066 0.00152974607938877
4065 0.00153538475711397
4064 0.00154098606761455
4063 0.00155207434991274
4062 0.00155756020896232
4061 0.00156300647547612
4060 0.00156841259926245
4059 0.00156841259926245
4058 0.00157377803276849
4057 0.00157377803276849
4056 0.00157910223117217
4055 0.00157377803276849
4054 0.00157377803276849
4053 0.00157377803276849
4052 0.00156841259926245
4051 0.00156178334214825
4050 0.00155635381397848
4049 0.00155088477087634
4048 0.00153983034206374
4047 0.00153424606348183
4046 0.0015229661629265
4045 0.00151727166140617
4044 0.00150682896698515
4043 0.00149516091412874
4042 0.00148335929205286
4041 0.00147142870347292
4040 0.00145937377259272
4039 0.00144719914215118
4038 0.00144106839479448
4037 0.00142872295345213
4036 0.00141626948120403
4035 0.0014037126625735
4034 0.00139105718749054
4033 0.00137830774842513
4032 0.00137189925879023
4031 0.00135901767069848
4030 0.00135254574389487
4029 0.00133954255061567
4028 0.00133301245280073
4027 0.00132646413217885
4026 0.00132040097781885
4025 0.00132040097781885
4024 0.00131380079242191
4023 0.00131380079242191
4022 0.00131380079242191
4021 0.00130718416014897
4020 0.0013067156540646
4019 0.0013067156540646
4018 0.00131331515166517
4017 0.00131331515166517
4016 0.00131331515166517
4015 0.00131989817125786
4014 0.00132646413217885
4013 0.00133301245280073
4012 0.00133954255061567
4011 0.00133954255061567
4010 0.00134605384231927
4009 0.00135254574389487
4008 0.00135901767069848
4007 0.00136546903754422
4006 0.00136546903754422
4005 0.00137189925879023
4004 0.00137830774842513
4003 0.00137830774842513
4002 0.00138469392015496
4001 0.00139105718749054
4000 0.0013973969638353
3999 0.0013973969638353
3998 0.00140296048098167
3997 0.00140923367202079
3996 0.00141548162024501
3995 0.00142250942856906
3994 0.00142872295345213
3993 0.0014349094704792
3992 0.00144719914215118
3991 0.00145937377259272
3990 0.00147048112116871
3989 0.0014823765339901
3988 0.00149997671639763
3987 0.00151835887235576
3986 0.00153538475711397
3985 0.00155207434991274
3984 0.00156841259926245
3983 0.00158962475758821
3982 0.00160508583057446
3981 0.00162507601091614
3980 0.00163958208491161
3979 0.00165365593151007
3978 0.00166573241622541
3977 0.00167885963020097
3976 0.00168897296024918
3975 0.00169727884424461
3974 0.0017053681407049
3973 0.00171323736967902
3972 0.00172088313477276
3971 0.00172830212558943
3970 0.00173549112011662
3969 0.00174244698705648
3968 0.00175243705290461
3967 0.00175879701709484
3966 0.00176673101249531
3965 0.00177262077971699
3964 0.00177826114564239
3963 0.00178364960755529
3962 0.00178624862153996
3961 0.00179125476877504
3960 0.00179366134384559
3959 0.00179828015340631
3958 0.00179856397152871
3957 0.00180070315834458
3956 0.00180277685888029
3955 0.00180277685888029
3954 0.00180277685888029
3953 0.00180070315834458
3952 0.00179856397152871
3951 0.00179635953757773
3950 0.00178979226691289
3949 0.00178494717293933
3948 0.00177720221593285
3947 0.00176889138717528
3946 0.00176188591736742
3945 0.00174916668809741
3944 0.00173899838663501
3943 0.00172830212558943
3942 0.00171708839415453
3941 0.0017053681407049
3940 0.00169315275499572
3939 0.00168897296024918
3938 0.00167885963020097
3937 0.00167885963020097
3936 0.00167885963020097
3935 0.00168313157561451
3934 0.00169315275499572
3933 0.00170135078534299
3932 0.00171323736967902
3931 0.0017246211804406
3930 0.00173549112011662
3929 0.00174583654451564
3928 0.00175879701709484
3927 0.00176787985348109
3926 0.00177640618552329
3925 0.00178177702402478
3924 0.00178494717293933
3923 0.00179175592027108
3922 0.00179409010272995
3921 0.00179635953757773
3920 0.00179635953757773
3919 0.00179856397152871
3918 0.00179856397152871
3917 0.00179856397152871
3916 0.00179635953757773
3915 0.001794380264334
3914 0.001794380264334
3913 0.001794380264334
3912 0.001794380264334
3911 0.001794380264334
3910 0.00179635953757773
3909 0.00179635953757773
3908 0.00179856397152871
3907 0.00180070315834458
3906 0.00180277685888029
3905 0.0018047848411286
3904 0.00180672688026329
3903 0.00180860275868119
3902 0.00181215519931141
3901 0.00181544056816485
3900 0.00181698263452618
3899 0.00181986466385746
3898 0.00182247615305229
3897 0.00182481592500781
3896 0.00182688292413563
3895 0.00182781383744156
3894 0.00182946996584305
3893 0.00183085121905481
3892 0.00183143856741176
3891 0.00183240637548737
3890 0.00183278672571349
3889 0.00183334010334386
3888 0.00183351306811597
3887 0.00183566138839756
3886 0.00183569610113053
3885 0.00183566138839756
3884 0.00183351306811597
3883 0.00183334010334386
3882 0.00183309798007455
3881 0.00183278672571349
3880 0.00183240637548737
3879 0.00183195697243752
3878 0.00182933939061415
3877 0.00183085121905481
3876 0.00183019499379727
3875 0.00182946996584305
3874 0.00182658653850905
3873 0.00182572712207302
3872 0.00182479940649238
3871 0.00182380349630872
3870 0.00182380349630872
3869 0.00182060242576398
3868 0.00181947447228412
3867 0.00181947447228412
3866 0.00181947447228412
3865 0.00181947447228412
3864 0.00181947447228412
3863 0.00181947447228412
3862 0.00182160754850321
3861 0.00182273950370874
3860 0.00182273950370874
3859 0.00182273950370874
3858 0.00182380349630872
3857 0.00182380349630872
3856 0.00182380349630872
3855 0.00182479940649238
3854 0.00182380349630872
3853 0.00182380349630872
3852 0.0018216626553907
3851 0.0018216626553907
3850 0.00182060242576398
3849 0.00181947447228412
3848 0.00181947447228412
3847 0.00181701590794852
3846 0.00181780521924005
3845 0.00181493305750232
3844 0.00181339626662639
3843 0.00181012212718195
3842 0.00180658181347304
3841 0.00180077576688608
3840 0.00179657720916529
3839 0.00178979226691289
3838 0.00178242888334388
3837 0.00177720221593285
3836 0.00176889138717528
3835 0.00176002295088983
3834 0.001750605696601
3833 0.00173721178693965
3832 0.00172655097928891
3831 0.0017115358991969
3830 0.00169968829681854
3829 0.00168313157561451
3828 0.00166573241622541
3827 0.00165365593151007
3826 0.0016347940854336
3825 0.00161517188780571
3824 0.00159482201043464
3823 0.00157910223117217
3822 0.00155756020896232
3821 0.00154098606761455
3820 0.00151835887235576
3819 0.00150101192345878
3818 0.00148335929205286
3817 0.00146448655112937
3816 0.00145240656886831
3815 0.00144020932254086
3814 0.00142789945495517
3813 0.00141548162024501
3812 0.00140296048098167
3811 0.00139666263079665
3810 0.00139034070530451
3809 0.00139034070530451
3808 0.00139034070530451
3807 0.00139105718749054
3806 0.00139034070530451
3805 0.0013973969638353
3804 0.00140296048098167
3803 0.00140923367202079
3802 0.00142170374224397
3801 0.00143406817575345
3800 0.00144632231383678
3799 0.00146448655112937
3798 0.0014823765339901
3797 0.00149997671639763
3796 0.0015229661629265
3795 0.00154537676277644
3794 0.00156178334214825
3793 0.00158309539769881
3792 0.00160373191879035
3791 0.00162365908260501
3790 0.00164284392542037
3789 0.00165672611269195
3788 0.00167015958855069
3787 0.00168313157561451
3786 0.00169562966596981
3785 0.00170369249849693
3784 0.00170764184091898
3783 0.00170978386658633
3782 0.00170978386658633
3781 0.00170590298907273
3780 0.00170764184091898
3779 0.00169968829681854
3778 0.00169151704115806
3777 0.00168313157561451
3776 0.00167453548130181
3775 0.00166125443316596
3774 0.00165214793251933
3773 0.00163811907515048
3772 0.00162365908260501
3771 0.00160878151501797
3770 0.00159863798353721
3769 0.00158309539769881
3768 0.00157252166675342
3767 0.00156178334214825
3766 0.00155088477087634
3765 0.00153983034206374
3764 0.00153424606348183
3763 0.00152862448404103
3762 0.00152407059644068
3761 0.00152407059644068
3760 0.00152407059644068
3759 0.00152407059644068
3758 0.00152407059644068
3757 0.00152407059644068
3756 0.00152407059644068
3755 0.00152974607938877
3754 0.00153538475711397
3753 0.00154098606761455
3752 0.00154654945106584
3751 0.00155088477087634
3750 0.00156178334214825
3749 0.00156841259926245
3748 0.00157910223117217
3747 0.00158962475758821
3746 0.00159997587802912
3745 0.00160508583057446
3744 0.00161517188780571
3743 0.00162644977818542
3742 0.00163619783591977
3741 0.00164100065542825
3740 0.00164575532918168
3739 0.00165511824488482
3738 0.00165511824488482
3737 0.00165972549987428
3736 0.00166428263536117
3735 0.00166279178323791
3734 0.00166279178323791
3733 0.00165824885312554
3732 0.00165365593151007
3731 0.00164901350300409
3730 0.00163958208491161
3729 0.00163134737431473
3728 0.0016165152316823
3727 0.00160127280751348
3726 0.00158563429619835
3725 0.00156419184143155
3724 0.00154768578101486
3723 0.00152514058160955
3722 0.00150784856693177
3721 0.00148431101707436
3720 0.00146541649104904
3719 0.00144719914215118
3718 0.00142872295345213
3717 0.00141626948120403
3716 0.0014037126625735
3715 0.00139105718749054
3714 0.00138469392015496
3713 0.00137830774842513
3712 0.00137830774842513
3711 0.00137830774842513
3710 0.00137830774842513
3709 0.00138469392015496
3708 0.00138469392015496
3707 0.00139105718749054
3706 0.0013973969638353
3705 0.0014037126625735
3704 0.0014037126625735
3703 0.0014037126625735
3702 0.00140296048098167
3701 0.00140296048098167
3700 0.00139666263079665
3699 0.00138399528842534
3698 0.00137123631606453
3697 0.00135193626505152
3696 0.00133301245280073
3695 0.00131331515166517
3694 0.00128682408366899
3693 0.00126010632216008
3692 0.00122644608872844
3691 0.00119935151400951
3690 0.00117214758559698
3689 0.00113804207481493
3688 0.00111071885277515
3687 0.00107657101679556
3686 0.00104929722270621
3685 0.00102888852632513
3684 0.00100176369128312
3683 0.000981501414153498
3682 0.000961008632816879
3681 0.000947582811061593
3680 0.000934203218308372
3679 0.000927531812570135
3678 0.000920494514767535
3677 0.000914227853653295
3676 0.000907596115725884
3675 0.000907596115725884
3674 0.000914227853653295
3673 0.000914227853653295
3672 0.0009208732210691
3671 0.000927531812570135
3670 0.000941238594902373
3669 0.000954616672278956
3668 0.000974765239563762
3667 0.000987985152987502
3666 0.00100831285086581
3665 0.00102870857723153
3664 0.00104902375798328
3663 0.00107641187639989
3662 0.00109694683839995
3661 0.0011175741146515
3660 0.00113820013598065
3659 0.0011588106504131
3658 0.00117939116148604
3657 0.00119308757080905
3656 0.00120010172950912
3655 0.00121378973273694
3654 0.00122062248618846
3653 0.00122062248618846
3652 0.00121398497860465
3651 0.00120713017137707
3650 0.00119354473107789
3649 0.0011797634509344
3648 0.00115905717350333
3647 0.00113835694941859
3646 0.00112450059510496
3645 0.00110371481108731
3644 0.00108294016358913
3643 0.00106219061730535
3642 0.0010414798460581
3641 0.00101377406330113
3640 0.000986324654321554
3639 0.000959030025846792
3638 0.000931918906386478
3637 0.000905018888168544
3636 0.000884998348687127
3635 0.000865122144727832
3634 0.000858530612585428
3633 0.000845006218979869
3632 0.000845006218979869
3631 0.000838460764765797
3630 0.000838075267823667
3629 0.000831541320875973
3628 0.000831541320875973
3627 0.000831541320875973
3626 0.000831165796922901
3625 0.000824644256822721
3624 0.000824644256822721
3623 0.000824644256822721
3622 0.000824644256822721
3621 0.000824279777629114
3620 0.000817771527048171
3619 0.000817771527048171
3618 0.000810925044909219
3617 0.000797998746170457
3616 0.000791567206715975
3615 0.000778402953197321
3614 0.000772031791209755
3613 0.000765328560614264
3612 0.000758998140523925
3611 0.000765328560614264
3610 0.000764995714183235
3609 0.000771046690730351
3608 0.000770761805521861
3607 0.000776891018257553
3606 0.000783305615839428
3605 0.000783071605475527
3604 0.000783071605475527
3603 0.000789511818708226
3602 0.000795974025810912
3601 0.000808963116743472
3600 0.000822036216636302
3599 0.000841797357367179
3598 0.000855068292839805
3597 0.000861921869019402
3596 0.000861921869019402
3595 0.000861921869019402
3594 0.000848837601358838
3593 0.000829289230815012
3592 0.000809684682211562
3591 0.000790876347645822
3590 0.000784456102827574
3589 0.000778402953197321
3588 0.000778768968212475
3587 0.000778768968212475
3586 0.000772402902087893
3585 0.00077279498115971
3584 0.000766456677432117
3583 0.000760141036684162
3582 0.000760141036684162
3581 0.000753848357397735
3580 0.000747578932943414
3579 0.000741772970144555
3578 0.000741772970144555
3577 0.000729363156588671
3576 0.00072319453738923
3575 0.000704837028802907
3574 0.000686707400878924
3573 0.000668812198455005
3572 0.000645327135046307
3571 0.000628002078746705
3570 0.000605296856201545
3569 0.000588570199855883
3568 0.000577565433141191
3567 0.00056128070562867
3566 0.000550574064869428
3565 0.000534741314276129
3564 0.000514662713574128
3563 0.00049948094704923
3562 0.000484579251517232
3561 0.000469959432144419
3560 0.000455622951696285
3559 0.000441570938872495
3558 0.000427804196958206
3557 0.00041878510600201
3556 0.000414323212764423
3555 0.00041878510600201
3554 0.000423278769603519
3553 0.000423278769603519
3552 0.000427804196958206
3551 0.00042718427801993
3550 0.000422658655932952
3549 0.000418164870888107
3548 0.000404874577941302
3547 0.000396173576619167
3546 0.000387599840189795
3545 0.000379153227713211
3544 0.000379153227713211
3543 0.000383360654432116
3542 0.000391281883823375
3541 0.000404284947515744
3540 0.000408683098110668
3539 0.000413113159619125
3538 0.000413113159619125
3537 0.000408683098110668
3536 0.000408683098110668
3535 0.000412554108157688
3534 0.000417016101191806
3533 0.000421510071314365
3532 0.000426036014090084
3531 0.000426036014090084
3530 0.000430593921311195
3529 0.000430593921311195
3528 0.000430066176565987
3527 0.000434656292755517
3526 0.000439278409720156
3525 0.000448123139382197
3524 0.000457592033359419
3523 0.000466726407588268
3522 0.000481362254804689
3521 0.000485876147135963
3520 0.000490454398196359
3519 0.000490454398196359
3518 0.000494763649655824
3517 0.000494461569709679
3516 0.00049950275749591
3515 0.000504575693538519
3514 0.000509680303200373
3513 0.000514816507369121
3512 0.000519984222424303
3511 0.000525183360205012
3510 0.000530413827978119
3509 0.000541262880011715
3508 0.000546585676286458
3507 0.000557323756189364
3506 0.000568503019304945
3505 0.000579482209687279
3504 0.000590581583810176
3503 0.000596175973138141
3502 0.000596175973138141
3501 0.000596175973138141
3500 0.000585016945887013
3499 0.000573977520639318
3498 0.000557645117839146
3497 0.000541587910485974
3496 0.000525480791127511
3495 0.00050998025123092
3494 0.000494763649655824
3493 0.000484474715279871
3492 0.000474615639124969
3491 0.000464884780709938
3490 0.000450529694959974
3489 0.000436464889564318
3488 0.000418471737995446
3487 0.000400688866233107
3486 0.000383422892824734
3485 0.000358490150251624
3484 0.000334709520428674
3483 0.000308405292731963
3482 0.000287074467773543
3481 0.000266844934956583
3480 0.000250811770930371
3479 0.000238514562615952
3478 0.000232267884190328
3477 0.000229324667184274
3476 0.000235239715021066
3475 0.00024126974924372
3474 0.000253678929218599
3473 0.0002632952179363
3472 0.000273467105002163
3471 0.000280209998600992
3470 0.000287074467773543
3469 0.000290552549509783
3468 0.000293768683743437
3467 0.000300876955050326
3466 0.000304477547308976
3465 0.000304772791903968
3464 0.000308405292731963
3463 0.000308405292731963
3462 0.000308405292731963
3461 0.000304772791903968
3460 0.000301171356929476
3459 0.000294061328023517
3458 0.000287074467773543
3457 0.000276823407266748
3456 0.000267159396741599
3455 0.000254268734629188
3454 0.000239509286750925
3453 0.000225142798661714
3452 0.000214245024484714
3451 0.000201147426773349
3450 0.000190811187667053
3449 0.000178898651429308
3448 0.000169914895215931
3447 0.000161329222887841
3446 0.000152671335550238
3445 0.000144834061564031
3444 0.000136904142585851
3443 0.000131634084817584
3442 0.000124304191874252
3441 0.00011902788714623
3440 0.000116047029100101
3439 0.000111065271435579
3438 0.00010944427983887
3437 0.00010784281200408
3436 0.000108278458246419
3435 0.000108278458246419
3434 0.000109883605782609
3433 0.000111508280748279
3432 0.000113152646589685
3431 0.000116975397995506
3430 0.000120412273025256
3429 0.000123931187906163
3428 0.000127533449067497
3427 0.000133626390259177
3426 0.000137450674705428
3425 0.000141362844045204
3424 0.000145940774041656
3423 0.000150040727433526
3422 0.000152125012397813
3421 0.000154232381308919
3420 0.000156362992435384
3419 0.000156362992435384
3418 0.000158517003563268
3417 0.000158517003563268
3416 0.000156362992435384
3415 0.000156362992435384
3414 0.000154232381308919
3413 0.000154848130670222
3412 0.000152736578284371
3411 0.000150648097752924
3410 0.000146539720137349
3409 0.000144519505948589
3408 0.000142521729464229
3407 0.000138592851430263
3406 0.000136661430036334
3405 0.000132863820914804
3404 0.00012915211869637
3403 0.000126771718009967
3402 0.00012319502893107
3401 0.000119701027703623
3400 0.000116288417792202
3399 0.000112955902891242
3398 0.000109702187696444
3397 0.000106525978653368
3396 0.000103425984683221
3395 0.00010088889923221
3394 9.79290122961565e-05
3393 9.50415226098764e-05
3392 9.36245295494104e-05
3391 9.13193754275065e-05
3390 8.8598717191838e-05
3389 8.59460839149316e-05
3388 8.46448874633429e-05
3387 8.209196059796e-05
3386 7.96039616891135e-05
3385 7.83839271054943e-05
3384 7.59910261514664e-05
3383 7.48178568505465e-05
3382 7.25173276459464e-05
3381 7.13896683659913e-05
3380 6.91788166818896e-05
3379 6.80953286920403e-05
3378 6.63746989400698e-05
3377 6.42991942440282e-05
3376 6.26802069187462e-05
3375 6.16864679400978e-05
3374 5.97392414330662e-05
3373 5.78447501290028e-05
3372 5.60018844642557e-05
3371 5.33319871181582e-05
3370 5.16134123374143e-05
3369 4.91249215573821e-05
3368 4.75239786771322e-05
3367 4.52070598423791e-05
3366 4.37172968136308e-05
3365 4.15624311582192e-05
3364 3.9500363311263e-05
3363 3.78894038089178e-05
3362 3.62610380137676e-05
3361 3.50316964961734e-05
3360 3.32559732611831e-05
3359 3.21163894110903e-05
3358 3.10111744439669e-05
3357 2.99394735143725e-05
3356 2.89004463440406e-05
3355 2.78932672169478e-05
3354 2.74013666116052e-05
3353 2.64404431459177e-05
3352 2.57543719547141e-05
3351 2.52953595655678e-05
3350 2.48435884119553e-05
3349 2.43989630327691e-05
3348 2.35307722672768e-05
3347 2.3107020466687e-05
3346 2.26900416075828e-05
3345 2.22797447236722e-05
3344 2.18760397406202e-05
3343 2.1478837473423e-05
3342 2.12750768082749e-05
3341 2.05073132767139e-05
3340 2.01327452310422e-05
3339 1.94018121866924e-05
3338 1.86945941264416e-05
3337 1.80104362050397e-05
3336 1.73486972442693e-05
3335 1.67087496127607e-05
3334 1.60899791001785e-05
3333 1.54917847861005e-05
3332 1.49135789038994e-05
3331 1.42244930363151e-05
3330 1.36896280604888e-05
3329 1.31728909677957e-05
3328 1.26737501809909e-05
3327 1.23225379584041e-05
3326 1.16245343031628e-05
3325 1.11792053873915e-05
3324 1.07493216509281e-05
3323 1.03344158455213e-05
3322 1.01324367685843e-05
3301 1.00201896820285e-05
3300 1.04242379840654e-05
3299 1.063173098022e-05
3298 1.10579405011205e-05
3297 1.12767735011419e-05
3296 1.17261925823677e-05
3295 1.18328067562834e-05
3294 1.20656970672449e-05
3293 1.25438988244191e-05
3292 1.303908491821e-05
3291 1.35517733972544e-05
3290 1.40824946393703e-05
3289 1.49135789038994e-05
3288 1.57883469604048e-05
3287 1.67087496127607e-05
3286 1.76768038975927e-05
3285 1.86945941264416e-05
3284 1.97642728709926e-05
3283 2.08880618860084e-05
3282 2.16684446673269e-05
3281 2.20682529644475e-05
3280 2.24745900812851e-05
3279 2.28875452826332e-05
3278 2.28875452826332e-05
3277 2.28875452826332e-05
3276 2.24745900812851e-05
3275 2.16684446673269e-05
3274 2.12750768082749e-05
3273 2.01327452310422e-05
3272 1.94018121866924e-05
3271 1.86945941264416e-05
3270 1.76768038975927e-05
3269 1.73486972442693e-05
3268 1.67087496127607e-05
3267 1.6396755084041e-05
3266 1.57883469604048e-05
3265 1.54917847861005e-05
3264 1.52002195164289e-05
3263 1.52002195164289e-05
3262 1.49135789038994e-05
3261 1.46317915098619e-05
3260 1.4354786699935e-05
3259 1.40824946393703e-05
3258 1.38148462883549e-05
3257 1.35517733972544e-05
3256 1.32932085017981e-05
3255 1.27893367382857e-05
3254 1.21796602030829e-05
3253 1.17134419867091e-05
3252 1.11582350426574e-05
3251 1.0727998856934e-05
3250 1.03127948350378e-05
