-691710.658957183 4458567.75751303
5026 1.03437492051112e-05
5025 1.07934479738961e-05
5024 1.11254572332678e-05
5023 1.14667127925454e-05
5022 1.18174398692588e-05
5021 1.21778681482078e-05
5020 1.2548231839497e-05
5019 1.23988789340666e-05
5018 1.22511384784571e-05
5017 1.21049952197858e-05
5016 1.19604340227941e-05
5015 1.18174398692588e-05
5014 1.11254572332678e-05
5013 1.04704642060061e-05
4976 1.01562894720178e-05
4975 1.11254572332678e-05
4974 1.21778681482078e-05
4973 1.29287697364084e-05
4972 1.37213465819208e-05
4971 1.45576028800255e-05
4970 1.54396198204434e-05
4969 1.63695573890811e-05
4968 1.68531933877372e-05
4967 1.78592385978354e-05
4966 1.83822389496502e-05
4965 1.98952325514627e-05
4964 2.1059157026281e-05
4963 2.16636851967497e-05
4962 2.35715359709524e-05
4961 2.49254392305798e-05
4960 2.63482685886134e-05
4959 2.86182341982471e-05
4958 3.02265031254306e-05
4957 3.27893174309061e-05
4956 3.4602960855039e-05
4955 3.65046737547208e-05
4954 3.84979856410852e-05
4953 4.05865247007679e-05
4952 4.27740181849305e-05
4951 4.39060647523068e-05
4950 4.50642926488789e-05
4949 4.50642926488789e-05
4948 4.62491957237485e-05
4947 4.62491957237485e-05
4946 4.50642926488789e-05
4945 4.50642926488789e-05
4944 4.39060647523068e-05
4943 4.27740181849305e-05
4942 4.05865247007679e-05
4941 3.95301211464474e-05
4940 3.84979856410852e-05
4939 3.65046737547208e-05
4938 3.55425903331549e-05
4937 3.4602960855039e-05
4936 3.27893174309061e-05
4935 3.19144456538654e-05
4934 3.10603121167598e-05
4933 3.02265031254306e-05
4932 2.88395383172352e-05
4931 2.88395383172352e-05
4930 2.80568192547241e-05
4929 2.72930433656285e-05
4928 2.72930433656285e-05
4927 2.65478219459326e-05
4926 2.7086449702758e-05
4925 2.7086449702758e-05
4924 2.63482685886134e-05
4923 2.63482685886134e-05
4922 2.63482685886134e-05
4921 2.63482685886134e-05
4920 2.63482685886134e-05
4919 2.63482685886134e-05
4918 2.63482685886134e-05
4917 2.7086449702758e-05
4916 2.7086449702758e-05
4915 2.7086449702758e-05
4914 2.65478219459326e-05
4913 2.72930433656285e-05
4912 2.72930433656285e-05
4911 2.72930433656285e-05
4910 2.80568192547241e-05
4909 2.80568192547241e-05
4908 2.80568192547241e-05
4907 2.88395383172352e-05
4906 2.88395383172352e-05
4905 2.88395383172352e-05
4904 2.88395383172352e-05
4903 2.88395383172352e-05
4902 2.80568192547241e-05
4901 2.80568192547241e-05
4900 2.80568192547241e-05
4899 2.72930433656285e-05
4898 2.72930433656285e-05
4897 2.65478219459326e-05
4896 2.65478219459326e-05
4895 2.58207722622835e-05
4894 2.58207722622835e-05
4893 2.58207722622835e-05
4892 2.51115175162102e-05
4891 2.51115175162102e-05
4890 2.56280557702711e-05
4889 2.56280557702711e-05
4888 2.63482685886134e-05
4887 2.63482685886134e-05
4886 2.7086449702758e-05
4885 2.78429769849886e-05
4884 2.86182341982471e-05
4883 2.94126110301495e-05
4882 2.96415952620718e-05
4881 3.13053318529047e-05
4880 3.21678312263895e-05
4879 3.39561873435856e-05
4878 3.58318854369091e-05
4877 3.77984508751603e-05
4876 3.88169377778319e-05
4875 4.20187842702597e-05
4874 4.42801031811714e-05
4873 4.74612740336809e-05
4872 5.12656538959989e-05
4871 5.53332068870295e-05
4870 5.81982563580638e-05
4869 6.17466716177139e-05
4868 6.65364106541483e-05
4867 7.16433337028215e-05
4866 7.70837447018904e-05
4865 8.28744049990299e-05
4864 9.11699080354487e-05
4863 9.78454280940334e-05
4862 0.000104930117588623
4861 0.000115044869727579
4860 0.000123156767225769
4859 0.00013174068131864
4858 0.000143953757710826
4857 0.000153714923281675
4856 0.000164013524064085
4855 0.000178615344184128
4854 0.000190245237755382
4853 0.000202478737660177
4852 0.000215335511234034
4851 0.000228835019924724
4850 0.000242996445358555
4849 0.000257838611836998
4848 0.000273379905403254
4847 0.000289638189645895
4846 0.000306630718434751
4845 0.00032437404581285
4844 0.000340404206209218
4843 0.000359651021544735
4842 0.000382261899970718
4841 0.000400554017180392
4840 0.000432293371635434
4839 0.000455116749526751
4838 0.000486858485347993
4837 0.000511656373208713
4836 0.000546051387963597
4835 0.000581973278198321
4834 0.000619422496703017
4833 0.000658393153607389
4832 0.000698872641173265
4831 0.000740841281385219
4830 0.000784272000708142
4829 0.000840562736339766
4828 0.00088477857106525
4827 0.000935044788344373
4826 0.000984204069994766
4825 0.00103455194339808
4824 0.00108601005583111
4823 0.00113849150343527
4822 0.00117846708012768
4821 0.00123250475967819
4820 0.0012735255679372
4819 0.00130108013048344
4818 0.00134268491409251
4817 0.00137058030371148
4816 0.00141262065659508
4815 0.00144075432031792
4814 0.00146895302831273
4813 0.00148307118919855
4812 0.00151118510789244
4811 0.00152539204017239
4810 0.00155375824460911
4809 0.00156789846884282
4808 0.00159616254658856
4807 0.00161028150994195
4806 0.00163848091375368
4805 0.00165255634968358
4804 0.00168064604704601
4803 0.00170863713079249
4802 0.00172258924271504
4801 0.00175039358449033
4800 0.00177804724013673
4799 0.00180552904096597
4798 0.00183281766262303
4797 0.0018463828313597
4796 0.00187509967408203
4795 0.00190196631751325
4794 0.00192856454619732
4793 0.00195487246458739
4792 0.00198086817170161
4791 0.00200652979091689
4790 0.00201922849519246
4789 0.00204434809145762
4788 0.00206907921344942
4787 0.00208129235560613
4786 0.00210540040549459
4785 0.00212906641448959
4784 0.00214072705442869
4783 0.0021522692938756
4782 0.00216369053443813
4781 0.002186159710911
4780 0.002186159710911
4779 0.00219720253850355
4778 0.00220811415250104
4777 0.00220811415250104
4776 0.00221889204875156
4775 0.00221889204875156
4774 0.00221889204875156
4773 0.00220811415250104
4772 0.00220811415250104
4771 0.00219720253850355
4770 0.00218250006947388
4769 0.00217140069203235
4768 0.00214882764975383
4767 0.0021373590753601
4766 0.00211407067407062
4765 0.00207829896294557
4764 0.00204158347050688
4763 0.00201661760658796
4762 0.00196560923189642
4761 0.00192649597375936
4760 0.00187334142609442
4759 0.00183281766262303
4758 0.00177804724013673
4757 0.00172258924271504
4756 0.00166661224254877
4755 0.00161028150994195
4754 0.00156789846884282
4753 0.00151133373703771
4752 0.00145484665438378
4751 0.00139858370445329
4750 0.00135661807096638
4749 0.00131593672855223
4748 0.00127471784205204
4747 0.00123385848304077
4746 0.00119340779051334
4745 0.00116669083420903
4744 0.00113849150343527
4743 0.00111212862717559
4742 0.00109903806210396
4741 0.00109903806210396
4740 0.00108601005583111
4739 0.00109903806210396
4738 0.00109903806210396
4737 0.00111212862717559
4736 0.00112528027673389
4735 0.00113682400246926
4734 0.00116350971519047
4733 0.00119190088587638
4732 0.00121892144404323
4731 0.00123250475967819
4730 0.0012598086345266
4729 0.00128728336320927
4728 0.00131491394965981
4727 0.00134268491409251
4726 0.00135661807096638
4725 0.001384569546247
4724 0.00139858370445329
4723 0.00141262065659508
4722 0.00141262065659508
4721 0.00142667825376082
4720 0.00144075432031792
4719 0.00144075432031792
4718 0.00145484665438378
4717 0.00145484665438378
4716 0.00145484665438378
4715 0.00146895302831273
4714 0.00146895302831273
4713 0.00146895302831273
4712 0.00146895302831273
4711 0.00148307118919855
4710 0.00148307118919855
4709 0.00148307118919855
4708 0.00149719885939265
4707 0.00151133373703771
4706 0.00152547349661661
4705 0.00153961578951671
4704 0.00155375824460911
4703 0.00156789846884282
4702 0.00159616254658856
4701 0.00162438846340953
4700 0.00165255634968358
4699 0.00168064604704601
4698 0.00172258924271504
4697 0.00175146246067818
4696 0.00177926761853743
4695 0.0018206485221862
4694 0.00184798647663668
4693 0.00187509967408203
4692 0.00190005302556863
4691 0.00192649597375936
4690 0.00195264858312292
4689 0.00196560923189642
4688 0.00197848916359506
4687 0.00199128567139108
4686 0.00199128567139108
4685 0.00199128567139108
4684 0.00199128567139108
4683 0.00197848916359506
4682 0.00196560923189642
4681 0.00195264858312292
4680 0.00192649597375936
4679 0.00190005302556863
4678 0.00187334142609442
4677 0.0018463828313597
4676 0.00181919883732202
4675 0.00177677571463
4674 0.00174927749238418
4673 0.00170775165536962
4672 0.00167991235978028
4671 0.00163797153337686
4670 0.00160991917080215
4669 0.00156775254339617
4668 0.00153961115103617
4667 0.00151146782452974
4666 0.00148307118919855
4665 0.00145484665438378
4664 0.00144075432031792
4663 0.00141262065659508
4662 0.00139858370445329
4661 0.00139858370445329
4660 0.001384569546247
4659 0.00138529267717954
4658 0.00139924443400305
4657 0.00141321818991413
4656 0.00142721180939934
4655 0.00145484665438378
4654 0.00148334130375345
4653 0.00152553855002975
4652 0.00156775254339617
4651 0.00160991917080215
4650 0.00165197267893548
4649 0.00169384583116047
4648 0.00174927749238418
4647 0.00177677571463
4646 0.00181769210288717
4645 0.00184471820409111
4644 0.00187151827086783
4643 0.00189807091274552
4642 0.00191124774864106
4641 0.00192435468287185
4640 0.00192435468287185
4639 0.00192435468287185
4638 0.00192649597375936
4637 0.00191330943614489
4636 0.00190005302556863
4635 0.0018867294526649
4634 0.0018867294526649
4633 0.00187151827086783
4632 0.00185814782703905
4631 0.00185814782703905
4630 0.00185814782703905
4629 0.00185814782703905
4628 0.00185814782703905
4627 0.00187151827086783
4626 0.00188482685935377
4625 0.00189807091274552
4624 0.00191124774864106
4623 0.00193738903039403
4622 0.00195034810618609
4621 0.00197602970803381
4620 0.00200137804317214
4619 0.00202637172511221
4618 0.00206315071516783
4617 0.00208716485171107
4616 0.00211075037462009
4615 0.00213388653114148
4614 0.00216770336508847
4613 0.0021896268541468
4612 0.00220039481021943
4611 0.00222153089792073
4610 0.00222764506276409
4609 0.00223779716446966
4608 0.00224780798865046
4607 0.00224780798865046
4606 0.00224780798865046
4605 0.00223779716446966
4604 0.00224211781098067
4603 0.00223189419546958
4602 0.00222153089792073
4601 0.00220039481021943
4600 0.0021896268541468
4599 0.00217484779862292
4598 0.0021528232985565
4597 0.00214162679752002
4596 0.00211887778185763
4595 0.00210733031225625
4594 0.00209567092358505
4593 0.00208390217510553
4592 0.00208716485171107
4591 0.00207521005518583
4590 0.00207521005518583
4589 0.00207521005518583
4588 0.00208716485171107
4587 0.00208716485171107
4586 0.00209901249180495
4585 0.00211075037462009
4584 0.00212237591234382
4583 0.00214882764975383
4582 0.00217140069203235
4581 0.00219347132146323
4580 0.00221103030088753
4579 0.00223189419546958
4578 0.00226213658760814
4577 0.00228156866771088
4576 0.00230957719753208
4575 0.00232746422878065
4574 0.00235307446795111
4573 0.00237717174017452
4572 0.00239970400582529
4571 0.00242062227156509
4570 0.00243988076773018
4569 0.0024574371151204
4568 0.00246817638119809
4567 0.00247209625482148
4566 0.00247674120769186
4565 0.00248281133370452
4564 0.00248281133370452
4563 0.00248281133370452
4562 0.00248281133370452
4561 0.00248281133370452
4560 0.0024781312006266
4559 0.00247325248033952
4558 0.00246817638119809
4557 0.00246290415873042
4556 0.00245155718889478
4555 0.00244593892241802
4554 0.00244012994123143
4553 0.00243413166637578
4552 0.00243413166637578
4551 0.00243988076773018
4550 0.00243988076773018
4549 0.00243413166637578
4548 0.00242794556277697
4547 0.00242794556277697
4546 0.00242157313864998
4545 0.00242157313864998
4544 0.0024150159448861
4543 0.00241383174313807
4542 0.00240685842260493
4541 0.00239970400582529
4540 0.00239970400582529
4539 0.00239237022917858
4538 0.00239237022917858
4537 0.00239237022917858
4536 0.00239237022917858
4535 0.00239970400582529
4534 0.00240685842260493
4533 0.00242062227156509
4532 0.00243364837536814
4531 0.00244592400325393
4530 0.00245698336408534
4529 0.00247209625482148
4528 0.00248543515036615
4527 0.00250041011196434
4526 0.00251453107121803
4525 0.00252209482877239
4524 0.00252683372661725
4523 0.00253275505041284
4522 0.00252692104492189
4521 0.00251582068796723
4520 0.00249952350528738
4519 0.00248281133370452
4518 0.0024574371151204
4517 0.00243364837536814
4516 0.00239970400582529
4515 0.00237717174017452
4514 0.00234470317493254
4513 0.00231860067755308
4512 0.0023003959214888
4511 0.00228156866771088
4510 0.00226213658760814
4509 0.00225219938610629
4508 0.00223189419546958
4507 0.00222153089792073
4506 0.00222153089792073
4505 0.00221103030088753
4504 0.00220039481021943
4503 0.00220039481021943
4502 0.00220039481021943
4501 0.0021896268541468
4500 0.0021896268541468
4499 0.0021896268541468
4498 0.0021896268541468
4497 0.00220039481021943
4496 0.00220039481021943
4495 0.00220431195016299
4494 0.00220431195016299
4493 0.00220431195016299
4492 0.00221501947839063
4491 0.00221501947839063
4490 0.00222559145055754
4489 0.00223189419546958
4488 0.00224211781098067
4487 0.00225219938610629
4486 0.00227192710825457
4485 0.00229105901342227
4484 0.00230957719753208
4483 0.00232746422878065
4482 0.00234470317493254
4481 0.00236127762998925
4480 0.00237717174017452
4479 0.00239237022917858
4478 0.00240685842260493
4477 0.00241383174313807
4476 0.00242722835323319
4475 0.00243364837536814
4474 0.00243988076773018
4473 0.00244592400325393
4472 0.00244592400325393
4471 0.00245177659867175
4470 0.0024574371151204
4469 0.00246290415873042
4468 0.00246817638119809
4467 0.0024781312006266
4466 0.00248729171889048
4465 0.00249564884407441
4464 0.00250666019839517
4463 0.00251297420059846
4462 0.0025184591991969
4461 0.00252310970168583
4460 0.00252512052703747
4459 0.00252692104492189
4458 0.00252851080331233
4457 0.00252988940291512
4456 0.00252851080331233
4455 0.00252851080331233
4454 0.00252512052703747
4453 0.00252310970168583
4452 0.0025184591991969
4451 0.00250992044951028
4450 0.00249952350528738
4449 0.00248729171889048
4448 0.00246817638119809
4447 0.00244592400325393
4446 0.0024260818449784
4445 0.00239762611932264
4444 0.002366311289897
4443 0.00233225853998609
4442 0.00230500040027508
4441 0.00227633365378039
4440 0.00224211781098067
4439 0.00222559145055754
4438 0.00220431195016299
4437 0.00219347132146323
4436 0.00218250006947388
4435 0.00218250006947388
4434 0.00218250006947388
4433 0.00217872888236074
4432 0.00217872888236074
4431 0.0021896268541468
4430 0.00220431195016299
4429 0.00222559145055754
4428 0.00222559145055754
4427 0.0022360254336037
4426 0.0022360254336037
4425 0.00222559145055754
4424 0.00219347132146323
4423 0.00216017570668766
4422 0.00211407067407062
4421 0.00205392241306015
4420 0.00197848916359506
4419 0.0018867294526649
4418 0.00180552904096597
4417 0.00170863713079249
4416 0.00162438846340953
4415 0.00153961578951671
4414 0.00146895302831273
4413 0.00139858370445329
4412 0.00132878287072452
4411 0.0012735255679372
4410 0.00121892144404323
4409 0.00116508649447379
4408 0.00111212862717559
4407 0.00107304604953248
4406 0.00102392909968807
4405 0.000986382365496015
4404 0.000949495571780584
4403 0.000925285903166601
4402 0.000901391114034448
4401 0.000889564222414256
4400 0.000877818893278289
4399 0.000863684852079536
4398 0.000852081267728674
4397 0.000852081267728674
4396 0.000852081267728674
4395 0.000852081267728674
4394 0.000852081267728674
4393 0.000852081267728674
4392 0.000854576409694448
4391 0.000852081267728674
4390 0.000852081267728674
4389 0.000852081267728674
4388 0.000852081267728674
4387 0.000840562736339766
4386 0.000840562736339766
4385 0.000840562736339766
4384 0.000831670316091137
4383 0.000831670316091137
4382 0.000831670316091137
4381 0.000820345354624284
4380 0.000820345354624284
4379 0.000820345354624284
4378 0.000820345354624284
4377 0.000820345354624284
4376 0.000820345354624284
4375 0.000820345354624284
4374 0.000831670316091137
4373 0.000843080918372706
4372 0.000854576409694448
4371 0.000866156006499172
4370 0.000877818893278289
4369 0.000901391114034448
4368 0.000925285903166601
4367 0.000949495571780584
4366 0.000974011907548619
4365 0.000986382365496015
4364 0.000998826172174815
4363 0.00101134215283537
4362 0.00102392909968807
4361 0.00101134215283537
4360 0.000998826172174815
4359 0.000986382365496015
4358 0.000974011907548619
4357 0.000949495571780584
4356 0.00091329865587668
4355 0.00089203695041509
4354 0.000868681550667216
4353 0.000845655382834111
4352 0.000811747380923631
4351 0.000789571349296162
4350 0.00076774488544451
4349 0.000746272690335288
4348 0.000735670781050205
4347 0.000714737754711344
4346 0.000694168665331386
4345 0.000684021569511585
4344 0.000673966568285158
4343 0.000664003973267046
4342 0.000661164150299546
4341 0.000661164150299546
4340 0.000661164150299546
4339 0.000661164150299546
4338 0.000671135261610338
4337 0.000681199622626629
4336 0.000691356931195248
4335 0.000701606857088612
4334 0.000722383097732479
4333 0.00074352512977022
4332 0.000754232185200736
4331 0.000775915850363898
4330 0.000797955203408603
4329 0.000820345354624284
4328 0.000843080918372706
4327 0.000854576409694448
4326 0.000877818893278289
4325 0.000887143904185365
4324 0.000910933016312261
4323 0.000922949052920167
4322 0.000935044788344373
4321 0.000947219215085589
4320 0.000947219215085589
4319 0.000961715940062353
4318 0.000961715940062353
4317 0.000961715940062353
4316 0.000959471292460336
4315 0.000949495571780584
4314 0.000949495571780584
4313 0.000949495571780584
4312 0.000937351878507196
4311 0.000937351878507196
4310 0.000937351878507196
4309 0.000937351878507196
4308 0.000937351878507196
4307 0.000937351878507196
4306 0.000937351878507196
4305 0.000937351878507196
4304 0.000937351878507196
4303 0.000925285903166601
4302 0.00091329865587668
4301 0.000901391114034448
4300 0.000877818893278289
4299 0.000854576409694448
4298 0.000831670316091137
4297 0.000797955203408603
4296 0.000762375870406855
4295 0.000740841281385219
4294 0.000701606857088612
4293 0.000671135261610338
4292 0.000641502746927031
4291 0.00062221728035527
4290 0.000593996996367616
4289 0.000575656759420915
4288 0.000546051387963597
4287 0.000528663286553412
4286 0.000511656373208713
4285 0.00050329556854453
4284 0.000486858485347993
4283 0.000486858485347993
4282 0.0004787818321726
4281 0.0004787818321726
4280 0.0004787818321726
4279 0.0004787818321726
4278 0.000486858485347993
4277 0.000495029664891973
4276 0.00050329556854453
4275 0.000511656373208713
4274 0.000528663286553412
4273 0.000540113835113174
4272 0.000548857378340783
4271 0.000566628820282442
4270 0.000575656759420915
4269 0.000584779498029414
4268 0.000593996996367616
4267 0.000593996996367616
4266 0.000603309190041477
4265 0.000603309190041477
4264 0.00061271598963641
4263 0.00061271598963641
4262 0.00061271598963641
4261 0.00061271598963641
4260 0.00061271598963641
4259 0.000603309190041477
4258 0.000603309190041477
4257 0.000593996996367616
4256 0.000593996996367616
4255 0.000584779498029414
4254 0.000575656759420915
4253 0.000566628820282442
4252 0.00055769569607197
4251 0.000548857378340783
4250 0.000540113835113174
4249 0.000531465011269933
4248 0.000514451187867556
4247 0.000506085965851778
4246 0.000489638182632321
4245 0.000473566077216446
4244 0.000450158448967827
4243 0.000435017296830982
4242 0.000410303229117319
4241 0.000389136433439824
4240 0.000368781778306009
4239 0.000349226840714136
4238 0.000330458081259194
4237 0.000314935206873665
4236 0.000297641260583383
4235 0.000286522669579403
4234 0.000268120679041207
4233 0.000260127515924577
4232 0.000250116466062492
4231 0.000240410038876516
4230 0.000231002796910289
4229 0.000221889219476643
4228 0.000213063713173582
4227 0.000204520622106637
4226 0.000196254237809026
4225 0.000188258808852067
4224 0.000180528550139339
4223 0.000174990610496229
4222 0.000167728992710615
4221 0.000164191429852272
4220 0.000157299186496758
4219 0.000153943062560789
4218 0.000147407205489518
4217 0.000142491901169762
4216 0.000141101740197596
4215 0.000141101740197596
4214 0.000138033610596728
4213 0.000138033610596728
4212 0.000141101740197596
4211 0.000144226032995393
4210 0.000147407205489518
4209 0.000148867812701
4208 0.000155476859064429
4207 0.000162324858973959
4206 0.000169417642740416
4205 0.000180528550139339
4204 0.000192223014799131
4203 0.000200353200179513
4202 0.000213063713173582
4201 0.000226409648131513
4200 0.00023348101105423
4199 0.000247867278525532
4198 0.000257838611836998
4197 0.000273379905403254
4196 0.000284138017357718
4195 0.000289638189645895
4194 0.000303323165827672
4193 0.000309087616991312
4192 0.000314935206873665
4191 0.000314935206873665
4190 0.000312460943271967
4189 0.000312460943271967
4188 0.000306630718434751
4187 0.000303323165827672
4186 0.000289638189645895
4185 0.000278718802411232
4184 0.000273379905403254
4183 0.000262940468510335
4182 0.000252814440247956
4181 0.000242996445358555
4180 0.000238201253689003
4179 0.000228835019924724
4178 0.000224262578037293
4177 0.000224262578037293
4176 0.000219762978723607
4175 0.000219762978723607
4174 0.000219762978723607
4173 0.000224262578037293
4172 0.000224262578037293
4171 0.000228835019924724
4170 0.00023348101105423
4169 0.000242996445358555
4168 0.000247867278525532
4167 0.000257838611836998
4166 0.000268120679041207
4165 0.000273379905403254
4164 0.000278718802411232
4163 0.000278718802411232
4162 0.000281084752275357
4161 0.000275726918547685
4160 0.000270448531888353
4159 0.000255083576862617
4158 0.000240410038876516
4157 0.000221889219476643
4156 0.000204520622106637
4155 0.000188258808852067
4154 0.000169417642740416
4153 0.000152142830716246
4152 0.000136343324498851
4151 0.00012192865853611
4150 0.000106333540424585
4149 9.4654040010236e-05
4148 8.40809414102146e-05
4147 7.34189313499768e-05
4146 6.65364106541483e-05
4145 6.0217827111082e-05
4144 5.4425846633371e-05
4143 4.91246770282615e-05
4142 4.545025194911e-05
4141 4.20187842702597e-05
4140 3.98595087384311e-05
4139 3.77984508751603e-05
4138 3.68035855133996e-05
4137 3.58318854369091e-05
4136 3.58318854369091e-05
4135 3.58318854369091e-05
4134 3.58318854369091e-05
4133 3.68035855133996e-05
4132 3.77984508751603e-05
4131 3.88169377778319e-05
4130 4.09266325460658e-05
4129 4.20187842702597e-05
4128 4.42801031811714e-05
4127 4.66473917948708e-05
4126 4.78720292264739e-05
4125 5.0405854250559e-05
4124 5.30559044051825e-05
4123 5.67500327457849e-05
4122 5.96784329964197e-05
4121 6.11911239393584e-05
4120 6.43163236519065e-05
4119 6.75784643148749e-05
4118 7.09822480479268e-05
4117 7.27387505681778e-05
4116 7.63640151474971e-05
4115 7.82340090547677e-05
4114 8.09042153596906e-05
4113 8.28744049990299e-05
4112 8.61110175460944e-05
4111 8.81827133783444e-05
4110 8.90325153482049e-05
4109 9.11699080354487e-05
4108 9.33507454377226e-05
4107 9.55756948197856e-05
4106 9.78454280940334e-05
4105 9.78454280940334e-05
4104 9.78454280940334e-05
4103 9.55756948197856e-05
4102 9.33507454377226e-05
4101 9.11699080354487e-05
4100 8.69379048725771e-05
4099 8.28744049990299e-05
4098 7.70837447018904e-05
4097 7.16433337028215e-05
4096 6.75784643148749e-05
4095 6.11911239393584e-05
4094 5.67500327457849e-05
4093 5.12656538959989e-05
4092 4.62491957237485e-05
4091 4.16676653092725e-05
4090 3.82046376822521e-05
4089 3.43464745340357e-05
4088 3.00105885920377e-05
4087 2.76487256984873e-05
4086 2.47572266968339e-05
4085 2.21385478906067e-05
4084 1.97704490417354e-05
4083 1.81462392920114e-05
4082 1.579517401692e-05
4081 1.48971803479361e-05
4080 1.36364217600715e-05
4079 1.24729449394771e-05
4078 1.17480548231578e-05
4077 1.10615821379896e-05
4076 1.04117290396284e-05
4041 1.04117290396284e-05
4040 1.10615821379896e-05
4039 1.17480548231578e-05
4038 1.21055825691991e-05
4037 1.28503778362948e-05
4036 1.36364217600715e-05
4035 1.44656941150343e-05
4034 1.53402506087361e-05
4033 1.62622246584672e-05
4032 1.67416816398435e-05
4031 1.77389564705301e-05
4030 1.82573581133575e-05
4029 1.93351884895563e-05
4028 1.98952325514627e-05
4027 2.04697816835909e-05
4026 2.06145699409296e-05
4025 2.06145699409296e-05
4024 2.12093201251208e-05
4023 2.12093201251208e-05
4022 2.12093201251208e-05
4021 2.18193905310952e-05
4020 2.22836983356584e-05
4019 2.22836983356584e-05
4018 2.16636851967497e-05
4017 2.16636851967497e-05
4016 2.16636851967497e-05
4015 2.1059157026281e-05
4014 2.04697816835909e-05
4013 1.98952325514627e-05
4012 1.93351884895563e-05
4011 1.93351884895563e-05
4010 1.87893337868804e-05
4009 1.82573581133575e-05
4008 1.77389564705301e-05
4007 1.72338291414563e-05
4006 1.72338291414563e-05
4005 1.67416816398435e-05
4004 1.62622246584672e-05
4003 1.62622246584672e-05
4002 1.579517401692e-05
4001 1.53402506087361e-05
4000 1.48971803479361e-05
3999 1.48971803479361e-05
3998 1.4813193480966e-05
3997 1.43850914584347e-05
3996 1.39681961809094e-05
3995 1.32381217388929e-05
3994 1.28503778362948e-05
3993 1.24729449394771e-05
3992 1.17480548231578e-05
3991 1.10615821379896e-05
3990 1.06797013125305e-05
3989 1.0052025941143e-05
