-464487.494897304 1983740.58331841
1589 0.000176708442378614
1588 0.000602210548804287
1587 0.00114318791399205
1586 0.00182698659223192
1585 0.00268627914824206
1584 0.00348685775591391
1583 0.00442912636221281
1582 0.00553352712970771
1581 0.00682256169450748
1580 0.00832084307208088
1579 0.00902370005885744
1578 0.00977923724932001
1577 0.0105913090785349
1576 0.0114640291317663
1575 0.0124017841626726
1574 0.0136826048294062
1573 0.015064040326193
1572 0.0165518788373669
1571 0.0181520379395423
1570 0.0198705486060446
1569 0.0220918605915095
1568 0.0245131183246352
1567 0.027148388006044
1566 0.0300122995957672
1565 0.0331200238111362
1564 0.038273195399166
1563 0.0440652350274455
1562 0.0505531039084234
1561 0.0577954147684345
1560 0.0658519282121445
1559 0.0699224554316987
1558 0.0742266275672154
1557 0.0787757897319904
1556 0.0835815989264179
1555 0.0886560055309467
1554 0.0835815989264179
1553 0.0787757897319904
1552 0.0742266275672154
1551 0.0699224554316987
1550 0.0658519282121445
1549 0.0658519282121445
1548 0.0658519282121445
1547 0.0658519282121445
1546 0.0658519282121445
1545 0.0658519282121445
1544 0.0787952249163262
1543 0.0935813310693073
1542 0.110336985697002
1541 0.12917193069745
1540 0.150173718406575
1539 0.180095234352405
1538 0.21396218755761
1537 0.251840423306776
1536 0.293689161028084
1535 0.339343888474586
1534 0.382179880943226
1533 0.427405963894657
1532 0.474638855945469
1531 0.52340751429373
1530 0.573157255384967
1529 0.616104495640849
1528 0.6588744766321
1527 0.701002939704609
1526 0.742004919142257
1525 0.781383628949603
1524 0.807758355919235
1523 0.833365684790654
1522 0.858045772758321
1521 0.881636763332675
1520 0.903976329970188
1519 0.922612993601252
1518 0.940085829702719
1517 0.956287461588599
1516 0.971113699056687
1515 0.984464564216469
1514 0.987783002800395
1513 0.990444994470732
1512 0.992453948794876
1511 0.993814762549704
1510 0.994533766656443
1509 0.99591571683993
1508 0.997153824205518
1507 0.998247548462111
1506 0.999196411952294
1505 1
1504 0.997062388955577
1503 0.994078488183075
1502 0.991049763438756
1501 0.987977674110235
1500 0.984863672067015
1499 0.983742349810971
1498 0.982482386331733
1497 0.981084317111459
1496 0.979548735789775
1495 0.977876293743672
1494 0.977876293743672
1493 0.977876293743672
1492 0.977876293743672
1491 0.977876293743672
1490 0.977876293743672
1489 0.982107834465056
1488 0.986212312967715
1487 0.990185261593543
1486 0.994022224671014
1485 0.9977187655483
1484 0.996645627958264
1483 0.995211640709142
1482 0.993423754225996
1481 0.991289299994044
1480 0.988815963005359
1479 0.991289299994044
1478 0.993423754225996
1477 0.995211640709142
1476 0.996645627958264
1475 0.9977187655483
1474 0.993390023382462
1473 0.988753815847488
1472 0.983820136699585
1471 0.978599160291784
1470 0.973101213091475
1469 0.974544779493969
1468 0.975923103930217
1467 0.977235016435233
1466 0.978479364129497
1465 0.979655012727865
1464 0.978479364129497
1463 0.977235016435233
1462 0.975923103930217
1461 0.974544779493969
1460 0.973101213091475
1459 0.975609173581281
1458 0.978102531583089
1457 0.980580751887958
1456 0.9830432944846
1455 0.98548961475354
1454 0.982092359601105
1453 0.978384975492571
1452 0.974371062208077
1451 0.970054506770015
1450 0.965439477170906
1449 0.963835566411361
1448 0.962199154425908
1447 0.960530415667643
1446 0.958829527826993
1445 0.9570966718002
1444 0.965439477170906
1443 0.97296563719326
1442 0.979655012727865
1441 0.98548961475354
1440 0.990453684960059
1439 0.992192471048199
1438 0.993789036379578
1437 0.995242685896038
1436 0.996552786106747
1435 0.9977187655483
1434 0.990505070524998
1433 0.981627529063187
1432 0.971159396930116
1431 0.959180680615584
1430 0.945777232569384
1429 0.929590228875874
1428 0.910189660942295
1427 0.88773935728458
1426 0.862438304375185
1425 0.834517681741631
1424 0.80832517283806
1423 0.781371704126788
1422 0.753818184713005
1421 0.725820524793921
1420 0.697528467135754
1419 0.666322942793878
1418 0.634334876557851
1417 0.601788719622527
1416 0.568907852337121
1415 0.535911677397734
1414 0.500420831718233
1413 0.465913397522844
1412 0.432541314282173
1411 0.400430674963616
1410 0.369682598864993
1409 0.338314348587807
1408 0.308201396366736
1407 0.279476822601599
1406 0.252248097201179
1405 0.22659708783361
1404 0.20816151061021
1403 0.190768698957604
1402 0.174409824545475
1401 0.159069874768949
1400 0.144728313233515
1399 0.1412960423115
1398 0.137924163759988
1397 0.134612221633707
1396 0.131359744871266
1395 0.128166247926638
1394 0.137924163759988
1393 0.148221416719488
1392 0.159069874768949
1391 0.170480025833523
1390 0.182460820633959
1389 0.192886013795673
1388 0.203715781451598
1387 0.214952390047952
1386 0.22659708783361
1385 0.238650044377572
1384 0.225382717073596
1383 0.212708180085696
1382 0.200613962027737
1381 0.189086384511842
1380 0.178110743423008
1379 0.160939987541032
1378 0.144991448480293
1377 0.130232151882983
1376 0.116622668497027
1375 0.104118195096093
1374 0.0905419478391706
1373 0.0783212573939942
1372 0.0673847963476985
1371 0.0576546370706082
1370 0.0490482419672281
1369 0.0420600920386395
1368 0.0359073392376764
1367 0.0305129048373945
1366 0.0258031002715208
1365 0.0217081282573374
1364 0.0188306351086829
1363 0.0162731040796301
1362 0.0140059248954079
1361 0.012001391211743
1360 0.0102336955407225
1359 0.0084984047181585
1358 0.007001310626971
1357 0.0057139319624754
1356 0.00461049228678146
1355 0.00366777729295384
1354 0.00288816325129973
1353 0.00222738439834131
1352 0.00166837451802265
1351 0.00119631006029046
1350 0.000798356251979125
1349 0.000519233704582917
1348 0.000275808129624284
1347 6.3912527423535e-05
1329 0
1328 2.79522100799547e-05
1327 5.64891678345695e-05
1326 8.56219342051172e-05
1325 0.000115361752363875
