-1723940.79617378 3510757.53906501
2331 0
2330 0.000235540854657114
2329 0.000465072314957284
2328 0.000710186170023863
2327 0.000971810455024985
2326 0.00125091864302219
2325 0.00154853116497842
2324 0.0016729951594937
2323 0.00180066094282158
2322 0.00193160044017543
2321 0.00206588688768884
2320 0.00220359484783446
2319 0.00238753529535344
2318 0.00257799794744537
2317 0.00277520033194377
2316 0.00297936645497267
2315 0.00319072695347641
2314 0.00379179515534091
2313 0.00444634701682103
2312 0.00515843672751474
2311 0.00593235470492241
2310 0.00677263455787575
2309 0.00809768897616516
2308 0.00958283740987627
2307 0.0112440292742229
2306 0.013098333002638
2305 0.0151639525101784
2304 0.0175390591435267
2303 0.0201796690090071
2302 0.0231085904249152
2301 0.0263496863539783
2300 0.029927806784592
2299 0.0331516330328613
2298 0.0366407212109428
2297 0.0404111634088973
2296 0.0444794364627203
2295 0.0488623478847797
2294 0.0510386235998556
2293 0.0532901522833552
2292 0.055618738537451
2291 0.0580261932962696
2290 0.0605143319325114
2289 0.060831112870841
2288 0.0611491864497787
2287 0.061468556221264
2286 0.0617892257372108
2285 0.0621111985494362
2284 0.0627590682691378
2283 0.0634121937905473
2282 0.064070603518123
2281 0.0647343258484667
2280 0.0654033891681608
2279 0.0644017988335276
2278 0.0634121937905473
2277 0.0624344782096001
2276 0.061468556221264
2275 0.0605143319325114
2274 0.0583327609618626
2273 0.0562131374527813
2272 0.0541542447965419
2271 0.0521548687029305
2270 0.0502137981849812
2269 0.0480652786897176
2268 0.0459895444815695
2267 0.0439848130904497
2266 0.0420493141448621
2265 0.0401812908976635
2264 0.0392720377597844
2263 0.0383790016695147
2262 0.0375019674947403
2261 0.0366407212109428
2260 0.0357950499393838
2259 0.0355860408825289
2258 0.0353779887310095
2257 0.0351708901936423
2256 0.0349647419840706
2255 0.0347595408208016
2254 0.0342306371053034
2253 0.0337081864980087
2252 0.0331921372601942
2251 0.0326824374947956
2250 0.0321790351597437
2249 0.0312233511354691
2248 0.0302899608251647
2247 0.0293784641488961
2246 0.0284884645917691
2245 0.0276195692850698
2244 0.026437830784111
2243 0.0252956392112804
2242 0.0241919542367373
2241 0.0231257508063131
2240 0.0220960194448206
2239 0.0209625693980255
2238 0.0198740016661099
2237 0.0188288867156462
2236 0.0178258232603896
2235 0.0168634385671262
2234 0.0162820069553494
2233 0.0157156175763133
2232 0.0151639525101784
2231 0.0146266982900618
2230 0.01410354591112
2229 0.0138981651086599
2228 0.0136949725348366
2227 0.0134939490141383
2226 0.0132950754855672
2225 0.013098333002638
2224 0.0125207040801538
2223 0.011961583483142
2222 0.0114204781878781
2221 0.0108969044133147
2220 0.0103903875964085
2219 0.0100619556136486
2218 0.00974076185031894
2217 0.00942667247970964
2216 0.00911955547074953
2215 0.0088192805813854
2214 0.00934924468666637
2213 0.00990046236088394
2212 0.0104736424181738
2211 0.0110695105414618
2210 0.0116888093754758
2209 0.0125207040801538
2208 0.0133942446876758
2207 0.0143111342322372
2206 0.0152731226889878
2205 0.0162820069553494
2204 0.0165532263094106
2203 0.0168287184315557
2202 0.0171085500072051
2201 0.0173927886430171
2200 0.01768150287501
2199 0.0173624851647832
2198 0.0170479861237483
2197 0.0167379566650716
2196 0.0164323478782971
2195 0.0161311110370632
2194 0.0158341976066346
2193 0.0155415592512528
2192 0.0152531478413052
2191 0.0149689154603099
2190 0.0146888144117218
2189 0.0148410531867611
2188 0.0149951729362124
2187 0.0151511973367137
2186 0.0153091503442666
2185 0.0154690561965907
2184 0.0170944325878198
2183 0.0188442900828846
2182 0.0207262101072381
2181 0.0227480569139799
2180 0.024917972044741
2179 0.0271563606609707
2178 0.0295513372221243
2177 0.0321115702949044
2176 0.0348460012103473
2175 0.0377638336343398
2174 0.0367809112403429
2173 0.0358180796045184
2172 0.0348750496233547
2171 0.0339515326351269
2170 0.0330472405438442
2169 0.0311028464469766
2168 0.0292486472639226
2167 0.0274815432251102
2166 0.0257984679856414
2165 0.0241963934986728
2164 0.0258219127613687
2163 0.0275307269063376
2162 0.02932612620076
2161 0.0312114688394767
2160 0.0331901783713575
2159 0.0372670635900805
2158 0.041739834471281
2157 0.0466378384620304
2156 0.0519914006447397
2155 0.0578316926794905
2154 0.0657818965198788
2153 0.0745595947517258
2152 0.0842190312819798
2151 0.0948135387506882
2150 0.106394799700594
2149 0.115751241406428
2148 0.125774828099016
2147 0.136493807913537
2146 0.147935037078785
2145 0.160123575984964
2144 0.167679387575139
2143 0.175491124987158
2142 0.183561658204354
2141 0.191893519320376
2140 0.200488879314664
2139 0.199796754972749
2138 0.199108833924654
2137 0.19842510510337
2136 0.197745557267331
2135 0.19707017900381
2134 0.18820527047436
2133 0.179676387488098
2132 0.171477728048789
2131 0.163602911041401
2130 0.156045047043826
2129 0.152074157395887
2128 0.148176394394528
2127 0.144351249311811
2126 0.14059818906173
2125 0.136916657181317
2124 0.13570527565719
2123 0.13450175561136
2122 0.133306074806734
2121 0.132118210749595
2120 0.130938140693565
2119 0.131382210030832
2118 0.131829661784508
2117 0.132280512364112
2116 0.132734778153564
2115 0.133192475509026
2114 0.133790269889091
2113 0.134390029887174
2112 0.134991758336111
2111 0.135595458052637
2110 0.13620113183725
2109 0.139259208647239
2108 0.14236704768214
2107 0.145524979990397
2106 0.148733325530491
2105 0.151992392773822
2104 0.155970642846179
2103 0.160022847676329
2102 0.16414946986016
2101 0.168350944518111
2100 0.172627678293096
2099 0.177565962590121
2098 0.182608356393036
2097 0.18775562500214
2096 0.193008478178128
2095 0.198367567505095
2094 0.205735132046901
2093 0.213280178000464
2092 0.221002518143489
2091 0.228901728060723
2090 0.236977138977161
2089 0.245076882337376
2088 0.253350135198149
2087 0.261796119250699
2086 0.270413824700165
2085 0.279202004237626
2084 0.286010207090296
2083 0.292924245511308
2082 0.299943561179112
2081 0.307067498968863
2080 0.314295304793893
2079 0.316160990795635
2078 0.318043834480126
2077 0.319943833331487
2076 0.321860979729713
2075 0.323795260842715
2074 0.3186411885357
2073 0.313548861047261
2072 0.308518549183764
2071 0.303550479055206
2070 0.298644833186303
2069 0.294548758693668
2068 0.290485634359072
2067 0.286455634608181
2066 0.282458923838715
2065 0.278495656507672
2064 0.285453329871127
2063 0.292513066618978
2062 0.299673978869466
2061 0.306935084298798
2060 0.314295304793893
2059 0.321626123517458
2058 0.329058996940554
2057 0.33659286187166
2056 0.34422654828429
2055 0.35195877756821
2054 0.355461393098257
2053 0.358980401455642
2052 0.362515534081533
2051 0.366066516390277
2050 0.36963306779746
2049 0.373214901750809
2048 0.376811725763966
2047 0.380423241453141
2046 0.384049144576636
2045 0.387689125077268
2044 0.397044308111335
2043 0.406511579692432
2042 0.416087844124891
2041 0.425769812346091
2040 0.435554000845207
2039 0.439106737870523
2038 0.442682815190913
2037 0.446281923271912
2036 0.449903737761375
2035 0.453547919360712
2034 0.443616129605356
2033 0.43379109149946
2032 0.424076762130314
2031 0.414476848883165
2030 0.404994811512608
2029 0.399103230910428
2028 0.393257777514164
2027 0.387459158730177
2026 0.381708049042629
2025 0.376005090286914
2024 0.380658345876615
2023 0.385338811410844
2022 0.390046092454059
2021 0.394779783528609
2020 0.399539468106732
2019 0.411549567923975
2018 0.423712441444674
2017 0.43602067473289
2016 0.448466424859093
2015 0.461041422860982
2014 0.47756780213775
2013 0.494277737807534
2012 0.511149920101014
2011 0.528161903947895
2010 0.545290144800871
2009 0.566494193409247
2008 0.587789057243057
2007 0.609124613254095
2006 0.630448742933933
2005 0.651707521961571
2004 0.67684185939839
2003 0.701746793006321
2002 0.726324858862674
2001 0.750476536318303
2000 0.774100883202635
1999 0.79485496874986
1998 0.815060028171467
1997 0.834640559450434
1996 0.853521543369687
1995 0.871628923205036
1994 0.8823139868265
1993 0.892565871250791
1992 0.902367234550726
1991 0.91170154412179
1990 0.92055312940491
1989 0.925996406213337
1988 0.931239608581593
1987 0.936279281829907
1986 0.941112121595821
1985 0.945734977738522
1984 0.946130975570866
1983 0.946517721524065
1982 0.946895203140205
1981 0.947263408658551
1980 0.947622327015989
1979 0.945617366964335
1978 0.943575709878852
1977 0.941497611136736
1976 0.939383330282243
1975 0.93723313097271
1974 0.932826051853914
1973 0.928278563200896
1972 0.923592916661802
1971 0.91877142425604
1970 0.913816456475065
1969 0.909587105625219
1968 0.905268181566685
1967 0.900861143356297
1966 0.8963674747319
1965 0.891788683281461
1964 0.890181038477016
1963 0.888553299048437
1962 0.886905592597375
1961 0.885238049227018
1960 0.883550801516902
1959 0.880873456854534
1958 0.878158983848383
1957 0.875407771846364
1956 0.872620217152647
1955 0.869796722901359
1954 0.863469766063122
1953 0.857043986397656
1952 0.85052272397422
1951 0.843909338360226
1950 0.837207205650754
1949 0.833914692750599
1948 0.830598917964939
1947 0.827260260669763
1946 0.823899101702433
1945 0.820515823289841
1944 0.821646016827577
1943 0.82277378103366
1942 0.823899101702433
1941 0.825021964644223
1940 0.826142355685615
1939 0.835195455216179
1938 0.844095131924792
1937 0.852833667668737
1936 0.861403397891975
1935 0.869796722901359
1934 0.886354403915119
1933 0.901936904944478
1932 0.916484449526163
1931 0.929940877849062
1930 0.942254015451794
1929 0.953032633246325
1928 0.962741613061139
1927 0.971346015216395
1926 0.978814673761371
1925 0.985120384506658
1924 0.987829757555203
1923 0.99024007009012
1922 0.992349105344497
1921 0.994154920675134
1920 0.995655850544501
1919 0.996772048972159
1918 0.997765173008105
1917 0.998634587065734
1916 0.999379706859092
1915 1
1914 0.999769801639055
1913 0.999515534372415
1912 0.999237261161336
1911 0.998935047794147
1910 0.998608962863587
1909 0.998259077743441
1908 0.997885466564516
1907 0.997488206189934
1906 0.997067376189785
1905 0.996623058815137
1904 0.996457397724178
1903 0.99624855983356
1902 0.995996572226058
1901 0.995701467575215
1900 0.995363284138283
1899 0.99505975673087
1898 0.994630864720247
1897 0.99407652599433
1896 0.993396712699061
1895 0.992591451432055
1894 0.990188199553642
1893 0.987483877985954
1892 0.984481679341864
1891 0.98118507228179
1890 0.977597794806093
1889 0.973932702643547
1888 0.969892227291657
1887 0.965480449335671
1886 0.960701906212817
1885 0.955561584188132
1884 0.951092005172713
1883 0.946418976458664
1882 0.941545697113967
1881 0.936475491716976
1880 0.931211806578901
1879 0.92602248259495
1878 0.920632649623845
1877 0.915045850769692
1876 0.909265772051576
1875 0.903296238000479
1874 0.89669841043337
1873 0.889942020556672
1872 0.883031954197177
1871 0.875973162651053
1870 0.868770656624485
1869 0.862664894904899
1868 0.85645274061173
1867 0.850137106043117
1866 0.843720936028109
1865 0.837207205650754
1864 0.834094372903586
1863 0.830949956788203
1862 0.827774413743212
1861 0.824568205558912
1860 0.82133179922722
1859 0.824888422857799
1858 0.828425962034272
1857 0.831943881509705
1856 0.835441645710709
1855 0.838918718893806
1854 0.848567320721168
1853 0.857973996304612
1852 0.867128680061446
1851 0.876021539329685
1850 0.884642993080336
1849 0.889431834442245
1848 0.894138036705846
1847 0.898760022784496
1846 0.903296238000479
1845 0.90774515095439
1844 0.902395930475637
1843 0.896921434306734
1842 0.891324320848103
1841 0.885607296049871
1840 0.8797731112373
1839 0.866743825189331
1838 0.853206777848296
1837 0.839191825898799
1836 0.824729511457806
1835 0.809850951862031
1834 0.793262874627051
1833 0.776293603668477
1832 0.758984078987467
1831 0.741375192441934
1830 0.723507632027344
1829 0.705495778432414
1828 0.687278105002993
1827 0.668893879085963
1826 0.650381805991685
1825 0.631779899709785
1824 0.617133794185795
1823 0.602452906431426
1822 0.587755613020629
1821 0.573059922141641
1820 0.558383436818488
1819 0.547722173310078
1818 0.537083632760842
1817 0.526474370783704
1816 0.515900797449195
1815 0.505369170914807
1814 0.497660857026069
1813 0.490005052642425
1812 0.482404005760202
1811 0.474859867090299
1810 0.467374690253553
1809 0.462305700323334
1808 0.457255861433149
1807 0.452225740551585
1806 0.447215893931924
1805 0.442226867058586
1804 0.440982926320214
1803 0.439740328533943
1802 0.438499081905549
1801 0.437259194598293
1800 0.43602067473289
1799 0.435924972846737
1798 0.435830446144247
1797 0.435737103044987
1796 0.43564495187089
1795 0.435554000845207
1794 0.436795249100805
1793 0.438037879235606
1792 0.439281883116577
1791 0.440527252567755
1790 0.441773979370279
1789 0.440527252567755
1788 0.439281883116577
1787 0.438037879235606
1786 0.436795249100805
1785 0.435554000845207
1784 0.426904629816365
1783 0.418326074612605
1782 0.409820947250405
1781 0.401391755622813
1780 0.393040903248751
1779 0.391854454738971
1778 0.390669658610941
1777 0.389486521349686
1776 0.388305049396709
1775 0.387125249150002
1774 0.402695371189424
1773 0.418523526138587
1772 0.434592192570082
1771 0.450882587922708
1770 0.467374690253553
1769 0.485258534570992
1768 0.503344002454255
1767 0.521603765211317
1766 0.54000899230336
1765 0.558529408042475
1764 0.567799021623545
1763 0.577097374086746
1762 0.586420393874998
1761 0.595763908579028
1760 0.605123647272877
1759 0.599764049942622
1758 0.59439222882492
1757 0.589009803441003
1756 0.583618384220767
1755 0.578219571282611
1754 0.559527119972331
1753 0.540982035545731
1752 0.522616646050885
1751 0.504461231815724
1750 0.486543982145072
1749 0.466105678768344
1748 0.445966664291724
1747 0.426162704132619
1746 0.406726794435511
1745 0.387689125077268
1744 0.378209152689768
1743 0.368833869529399
1742 0.359566970655914
1741 0.35041195652146
1740 0.341372132513909
1739 0.334516448265122
1738 0.327730671215535
1737 0.321016656532679
1736 0.314376161752691
1735 0.307810846618158
1734 0.301775442732654
1733 0.295825942983267
1732 0.289962663412225
1731 0.284185845132369
1730 0.278495656507672
1729 0.272752012593215
1728 0.267087797520154
1727 0.261503178147731
1726 0.255998272054354
1725 0.250573148751094
1724 0.245076882337375
1723 0.239657735891684
1722 0.234315884152002
1721 0.229051458219293
1720 0.22386454642875
1719 0.217613547124804
1718 0.211476606914105
1717 0.205454320787453
1716 0.199547149020874
1715 0.193755420268619
1714 0.188463315627875
1713 0.183277541002472
1712 0.178197405822429
1711 0.173222162179038
1710 0.168351007480397
1709 0.158779831806722
1708 0.149612514380803
1707 0.140841956518863
1706 0.132460392457806
1705 0.124459459802338
1704 0.110730426083913
1703 0.0981631895645732
1702 0.0867036826569392
1701 0.0762941308146218
1700 0.0668741349181378
1699 0.0599912650667989
1698 0.0536724236084869
1697 0.0478853543880543
1696 0.0425980004764841
1695 0.0377787277963356
1694 0.03656583335231
1693 0.0353893143264827
1692 0.0342482027312521
1691 0.0331415477419268
1690 0.032068415907549
1689 0.0321362073975194
1688 0.0322049924333665
1687 0.0322747722398302
1686 0.0323455480501412
1685 0.0324173211056777
1684 0.0325455972638884
1683 0.0326753150868051
1682 0.0328064856644861
1681 0.0329391201679231
1680 0.033073229849159
1679 0.0331415477419268
1678 0.0332139110781547
1677 0.0332903532512449
1676 0.0333709081736467
1675 0.0334556102808344
1674 0.0335157138971962
1673 0.0335768341579115
1672 0.033638972120128
1671 0.0337021288514825
1670 0.0337663054297886
1669 0.0341825292232367
1668 0.0346027628326355
1667 0.0350270354321082
1666 0.0354553762909621
1665 0.0358878147724916
1664 0.0369870316058109
1663 0.0381125056586798
1662 0.0392647031069999
1661 0.0404440934441735
1660 0.0416511493441948
1659 0.0433140863499427
1658 0.0450312007975064
1657 0.0468038570049147
1656 0.0486334344335713
1655 0.0505213268873077
1654 0.052702851715949
1653 0.0549596307087061
1652 0.0572933816423252
1651 0.05970581197552
1650 0.0621986156979058
1649 0.0643279193818415
1648 0.0665133248636717
1647 0.0687557475136763
1646 0.0710560955358517
1645 0.0734152689437376
1644 0.0744455332585327
1643 0.0754893580334633
1642 0.0765468859994024
1641 0.0776182603041021
1640 0.0787036244813225
1639 0.0788869294433876
1638 0.0790770195327932
1637 0.0792739489376559
1636 0.0794777720206631
1635 0.0796885433104466
1634 0.0786704397560487
1633 0.0776700010364694
1632 0.0766869741957115
1631 0.0757211076027365
1630 0.0747721510517302
1629 0.0728643999510997
1628 0.0709946503700372
1627 0.0691624087661011
1626 0.0673671804228285
1625 0.0656084697144112
1624 0.0642274603623353
1623 0.0628692503987544
1622 0.0615335854532203
1621 0.0602202111526616
1620 0.0589288731991245
1619 0.0566286088446888
1618 0.0543988588835835
1617 0.0522381706128607
1616 0.0501450893353768
1615 0.0481181600441265
1614 0.0439710882694344
1613 0.0401141595571218
1612 0.0365318034741019
1611 0.0332088260413951
1610 0.0301304485501656
1609 0.0282850997028212
1608 0.0265289129624628
1607 0.0248585009362758
1606 0.0232705476916649
1605 0.021761810900141
1604 0.0220041066532331
1603 0.0222494018723708
1602 0.022497732469107
1601 0.0227491347080817
1600 0.0230036452080667
1599 0.0231066223246132
1598 0.0232108032019866
1597 0.023316197689767
1596 0.0234228157188026
1595 0.0235306673014639
1594 0.0219016540184354
1593 0.0203621794501939
1592 0.0189081605531882
1591 0.0175356394719573
1590 0.0162407841881047
1589 0.0148691126216674
1588 0.0135846707573575
1587 0.0123828515366847
1586 0.0112592174834646
1585 0.0102095001888097
1584 0.00957928807392464
1583 0.00897707582219787
1582 0.00840177015475026
1581 0.00785231159741278
1580 0.00732767395044762
1579 0.00696762568296369
1578 0.00661912142775077
1577 0.0062818462278932
1576 0.00595549137591632
1575 0.00563975438594595
1574 0.00543480414804024
1573 0.00523477622057132
1572 0.0050395588967015
1571 0.00484904268776876
1570 0.00466312029199242
1569 0.00435994363072789
1568 0.00406783934280642
1567 0.0037864568242072
1566 0.00351545427858308
1565 0.003254498590311
1564 0.00288119523770473
1563 0.00252870899879582
1562 0.00219602146905338
1561 0.00188215483125719
1560 0.001586170814396
1559 0.00141498903673348
1558 0.00124993260703943
1557 0.00109080750882874
1556 0.000937424709233937
1555 0.000789600082130823
1554 0.000937424709233937
1553 0.00109080750882874
1552 0.00124993260703943
1551 0.00141498903673348
1550 0.001586170814396
1549 0.001586170814396
1548 0.001586170814396
1547 0.001586170814396
1546 0.001586170814396
1545 0.001586170814396
1544 0.00123159185216351
1543 0.00090351164770014
1542 0.000600135077524786
1541 0.000319771900820708
1540 6.083210077544e-05
