787924.023772235 1201888.30669986
2355 0
2354 0.000238622500366289
2353 0.00096605203762143
2352 0.00197009968218315
2351 0.00334025824436199
2350 0.00518874076887843
2349 0.00765398706753095
2348 0.010903927238959
2347 0.0151386692078496
2346 0.0205922013880201
2345 0.0275326373913825
2344 0.0362604884818418
2343 0.0471044436242634
2342 0.0604141788997328
2341 0.07307932287788
2340 0.0917330870658787
2339 0.109127114376563
2338 0.134217537380282
2337 0.157128755378109
2336 0.176033840187008
2335 0.203584353453001
2334 0.226014994867492
2333 0.249948614309542
2332 0.266724524570393
2331 0.293082442924335
2330 0.30217718790133
2329 0.32081204699338
2328 0.340017172957723
2327 0.349823666341471
2326 0.359760238924998
2325 0.369822118077655
2324 0.3800042373608
2323 0.390301236960582
2322 0.400707464756206
2321 0.411216978038385
2320 0.411216978038385
2319 0.421823545891141
2318 0.432520652248507
2317 0.443301499635959
2316 0.443301499635959
2315 0.454159013604659
2314 0.476074390121708
2313 0.487116768618903
2312 0.499176610330417
2311 0.520967104018412
2310 0.542813447024849
2309 0.564644939650431
2308 0.597202829620579
2307 0.618670313866693
2306 0.650317871515529
2305 0.681059459224574
2304 0.720164843199179
2303 0.747727813187073
2302 0.781618927910265
2301 0.804565084119367
2300 0.831418737806729
2299 0.853544404755671
2298 0.870523538256045
2297 0.882029873987562
2296 0.886929533248493
2295 0.888386495726118
2294 0.885656648093816
2293 0.876977286594627
2292 0.856976405046871
2291 0.844196048231467
2290 0.828612343684466
2289 0.810387920711593
2288 0.789710299406828
2287 0.774664852244612
2286 0.766788681437422
2285 0.750372581661831
2284 0.741850432460586
2283 0.741850432460586
2282 0.733130991503544
2281 0.741850432460586
2280 0.741850432460586
2279 0.750372581661831
2278 0.758688321680852
2277 0.774664852244612
2276 0.782308203703685
2275 0.796862912407886
2274 0.810387920711593
2273 0.831418737806729
2272 0.848480610698351
2271 0.858286088109555
2270 0.870523538256045
2269 0.869427226972697
2268 0.87361750325483
2267 0.877300530564854
2266 0.878003815094761
2265 0.876422215728459
2264 0.871694463087311
2263 0.866818499729867
2262 0.860589392764235
2261 0.848774907782861
2260 0.839305477006814
2259 0.83410889716731
2258 0.822822171768479
2257 0.816745044630076
2256 0.810387920711593
2255 0.810387920711593
2254 0.803758040421522
2253 0.803758040421522
2252 0.796862912407886
2251 0.796862912407886
2250 0.789710299406828
2249 0.804565084119367
2248 0.789710299406828
2247 0.789710299406828
2246 0.797169716130968
2245 0.789710299406828
2244 0.782308203703685
2243 0.782308203703685
2242 0.774664852244612
2241 0.774664852244612
2240 0.766788681437422
2239 0.758688321680852
2238 0.750372581661831
2237 0.733130991503544
2236 0.724223506403966
2235 0.705881947740752
2234 0.686901723796309
2233 0.657402512023951
2232 0.639855852475357
2231 0.618670313866693
2230 0.586388061661765
2229 0.564644939650431
2228 0.542813447024849
2227 0.510060577026502
2226 0.488323544841599
2225 0.466742389210869
2224 0.434798042888965
2223 0.424292852433197
2222 0.403537251537844
2221 0.383162731981271
2220 0.376323840143963
2219 0.363215163464753
2218 0.363215163464753
2217 0.363215163464753
2216 0.363215163464753
2215 0.373132882664765
2214 0.373132882664765
2213 0.383162731981271
2212 0.393299387653582
2211 0.403537251537844
2210 0.413870453167622
2209 0.424292852433197
2208 0.434798042888965
2207 0.445379355696729
2206 0.456029864211015
2205 0.466742389210869
2204 0.47750950478078
2203 0.489380015032749
2202 0.489380015032749
2201 0.489380015032749
2200 0.489380015032749
2199 0.489380015032749
2198 0.47750950478078
2197 0.466742389210869
2196 0.445379355696729
2195 0.424292852433197
2194 0.400707464756206
2193 0.369822118077655
2192 0.340017172957723
2191 0.311421495303586
2190 0.284140294457441
2189 0.266724524570393
2188 0.258255584852243
2187 0.249948614309542
2186 0.249948614309542
2185 0.266724524570393
2184 0.284140294457441
2183 0.311421495303586
2182 0.349823666341471
2181 0.390301236960582
2180 0.432520652248507
2179 0.476074390121708
2178 0.509330294187364
2177 0.531658554261535
2176 0.554030063792303
2175 0.565208790357427
2174 0.576370054621209
2173 0.565622314925795
2172 0.565208790357427
2171 0.542722975099443
2170 0.531279221924745
2169 0.508451388448989
2168 0.485764234215851
2167 0.472778922457043
2166 0.450007234156438
2165 0.427574330263048
2164 0.4055402004467
2163 0.394690037978774
2162 0.394690037978774
2161 0.394690037978774
2160 0.4055402004467
2159 0.416503865943917
2158 0.438744567522991
2157 0.472778922457043
2156 0.518155978870608
2155 0.554019001065367
2154 0.601907529171357
2153 0.649228706924
2152 0.709940511869259
2151 0.759012484448409
2150 0.801596564949101
2149 0.853576978859115
2148 0.889501047926655
2147 0.920852271024839
2146 0.949659488064875
2145 0.975324790870761
2144 0.984505929800497
2143 1
2142 0.998699580060214
2141 0.984505929800497
2140 0.95796589459356
2139 0.920087839645904
2138 0.882555809860958
2137 0.82310539087988
2136 0.787926920317626
2135 0.740904355241287
2134 0.700928895357733
2133 0.660981267073297
2132 0.632840693589907
2131 0.604697238092073
2130 0.576995942219871
2129 0.563921967564438
2128 0.536910782781073
2127 0.522058023143912
2126 0.508495968127228
2125 0.49312405043871
2124 0.49312405043871
2123 0.47956776536102
2122 0.47956776536102
2121 0.466135457599418
2120 0.466135457599418
2119 0.466135457599418
2118 0.450380099984605
2117 0.450380099984605
2116 0.447937457973098
2115 0.434476760651364
2114 0.434476760651364
2113 0.434476760651364
2112 0.423920651377947
2111 0.423920651377947
2110 0.410944347085838
2109 0.410944347085838
2108 0.395159788544838
2107 0.382437623148843
2106 0.366794348568721
2105 0.357613735794106
2104 0.345525090226774
2103 0.333659756616804
2102 0.310619042688776
2101 0.28852622390604
2100 0.263757775905425
2099 0.243596476786763
2098 0.220946144905084
2097 0.199564868699241
2096 0.18257553083078
2095 0.166636100302649
2094 0.15172551084707
2093 0.137817786574663
2092 0.124882704365095
2091 0.121634392244967
2090 0.112922464913208
2089 0.105019664637793
2088 0.0948082481145429
2087 0.090000684171272
2086 0.0809582888029677
2085 0.07264735533539
2084 0.0650286751039921
2083 0.0580627195285179
2082 0.0548121628835737
2081 0.0487513568823725
2080 0.0459313951544724
2079 0.041379455719495
2078 0.0372319843034367
2077 0.0357098141781791
2076 0.0357098141781791
2075 0.0366281645765073
2074 0.039059204058709
2073 0.0443169089216384
2072 0.0550758801693743
2071 0.0640454109354811
2070 0.0741299163663628
2069 0.0826578216663425
2068 0.0919396761980755
2067 0.096875759984996
2066 0.102015102502997
2065 0.107362456376672
2064 0.107362456376672
2063 0.102015102502997
2062 0.096875759984996
2061 0.087202004944649
2060 0.0741299163663628
2059 0.0663155390980145
2058 0.0558425846497229
2057 0.0477098331660992
2056 0.0405615812801455
2055 0.0343222101608614
2054 0.0300657508755047
2053 0.0293294757476581
2052 0.0287131221426121
2051 0.0287131221426121
2050 0.0282072352508092
2049 0.0282072352508092
2048 0.0282072352508092
2047 0.0296805821711081
2046 0.0296805821711081
2045 0.029335572876029
2044 0.0260241087649797
2043 0.022743967497819
2042 0.0198087394237993
2041 0.0171886586928668
2040 0.0148556565642357
2039 0.0119393691279304
2038 0.010186066470605
2037 0.00814981425204394
2036 0.00697234880506058
2035 0.00697234880506058
2034 0.00697234880506058
2033 0.00762555781734891
2032 0.00887819483782249
2031 0.0111743340653552
2030 0.0141164743348673
2029 0.0176466752749172
2028 0.0230438638760252
2027 0.0263907937881454
2026 0.0301245859845913
2025 0.034279389905065
2024 0.0365257679445376
2023 0.0365257679445376
2022 0.0382560229957626
2021 0.035943518280824
2020 0.0354757056669594
2019 0.0296805821711081
2018 0.0260241087649797
2017 0.0215052481174918
2016 0.017382290908174
2015 0.0139224929561984
2014 0.0110354556803869
2013 0.00938840669772368
2012 0.00727945702396319
2011 0.00608565459522392
2010 0.00502998103524194
2009 0.00412611437807045
2008 0.002982721117294
2007 0.00205628285460172
2006 0.00130965538781329
2005 0.000521821525274188
2004 8.01699288724729e-05
