1715115.4600119 974134.331000091
3368 0.000180820373064645
3367 0.000603355472779767
3366 0.000914936812474788
3365 0.00143160547011337
3364 0.00201322985329061
3363 0.00219153809173423
3362 0.00314639433601531
3361 0.00366375302764438
3360 0.00451636722966489
3359 0.0051398127167015
3358 0.0058106602605262
3357 0.00653196451669774
3356 0.0073069292377236
3355 0.00813891059989293
3354 0.00857737376354141
3353 0.00950151379675505
3352 0.00949097013817398
3351 0.00998004030012683
3350 0.0104863045130514
3349 0.0110102654971636
3348 0.0121133411201575
3347 0.0126935138013955
3346 0.0132934994153357
3345 0.0139138535138489
3344 0.0145551423019289
3343 0.0152179426469946
3342 0.0165769699107568
3341 0.0180516697156429
3340 0.0188250593007722
3339 0.0204470594976917
3338 0.0221736617306088
3337 0.0240101748823984
3336 0.0259620649440455
3335 0.0280349509590676
3334 0.0302346001244448
3333 0.032566922007594
3332 0.0350379618404051
3331 0.040198134780761
3330 0.043092117975017
3329 0.0461476052273526
3328 0.0493710477720205
3327 0.0541960784418063
3326 0.0597121516484213
3325 0.063627095557471
3324 0.06773969971073
3323 0.0720564826951717
3322 0.0742934720818757
3321 0.0771913286874638
3320 0.0819962029074109
3319 0.0844835132259716
3318 0.0896319148004616
3317 0.092294600419735
3316 0.0969283767344209
3315 0.0997357155169566
3314 0.102604312373704
3313 0.102604312373704
3312 0.102604312373704
3311 0.102604312373704
3310 0.102604312373704
3309 0.102604312373704
3308 0.0997357155169566
3307 0.0950173262970884
3306 0.092294600419735
3305 0.087028483617984
3304 0.0844835132259716
3303 0.0795657456136002
3302 0.0771913286874638
3301 0.0726073414959438
3300 0.0682376543809224
3299 0.0661311017442199
3298 0.0620704187793951
3297 0.0601146219712621
3296 0.0563479518114092
3295 0.0531307598981601
3294 0.05138977344459
3293 0.0480424784551789
3292 0.0448691814872271
3291 0.0418632555946737
3290 0.0390181545755514
3289 0.0350379618404051
3288 0.0313838022438801
3287 0.0280349509590676
3286 0.0249713501432465
3285 0.0221736617306088
3284 0.0196233097186119
3283 0.017302512618802
3282 0.0158744337869125
3281 0.0151943067770256
3280 0.0145360017744834
3279 0.0138989420557495
3278 0.0138989420557495
3277 0.0138989420557495
3276 0.0145360017744834
3275 0.0158744337869125
3274 0.0165769699107568
3273 0.0188250593007722
3272 0.0204470594976917
3271 0.0221736617306088
3270 0.0249713501432465
3269 0.0259620649440455
3268 0.0280349509590676
3267 0.0291185640628193
3266 0.0313838022438801
3265 0.032566922007594
3264 0.0337847192568039
3263 0.0337847192568039
3262 0.0350379618404051
3261 0.0363274253523438
3260 0.0376538928531743
3259 0.0390181545755514
3258 0.0404210076134198
3257 0.0418632555946737
3256 0.043345708337075
3255 0.0464344961424205
3254 0.0483878472224803
3253 0.0517746481873428
3252 0.058633186878893
3251 0.0625428357880195
3250 0.0666535109444564
3249 0.0709720177493078
3248 0.0755051442037652
3247 0.0778543013014324
3246 0.0802596405351036
3245 0.082721996253706
3244 0.0852421976973462
3243 0.0878210682655626
3242 0.0878210682655626
3241 0.0904594247690524
3240 0.0931580766651703
3239 0.0931580766651703
3238 0.0959178252775285
3237 0.0959178252775285
3236 0.0987394630000501
3235 0.101623772485865
3234 0.10457152582146
3233 0.105661683725538
3232 0.108716515888436
3231 0.111837444049594
3230 0.115025216075632
3229 0.118280565289175
3228 0.121604209546398
3227 0.127044468869874
3226 0.130526016727165
3225 0.1340773387744
3224 0.1340773387744
3223 0.1340773387744
3222 0.1340773387744
3221 0.13769905312321
3220 0.13769905312321
3219 0.141391757410054
3218 0.14515602783684
3217 0.14899241820496
3216 0.152901458943578
3215 0.160939490524322
3214 0.173553223807901
3213 0.182338149656057
3212 0.191426781742489
3211 0.205633563130262
3210 0.220532872097772
3209 0.236126363614901
3208 0.252412468203918
3207 0.267138981509007
3206 0.287038839315078
3205 0.299178477644674
3204 0.311609731229517
3203 0.317933030953037
3202 0.324327112309431
3201 0.324327112309431
3200 0.324327112309431
3199 0.317933030953037
3198 0.311609731229517
3197 0.30535797631625
3196 0.293071895443551
3195 0.287038839315078
3194 0.275195494228588
3193 0.263652330512353
3192 0.257994321052515
3191 0.246907045807714
3190 0.241478282717734
3189 0.236126363614901
3188 0.236126363614901
3187 0.236126363614901
3186 0.236126363614901
3185 0.236126363614901
3184 0.239192339577766
3183 0.244626179957499
3182 0.250137991486562
3181 0.257994321052515
3180 0.263652330512353
3179 0.269386176961865
3178 0.275195494228588
3177 0.281079868842587
3176 0.287038839315078
3175 0.293071895443551
3174 0.299178477644674
3173 0.311609731229517
3172 0.317933030953037
3171 0.330791159866184
3170 0.350594151891264
3169 0.364128636054647
3168 0.384906886751765
3167 0.399062183696563
3166 0.420722117665606
3165 0.442857545457896
3164 0.465422883592212
3163 0.489449232452123
3162 0.504800625630906
3161 0.520273707980748
3160 0.535850754466788
3159 0.543672519350279
3158 0.551513290076832
3157 0.559370644815286
3156 0.56724211864724
3155 0.575125204650226
3154 0.575125204650226
3153 0.575391404049841
3152 0.583202655780846
3151 0.591019197516617
3150 0.59883844350529
3149 0.606657772346913
3148 0.614474528305473
3147 0.622286022667245
3146 0.637882315325083
3145 0.654015600374831
3144 0.661850185955092
3143 0.677452571593176
3142 0.692946257147301
3141 0.708307384992661
3140 0.715930711342529
3139 0.723511836835512
3138 0.738535294489816
3137 0.745971511818573
3136 0.753353302663286
3135 0.758770813104217
3134 0.758770813104217
3133 0.765938989268704
3132 0.763877567085564
3131 0.756805843802937
3130 0.749673702818916
3129 0.74248408179881
3128 0.736915296071984
3127 0.722082481184016
3126 0.707067645813775
3125 0.699499423905583
3124 0.685214486175276
3123 0.669663486982803
3122 0.654015600374831
3121 0.638294183907076
3120 0.630413092593511
3119 0.614474528305473
3118 0.606657772346913
3117 0.606657772346913
3116 0.606657772346913
3115 0.606722126734364
3114 0.614624281863987
3113 0.622522192608626
3112 0.630413092593511
3111 0.646162638624287
3110 0.662488187055071
3109 0.678271735006152
3108 0.693949089559377
3107 0.717212753356418
3106 0.732517677887639
3105 0.747630245460438
3104 0.762525450649344
3103 0.779153103791695
3102 0.786473877387811
3101 0.793724441161654
3100 0.800901612847319
3099 0.800901612847319
3098 0.793724441161654
3097 0.779153103791695
3096 0.756801442186678
3095 0.733932893745018
3094 0.710633586461893
3093 0.679045328929588
3092 0.647042197098596
3091 0.62288421276458
3090 0.606748848442561
3089 0.590616023273638
3088 0.574507845670669
3087 0.566469733824073
3086 0.566469733824073
3085 0.566469733824073
3084 0.574507845670669
3083 0.582557496378683
3082 0.598765239048211
3081 0.614738068609607
3080 0.638666084210655
3079 0.662488187055071
3078 0.686125198590167
3077 0.70949594090436
3076 0.740099567141855
3075 0.762525450649344
3074 0.791563565949989
3073 0.812585538032975
3072 0.832866165236537
3071 0.852323334666251
3070 0.870876832833419
3069 0.882705271590697
3068 0.894075127761781
3067 0.904964735177725
3066 0.915353156488685
3065 0.92522025008929
3064 0.929952238363311
3063 0.939001474881358
3062 0.943314253934665
3061 0.951505432700817
3060 0.959103938271387
3059 0.962676132541003
3058 0.969357413307395
3057 0.972463123840143
3056 0.975410089575591
3055 0.973302771093709
3054 0.975887516693481
3053 0.975887516693481
3052 0.978311700682625
3051 0.978311700682625
3050 0.978311700682625
3049 0.975887516693481
3048 0.975887516693481
3047 0.973302771093709
3046 0.978196813176335
3045 0.975410089575591
3044 0.972463123840143
3043 0.969357413307395
3042 0.966094532649102
3041 0.961385429879534
3040 0.95801898778516
3039 0.95801898778516
3038 0.954500956560598
3037 0.954500956560598
3036 0.95801898778516
3035 0.95801898778516
3034 0.95801898778516
3033 0.961385429879534
3032 0.964598601027914
3031 0.967656892245078
3030 0.967656892245078
3029 0.970558768718878
3028 0.973302771093709
3027 0.975887516693481
3026 0.978311700682625
3025 0.973254525538839
3024 0.973254525538839
3023 0.975481296908844
3022 0.975481296908844
3021 0.973254525538839
3020 0.978311700682625
3019 0.975887516693481
3018 0.973302771093709
3017 0.970558768718878
3016 0.967656892245078
3015 0.964598601027914
3014 0.961385429879534
3013 0.95801898778516
3012 0.954500956560598
3011 0.954500956560598
3010 0.954500956560598
3009 0.954500956560598
3008 0.954500956560598
3007 0.95801898778516
3006 0.956593044952495
3005 0.967656892245078
3004 0.973302771093709
3003 0.978311700682625
3002 0.989679960053731
3001 0.994568668688311
3000 0.997927442465011
2999 0.99974069574475
2998 1
2997 0.998704149078126
2996 0.996978952386961
2995 0.993108118095068
2994 0.989679960053731
2993 0.985581743983976
2992 0.975887516693481
2991 0.970558768718878
2990 0.967656892245078
2989 0.964598601027914
2988 0.964598601027914
2987 0.964598601027914
2986 0.972463123840143
2985 0.975410089575591
2984 0.978196813176335
2983 0.980821875907073
2982 0.98328393883822
2981 0.987714115373472
2980 0.989679960053731
2979 0.993108118095068
2978 0.994568668688311
2977 0.995859168547239
2976 0.996978952386961
2975 0.997927442465011
2974 0.998704149078126
2973 0.998704149078126
2972 0.998704149078126
2971 0.997927442465011
2970 0.996978952386961
2969 0.995859168547239
2968 0.993108118095068
2967 0.989679960053731
2966 0.98816573121265
2965 0.983001018251311
2964 0.974027458012397
2963 0.963619411388215
2962 0.951824596688028
2961 0.934034518262726
2960 0.919222047100262
2959 0.903222369271671
2958 0.886105777009545
2957 0.864797598097566
2956 0.84593410338792
2955 0.826193430327186
2954 0.812585538032975
2953 0.798648131346844
2952 0.784405895989788
2951 0.777178237032831
2950 0.76988371233946
2949 0.762525450649344
2948 0.755106583982864
2947 0.755106583982864
2946 0.755106583982864
2945 0.755106583982864
2944 0.755106583982864
2943 0.755106583982864
2942 0.755106583982864
2941 0.755106583982864
2940 0.753353302663286
2939 0.745971511818573
2938 0.747630245460438
2937 0.747630245460438
2936 0.740099567141855
2935 0.732517677887639
2934 0.732517677887639
2933 0.72621008103941
2932 0.71844258948338
2931 0.710633586461893
2930 0.69490365127376
2929 0.686988983469727
2928 0.679045328929588
2927 0.671075772646724
2926 0.663083377277207
2925 0.647042197098596
2924 0.638666084210655
2923 0.630698002693097
2922 0.622721049213105
2921 0.614738068609607
2920 0.606751872754783
2919 0.598765239048211
2918 0.590780908959882
2917 0.582557496378683
2916 0.574507845670669
2915 0.574507845670669
2914 0.566469733824073
2913 0.566868586962591
2912 0.566868586962591
2911 0.566868586962591
2910 0.566868586962591
2909 0.566868586962591
2908 0.574829937477003
2907 0.583017355032227
2906 0.590915982317076
2905 0.598765239048211
2904 0.614738068609607
2903 0.622721049213105
2902 0.638666084210655
2901 0.646622417513886
2900 0.662488187055071
2899 0.671075772646724
2898 0.678271735006152
2897 0.693949089559377
2896 0.701740359074616
2895 0.70949594090436
2894 0.717212753356418
2893 0.717212753356418
2892 0.717212753356418
2891 0.715930711342529
2890 0.715930711342529
2889 0.708307384992661
2888 0.700644892769412
2887 0.692946257147301
2886 0.686125198590167
2885 0.670391728358895
2884 0.654564096538641
2883 0.638666084210655
2882 0.614738068609607
2881 0.598765239048211
2880 0.582801586622949
2879 0.558920119267653
2878 0.543071955671338
2877 0.520273707980748
2876 0.504800625630906
2875 0.481824496968017
2874 0.466687169576755
2873 0.453084892736164
2872 0.438398194063054
2871 0.423896474798084
2870 0.409592909804844
2869 0.400788738814719
2868 0.393724759941156
2867 0.379769725917084
2866 0.372881335030165
2865 0.366054048100483
2864 0.357328849009842
2863 0.350594151891264
2862 0.343925627768161
2861 0.337324305461753
2860 0.330791159866184
2859 0.324327112309431
2858 0.320067861921871
2857 0.307538258441398
2856 0.295291443489444
2855 0.28333263735381
2854 0.271666274982749
2853 0.254722885844049
2852 0.23845484459104
2851 0.220532872097772
2850 0.200821192161949
2849 0.186844360463621
2848 0.173553223807901
2847 0.156883656133045
2846 0.14515602783684
2845 0.130526016727165
2844 0.120288126606462
2843 0.112657350098157
2842 0.106524031442781
2841 0.0978008696593647
2840 0.0950173262970884
2839 0.0896319148004616
2838 0.087028483617984
2837 0.0844835132259716
2836 0.0844835132259716
2835 0.0844835132259716
2834 0.0844835132259716
2833 0.087028483617984
2832 0.0896319148004616
2831 0.092294600419735
2830 0.0950173262970884
2829 0.102604312373704
2828 0.105534899616033
2827 0.111584916707642
2826 0.114705750941211
2825 0.121142479006817
2824 0.124459691484959
2823 0.127843655219187
2822 0.134814289505487
2821 0.138402140226566
2820 0.139854301349074
2819 0.143564136843878
2818 0.147344852737729
2817 0.151196973594248
2816 0.155121000468991
2815 0.155121000468991
2814 0.159117409959967
2813 0.159117409959967
2812 0.163186653254998
2811 0.163186653254998
2810 0.163186653254998
2809 0.160939490524322
2808 0.160939490524322
2807 0.158741847439413
2806 0.158741847439413
2805 0.158741847439413
2804 0.156596176792012
2803 0.156596176792012
2802 0.156596176792012
2801 0.156596176792012
2800 0.156596176792012
2799 0.156596176792012
2798 0.156596176792012
2797 0.152568395004698
2796 0.152568395004698
2795 0.148615772114674
2794 0.144737768694138
2793 0.144737768694138
2792 0.140933820211483
2791 0.137203338066436
2790 0.137203338066436
2789 0.133545710619499
2788 0.126446464195116
2787 0.123003515909273
2786 0.116327501938408
2785 0.109926502861751
2784 0.103794502075312
2783 0.0950871602981214
2782 0.0843590157989487
2781 0.0769446310530811
2780 0.0678566209924499
2779 0.0596287670189688
2778 0.05220442875806
2777 0.0471295606022564
2776 0.0455272625134036
2775 0.0439681881211548
2774 0.0424514818923541
2773 0.0409762939854636
2772 0.0384489232941298
2771 0.0370772157058878
2770 0.0357443103093765
2769 0.0341938325477016
2768 0.0317424782074107
2767 0.0294310089585491
2766 0.0263798343021245
2765 0.0243704786737022
2764 0.0234113709125547
2763 0.0215806454620033
2762 0.0205970824549711
2761 0.0189477820888914
2760 0.0160184496245628
2759 0.0133675422671352
2758 0.0110228755288964
2757 0.00811782577632545
2756 0.00577023373929474
2755 0.00388638146404412
2754 0.00238517277292898
2753 0.00119716560393842
2752 0.000549691251736198
2751 0
