2317989.89453855 2105618.78501496
2008 0
2007 0.00034799519989192
2006 0.000754533497129534
2005 0.00110603531100188
2004 0.00163930355550321
2003 0.00248569998068844
2002 0.00370936772671922
2001 0.00498596579325971
2000 0.00651943982975061
1999 0.00803977209338223
1998 0.00984004457838576
1997 0.0119690914450105
1996 0.0156478736903056
1995 0.0178255376576221
1994 0.021749471586655
1993 0.0251211267104395
1992 0.0302558289673415
1991 0.0359646755058909
1990 0.0400226134574551
1989 0.0454259153058651
1988 0.049342459354545
1987 0.0535249199528972
1986 0.0579858442460946
1985 0.0627378816996524
1984 0.0677937369445496
1983 0.0704395689973382
1982 0.0743586886857829
1981 0.0759749657248987
1980 0.0788676837495776
1979 0.0777133337680653
1978 0.0777133337680653
1977 0.076642862218791
1976 0.0737915041111916
1975 0.070075656292047
1974 0.0639929092304866
1973 0.0598903650351736
1972 0.0560950074865439
1971 0.0504818530880945
1970 0.0473517267550849
1969 0.0426389404456324
1968 0.0375284555305131
1967 0.0352309565882437
1966 0.0322762598392227
1965 0.0303181834928816
1964 0.0277146738959923
1963 0.0264820454145368
1962 0.0257527426427503
1961 0.0245853528451354
1960 0.0245853528451354
1959 0.0239251091267746
1958 0.0239251091267746
1957 0.0233122195162511
1956 0.0227458550173652
1955 0.0216758022341938
1954 0.0216758022341938
1953 0.021178958135981
1952 0.0207316521962813
1951 0.0187984305616468
1950 0.0178869899936248
1949 0.0161687555698169
1948 0.0145827309176421
1947 0.0131204620235892
1946 0.0117738713771475
1945 0.0105352567601599
1944 0.00995413543995827
1943 0.00906018139860097
1942 0.00853885056061648
1941 0.00853885056061648
1940 0.00886385644703065
1939 0.00886385644703065
1938 0.00995413543995827
1937 0.0107661319053469
1936 0.0127037234991546
1935 0.0144737699747387
1934 0.0177887126184889
1933 0.0216758022341938
1932 0.0268311794738314
1931 0.0344043263569789
1930 0.0417933704608995
1929 0.0513405719625095
1928 0.0601704459456677
1927 0.0728585857088723
1926 0.0844494729227355
1925 0.0959906443081825
1924 0.108121940053051
1923 0.119686837533796
1922 0.132154510405868
1921 0.140983524473517
1920 0.150236286274702
1919 0.153331521223901
1918 0.156606308495573
1917 0.155097008575337
1916 0.155097008575337
1915 0.153689600549815
1914 0.150238603036904
1913 0.150238603036904
1912 0.146975247282127
1911 0.146975247282127
1910 0.146975247282127
1909 0.14232449057302
1908 0.143892550016686
1907 0.143892550016686
1906 0.140983524473517
1905 0.140983524473517
1904 0.136516558956403
1903 0.136516558956403
1902 0.132154510405868
1901 0.126299116138343
1900 0.122162039472045
1899 0.120676513349502
1898 0.116659971481644
1897 0.120676513349502
1896 0.119286038196874
1895 0.12207822938817
1894 0.130566563516314
1893 0.139485096980609
1892 0.151735534885837
1891 0.168314270370842
1890 0.18605994661907
1889 0.203090566192292
1888 0.221143401019829
1887 0.240220606742179
1886 0.269060871983207
1885 0.283211955707684
1884 0.305243585438229
1883 0.318765081200579
1882 0.326549684009712
1881 0.342422509379255
1880 0.352080425354103
1879 0.36846678696001
1878 0.375330981910583
1877 0.38241889689839
1876 0.391002904328216
1875 0.399673662842837
1874 0.417264633706254
1873 0.426179133587156
1872 0.44423094634242
1871 0.463503754620595
1870 0.481132845553158
1869 0.499925442172873
1868 0.518904330286374
1867 0.548023124179015
1866 0.567173204058553
1865 0.586300192623235
1864 0.595989779405024
1863 0.615366166788151
1862 0.625042699362123
1861 0.63470448591209
1860 0.644346208998832
1859 0.644708645469569
1858 0.635239891242282
1857 0.625580506659566
1856 0.61575534284622
1855 0.595833670850155
1854 0.575933115140933
1853 0.546211889030653
1852 0.517263607898888
1851 0.488357472185676
1850 0.451480535170973
1849 0.425073616215439
1848 0.39844106597865
1847 0.381110737128644
1846 0.364144784894236
1845 0.354469894444136
1844 0.354469894444136
1843 0.355804405373886
1842 0.365521183381045
1841 0.373924183861054
1840 0.399673662842837
1839 0.417264633706254
1838 0.453361801341907
1837 0.480330144232735
1836 0.518338004490298
1835 0.556981192898854
1834 0.586207079752701
1833 0.625248998039064
1832 0.664070030386712
1831 0.701469801690135
1830 0.728133289820458
1829 0.763812001355031
1828 0.789552796200201
1827 0.814251871693062
1826 0.830065229928351
1825 0.852697851830704
1824 0.866999926963858
1823 0.880625434197941
1822 0.893535288124879
1821 0.908764022981127
1820 0.920263602032916
1819 0.9340764767973
1818 0.947049683148606
1817 0.956156822767135
1816 0.963348411673112
1815 0.973958156793553
1814 0.980800511803928
1813 0.980908016567942
1812 0.982960286669549
1811 0.9817266197644
1810 0.98164670632052
1809 0.983061931909052
1808 0.98026606890213
1807 0.981157936119108
1806 0.981795479942007
1805 0.977995327646874
1804 0.977995327646874
1803 0.981795479942007
1802 0.981795479942007
1801 0.981157936119108
1800 0.98026606890213
1799 0.974976486660224
1798 0.97772233298392
1797 0.976072438670137
1796 0.978053483092742
1795 0.975878291085786
1794 0.973452907516214
1793 0.973452907516214
1792 0.97077921943977
1791 0.966984749888374
1790 0.97077921943977
1789 0.973452907516214
1788 0.975878291085786
1787 0.97952661303094
1786 0.9817266197644
1785 0.98536091638702
1784 0.98679234699224
1783 0.987965061107557
1782 0.989530844034613
1781 0.989922676621394
1780 0.990053321894929
1779 0.990053321894929
1778 0.993467855755326
1777 0.996784555063433
1776 1
1775 0.999865385163944
1774 0.99946164916994
1773 0.994786045677203
1772 0.992127586427227
1771 0.982960286669549
1770 0.974763707463327
1769 0.961087541040309
1768 0.94073839777223
1767 0.925703907956646
1766 0.908764022981127
1765 0.890032436558072
1764 0.869633143127658
1763 0.847699073201996
1762 0.832292789581889
1761 0.824370654561301
1760 0.816309825412213
1759 0.816309825412213
1758 0.826387613852783
1757 0.83635438535288
1756 0.844286881791566
1755 0.869259115140196
1754 0.8815667618047
1753 0.901836643181916
1752 0.923290403724454
1751 0.943991081558759
1750 0.961087541040309
1749 0.980481083885749
1748 0.988857069616776
1747 0.99307180611219
1746 0.99307180611219
1745 0.988857069616776
1744 0.982960286669549
1743 0.977748172879087
1742 0.971530035082015
1741 0.964325408642022
1740 0.967352661445123
1739 0.966122312486451
1738 0.968675925886085
1737 0.964357447774207
1736 0.964357447774207
1735 0.964357447774207
1734 0.964357447774207
1733 0.961839450730367
1732 0.957317726632218
1731 0.95256068528657
1730 0.942355687025652
1729 0.936915661378225
1728 0.925381570537791
1727 0.913005187319386
1726 0.899824171057431
1725 0.885878233842033
1724 0.869259115140196
1723 0.854037217758603
1722 0.83635438535288
1721 0.828275968125717
1720 0.818245679617319
1719 0.809969886484625
1718 0.811704114419841
1717 0.811704114419841
1716 0.821742703377245
1715 0.830033489588063
1714 0.831658105646666
1713 0.839874583736049
1712 0.839874583736049
1711 0.839874583736049
1710 0.838183330356043
1709 0.830033489588063
1708 0.821742703377245
1707 0.796083019046224
1706 0.769366595831873
1705 0.732380195335043
1704 0.684494281575239
1703 0.635655313764406
1702 0.575933115140933
1701 0.516763528850236
1700 0.459171015331846
1699 0.404027890648065
1698 0.353213429067923
1697 0.305029101424085
1696 0.269368951405696
1695 0.241798708934727
1694 0.216103547552082
1693 0.198068716747593
1692 0.179633798279472
1691 0.168910452293956
1690 0.163722392077772
1689 0.163722392077772
1688 0.158649057039271
1687 0.1600676208451
1686 0.165151313995702
1685 0.166682840005205
1684 0.171890205525215
1683 0.177211266660192
1682 0.177211266660192
1681 0.182646659033694
1680 0.186632083354445
1679 0.185170432006628
1678 0.189463181680969
1677 0.189463181680969
1676 0.193973219336644
1675 0.193973219336644
1674 0.195230307396326
1673 0.195230307396326
1672 0.196596428929179
1671 0.196596428929179
1670 0.198068716747593
1669 0.192291957854011
1668 0.190824480968647
1667 0.190824480968647
1666 0.190824480968647
1665 0.186632083354445
1664 0.186632083354445
1663 0.193862615513497
1662 0.193862615513497
1661 0.199644078012701
1660 0.205541662993484
1659 0.217686098888667
1658 0.230296843057924
1657 0.24337335318796
1656 0.255350968201024
1655 0.269368951405696
1654 0.291257367841616
1653 0.307886677049937
1652 0.331379197929671
1651 0.348999368788224
1650 0.365521183381045
1649 0.392332759877016
1648 0.409673731002466
1647 0.417264633706254
1646 0.435168960233782
1645 0.44423094634242
1644 0.453361801341907
1643 0.453361801341907
1642 0.462558112313898
1641 0.462558112313898
1640 0.462558112313898
1639 0.462558112313898
1638 0.452399700690708
1637 0.452399700690708
1636 0.442253691923225
1635 0.432142961026067
1634 0.423024276998705
1633 0.415020496688371
1632 0.407236438394816
1631 0.399673662842837
1630 0.391002904328216
1629 0.383788184145184
1628 0.376796209338767
1627 0.36846678696001
1626 0.36846678696001
1625 0.360227463955788
1624 0.360227463955788
1623 0.360227463955788
1622 0.360227463955788
1621 0.352080425354103
1620 0.350507222341311
1619 0.342422509379255
1618 0.332870309534694
1617 0.317148892557711
1616 0.29276409697689
1615 0.270913705308769
1614 0.25008568104742
1613 0.217686098888667
1612 0.193862615513497
1611 0.168314270370842
1610 0.148557673128057
1609 0.126299116138343
1608 0.110358742909061
1607 0.0946436676580064
1606 0.0880646507117528
1605 0.0818458370286962
1604 0.0818458370286962
1603 0.0818458370286962
1602 0.0849109791284139
1601 0.0913083774135426
1600 0.101594872934406
1599 0.112744875593417
1598 0.119286038196874
1597 0.131907491177101
1596 0.139485096980609
1595 0.144108620743187
1594 0.144108620743187
1593 0.144108620743187
1592 0.136326987881247
1591 0.127594972909587
1590 0.112744875593417
1589 0.0980720104204175
1588 0.0849109791284139
1587 0.0731661185517885
1586 0.0627378816996524
1585 0.0535249199528972
1584 0.0454259153058651
1583 0.0400226134574551
1582 0.035939075441252
1581 0.0329227768389443
1580 0.0314930128642069
1579 0.0301136385624286
1578 0.0287832768992544
1577 0.0275005703074224
1576 0.0268311794738314
1575 0.0268311794738314
1574 0.0268311794738314
1573 0.0280944363239832
1572 0.0287832768992544
1571 0.0287832768992544
1570 0.0287832768992544
1569 0.0295242829109704
1568 0.0282209085154337
1567 0.0269641648677457
1566 0.0257527426427503
1565 0.0228198557528505
1564 0.0207316521962813
1563 0.0187984305616468
1562 0.0166837502525233
1561 0.0143030485041482
1560 0.0121949400504813
1559 0.0105352567601599
1558 0.00886385644703065
1557 0.00803977209338223
1556 0.00756213575783519
1555 0.00756213575783519
1554 0.00756213575783519
1553 0.00853885056061648
1552 0.00995413543995827
1551 0.0115482071735197
1550 0.0135713966731335
1549 0.0158581921093673
1548 0.0184361780045291
1547 0.0203310737581338
1546 0.0213348022395965
1545 0.0223776188818815
1544 0.0223776188818815
1543 0.0213348022395965
1542 0.019365252019029
1541 0.0172380374905434
1540 0.0140575054029732
1539 0.0118080983634696
1538 0.00892855175958623
1537 0.00660102611461173
1536 0.00447095554790433
1535 0.00302986921470545
1534 0.00209820311592825
1533 0.00116099924975997
1532 0.000561989657266872
1531 0.000175085003290505
