1006490.12748892 946468.879806131
2290 0.000174180286504515
2289 0.000497694000087918
2288 0.000850879590733184
2287 0.00110398741088102
2286 0.00123611172589335
2285 0.00151197927362672
2284 0.00165591974146983
2283 0.00165591974146983
2282 0.00180399955476311
2281 0.00165591974146983
2280 0.00165591974146983
2279 0.00151197927362672
2278 0.00137207647749512
2277 0.00110398741088102
2276 0.000975607916377755
2275 0.000729710719264543
2274 0.000497694000087918
2273 0.000187332254929581
2137 0.000384249034798926
2136 0.000737102635305008
2135 0.00118442400217992
2134 0.00161267068695171
2133 0.00199816993274015
2132 0.00232896202933555
2131 0.00277006677557854
2130 0.00314572733928023
2129 0.00344579471831998
2128 0.00385984134121509
2127 0.00396375959659065
2126 0.00418297551690986
2125 0.00429818576063137
2124 0.00429818576063137
2123 0.00452724134969645
2122 0.00452724134969645
2121 0.00476271982217875
2120 0.00476271982217875
2119 0.00476271982217875
2118 0.00489406081819329
2117 0.00489406081819329
2116 0.00479077475260337
2115 0.00503446112528024
2114 0.00503446112528024
2113 0.00503446112528024
2112 0.00539321617341629
2111 0.00539321617341629
2110 0.00565322494188788
2109 0.00565322494188788
2108 0.0058069735130533
2107 0.00607884521154885
2106 0.00624772698189247
2105 0.00664516109422049
2104 0.00693995628657181
2103 0.00724274877836386
2102 0.00787306170398688
2101 0.00853760338173907
2100 0.0091027515231792
2099 0.00983445983304915
2098 0.010468437240082
2097 0.0111421960103993
2096 0.0119838602298001
2095 0.0128693145680072
2094 0.0138004261186048
2093 0.0147791162572406
2092 0.0158073607063456
2091 0.0165053837615323
2090 0.017803947429407
2089 0.0191869576485878
2088 0.0204274103826636
2087 0.0210698613795444
2086 0.0224006190471693
2085 0.0237944297897647
2084 0.0252536318653685
2083 0.0267806124872748
2082 0.027570278858643
2081 0.0292035074949262
2080 0.0300476958170895
2079 0.0306336658089176
2078 0.031249319463728
2077 0.0310073640103186
2076 0.0310073640103186
2075 0.0299198726539034
2074 0.029073589733941
2073 0.0274366844665505
2072 0.0253124590910231
2071 0.0240508800110526
2070 0.0228570561741371
2069 0.0215034536084596
2068 0.0202115698831138
2067 0.0195880625066227
2066 0.0189791391853743
2065 0.0183845247811442
2064 0.0183845247811442
2063 0.0189791391853743
2062 0.0195880625066227
2061 0.0208499397080008
2060 0.0228570561741371
2059 0.0242746943444729
2058 0.0265264091424004
2057 0.0278700798743881
2056 0.029288366706599
2055 0.0307851385024755
2054 0.0325739239764979
2053 0.033731734311949
2052 0.0349385873834098
2051 0.0349385873834098
2050 0.0361959692305721
2049 0.0361959692305721
2048 0.0361959692305721
2047 0.0365016417337074
2046 0.0365016417337074
2045 0.0378378628604921
2044 0.0385305307337324
2043 0.0406465175845736
2042 0.0428523414179325
2041 0.0451507722521999
2040 0.047544608111039
2039 0.0496704105171223
2038 0.0522531440988276
2037 0.0528989685780198
2036 0.0539393002440774
2035 0.0539393002440774
2034 0.0539393002440774
2033 0.0525964843267165
2032 0.0515782543906021
2031 0.0493296319789165
2030 0.0456584907779875
2029 0.0422048072569653
2028 0.0392570101631663
2027 0.0371948000062439
2026 0.0352182029456954
2025 0.0333245225033724
2024 0.0324079436716591
2023 0.0324079436716591
2022 0.032694371098556
2021 0.0336157080836505
2020 0.0348740948291906
2019 0.0365016417337074
2018 0.0385305307337324
2017 0.0403210725890053
2016 0.0436492308037719
2015 0.0471886822842827
2014 0.0509489722819066
2013 0.0535832860476441
2012 0.0577331470371492
2011 0.0606362103654986
2010 0.0656267441834793
2009 0.0688272439779673
2008 0.0738535734206689
2007 0.0791592255765437
2006 0.0847538229132091
2005 0.0901507135052526
2004 0.0963367744924437
2003 0.105079965124263
2002 0.114956088308081
2001 0.12490623881092
2000 0.135478778088576
1999 0.146096453502944
1998 0.15738463587355
1997 0.169364599916568
1996 0.18596158190921
1995 0.19593630376808
1994 0.21052039814632
1993 0.221922402722743
1992 0.237744467594916
1991 0.251123863839081
1990 0.260141129247556
1989 0.273110049274189
1988 0.281969379621363
1987 0.29099759619873
1986 0.300192854822264
1985 0.309553053633434
1984 0.319075828390025
1983 0.323897370102218
1982 0.329326114859409
1981 0.333658991292656
1980 0.338598311252031
1979 0.338077347741923
1978 0.338077347741923
1977 0.3375921421428
1976 0.332642309418795
1975 0.327273939938334
1974 0.317136604552319
1973 0.308016917039324
1972 0.299115040024454
1971 0.285893972110724
1970 0.277518498336789
1969 0.265042540149246
1968 0.252337513614664
1967 0.244752980531274
1966 0.236673940671526
1965 0.229481403567665
1964 0.221749426600654
1963 0.217948192362942
1962 0.217234048584324
1961 0.213476187902484
1960 0.213476187902484
1959 0.212802449432199
1958 0.212802449432199
1957 0.212169486182854
1956 0.211577830548155
1955 0.207864685956923
1954 0.207864685956923
1953 0.204785978829783
1952 0.201790825406292
1951 0.1946669977
1950 0.191170064787909
1949 0.18430572118408
1948 0.177613360386547
1947 0.171091979402987
1946 0.164740414270398
1945 0.158557347653919
1944 0.155528549558985
1943 0.151940720707603
1942 0.148997955700723
1941 0.148997955700723
1940 0.149595443959484
1939 0.149595443959484
1938 0.155528549558985
1937 0.161018711759016
1936 0.170475342747627
1935 0.17973345293715
1934 0.19345030076243
1933 0.207864685956923
1932 0.223572828040528
1931 0.244082975805434
1930 0.261427612497821
1929 0.283229101273456
1928 0.30142271535272
1927 0.325078867388451
1926 0.34470979099334
1925 0.364386062695206
1924 0.380490075573601
1923 0.39634580559328
1922 0.412492307687688
1921 0.42340977569689
1920 0.434443456259543
1919 0.43958319732291
1918 0.444795811228474
1917 0.444434369430408
1916 0.444434369430408
1915 0.444096839052541
1914 0.438815828532464
1913 0.438815828532464
1912 0.433606658912878
1911 0.433606658912878
1910 0.433606658912878
1909 0.428053944088892
1908 0.428470855824692
1907 0.428470855824692
1906 0.42340977569689
1905 0.42340977569689
1904 0.417936169187385
1903 0.417936169187385
1902 0.412492307687688
1901 0.406595177517842
1900 0.4012029555976
1899 0.400737417646596
1898 0.395368218429138
1897 0.400737417646596
1896 0.400300614539293
1895 0.405311204345459
1894 0.416242655462678
1893 0.427297046372498
1892 0.439187528553821
1891 0.456453465934426
1890 0.473891587489338
1889 0.491145565900879
1888 0.508574649541281
1887 0.526153899381104
1886 0.549939000341224
1885 0.561779715600256
1884 0.579593059786257
1883 0.591459414133347
1882 0.597430425570536
1881 0.609373818138802
1880 0.615298279296076
1879 0.627189640681103
1878 0.63323315704452
1877 0.639300673016337
1876 0.645264465852002
1875 0.651219645330029
1874 0.66309915872933
1873 0.669020969057697
1872 0.680822329868316
1871 0.692266395460968
1870 0.70421992301995
1869 0.715795321072494
1868 0.727274434176741
1867 0.743813321682187
1866 0.754964123346396
1865 0.766539887717027
1864 0.772015749274217
1863 0.782854037381421
1862 0.788213806729842
1861 0.7935322255563
1860 0.798807972189915
1859 0.799446283741989
1858 0.79472851599246
1857 0.789891116110559
1856 0.784938926891806
1855 0.773961000363456
1854 0.76283328621077
1853 0.745884657038815
1852 0.728354355305226
1851 0.710937069804177
1850 0.687187574809964
1849 0.669218261697521
1848 0.651361744285824
1847 0.639406586881458
1846 0.627422471832867
1845 0.621469675853443
1844 0.621469675853443
1843 0.621422640701344
1842 0.627352199267032
1841 0.633329507151041
1840 0.651219645330029
1839 0.66309915872933
1838 0.68669931207578
1837 0.704530278803968
1836 0.727661569517979
1835 0.750365921181992
1834 0.767062538437017
1833 0.788813728684889
1832 0.809902634713768
1831 0.829492862308134
1830 0.843293045420081
1829 0.861980390118559
1828 0.875366462159665
1827 0.888177296839773
1826 0.896382908006735
1825 0.908166635253101
1824 0.91566012146551
1823 0.922854061674071
1822 0.929740477819143
1821 0.937564208694776
1820 0.943840222687241
1819 0.951011820671097
1818 0.957810409695913
1817 0.963116182980293
1816 0.966750598561949
1815 0.972586135506532
1814 0.977030320285433
1813 0.978048848325733
1812 0.980756597372517
1811 0.981283679686709
1810 0.98320506310311
1809 0.984701193832954
1808 0.984635477271479
1807 0.98593637457897
1806 0.98714243688719
1805 0.986681116296129
1804 0.986681116296129
1803 0.98714243688719
1802 0.98714243688719
1801 0.98593637457897
1800 0.984635477271479
1799 0.981691890296058
1798 0.981750717773394
1797 0.980167693177178
1796 0.979931160958909
1795 0.978154340983754
1794 0.976284953564967
1793 0.976284953564967
1792 0.974323540352966
1791 0.972908977547502
1790 0.974323540352966
1789 0.976284953564967
1788 0.978154340983754
1787 0.979499358735031
1786 0.981283679686709
1785 0.984571426862876
1784 0.986073894933154
1783 0.987481498857989
1782 0.990010496570076
1781 0.991131150408056
1780 0.992155460562864
1779 0.992155460562864
1778 0.994394109394976
1777 0.995612608751473
1776 0.995799615314075
1775 0.994763939957999
1774 0.993630860998913
1773 0.989968049703255
1772 0.987035739299346
1771 0.980756597372517
1770 0.974824931779661
1769 0.966861517127095
1768 0.955392723832204
1767 0.94685456133493
1766 0.937564208694776
1765 0.927545290376695
1764 0.916823102557935
1763 0.905424506797479
1762 0.897463587145874
1761 0.893377818038515
1760 0.889223323184547
1759 0.889223323184547
1758 0.894375939737723
1757 0.89942524275616
1756 0.903472133737719
1755 0.916114360097496
1754 0.922614070375837
1753 0.933187293997563
1752 0.945042203666849
1751 0.956642470556275
1750 0.966861517127095
1749 0.978871939943606
1748 0.985848674877759
1747 0.991309278935355
1746 0.995228162426387
1745 0.997586902411649
1744 0.998325151035478
1743 0.998325151035478
1742 0.997931350678566
1741 0.997144214519331
1740 0.998372868910492
1739 0.998962594437592
1738 1
1737 0.999354705718336
1736 0.999354705718336
1735 0.999354705718336
1734 0.999354705718336
1733 0.998319304681192
1732 0.997577560456677
1731 0.996737581208838
1730 0.994763939957999
1729 0.993630860998913
1728 0.991073858151228
1727 0.98813162102377
1726 0.984807611560727
1725 0.981105732609685
1724 0.97597171468693
1723 0.971542373192564
1722 0.965637153701867
1721 0.963116182980293
1720 0.95932865889143
1719 0.956642470556275
1718 0.957810409695913
1717 0.957810409695913
1716 0.961601941808995
1715 0.964220518045054
1714 0.965239844646935
1713 0.967778354727772
1712 0.967778354727772
1711 0.967778354727772
1710 0.966750598561949
1709 0.964220518045054
1708 0.961601941808995
1707 0.953222908963012
1706 0.944076009014733
1705 0.930726536142936
1704 0.912271586052737
1703 0.892758116455607
1702 0.866080610469766
1701 0.837203674451675
1700 0.806402044510848
1699 0.773961000363456
1698 0.739835063437273
1697 0.705084353492453
1696 0.675344746149119
1695 0.651492413857937
1694 0.627485966938811
1693 0.609428066029474
1692 0.591328488740931
1691 0.579265816212955
1690 0.573241384539829
1689 0.573241384539829
1688 0.567223067022552
1687 0.567312385945932
1686 0.573316770457852
1685 0.573395831816858
1684 0.579390985814032
1683 0.585390782999364
1682 0.585390782999364
1681 0.591394088309733
1680 0.597382437320534
1679 0.59736443017206
1678 0.603397234077444
1677 0.603397234077444
1676 0.609455720245964
1675 0.609455720245964
1674 0.60944876907392
1673 0.60944876907392
1672 0.60943967985264
1671 0.60943967985264
1670 0.609428066029474
1669 0.60340515833841
1668 0.603401887553304
1667 0.603401887553304
1666 0.603401887553304
1665 0.597382437320534
1664 0.597382437320534
1663 0.603406620005718
1662 0.603406620005718
1661 0.60941351419674
1660 0.615419252798061
1659 0.627422471832867
1658 0.639406586881458
1657 0.651361744285824
1656 0.663442921046275
1655 0.675344746149119
1654 0.693083611244807
1653 0.704530278803968
1652 0.721915440327973
1651 0.732974576647222
1650 0.74428939502133
1649 0.760490129616843
1648 0.771436729638413
1647 0.777454242383955
1646 0.788213806729842
1645 0.7935322255563
1644 0.798807972189915
1643 0.798807972189915
1642 0.804039728702099
1641 0.804039728702099
1640 0.804039728702099
1639 0.804039728702099
1638 0.799446283741989
1637 0.799446283741989
1636 0.79472851599246
1635 0.789891116110559
1634 0.784477242821329
1633 0.778538618637581
1632 0.77255775978785
1631 0.766539887717027
1630 0.761027988972113
1629 0.754964123346396
1628 0.748875922298128
1627 0.743306282355637
1626 0.743306282355637
1625 0.737705905197003
1624 0.737705905197003
1623 0.737705905197003
1622 0.737705905197003
1621 0.732076105952168
1620 0.732539630838069
1619 0.72686000952118
1618 0.721547573904751
1617 0.710018997884981
1616 0.692831104956991
1615 0.675145029907424
1614 0.657325342980333
1613 0.627422471832867
1612 0.603406620005718
1611 0.573478051579315
1610 0.549629102587799
1609 0.520048269875247
1608 0.496647386711483
1607 0.473221233005023
1606 0.461777456678527
1605 0.450430747592553
1604 0.450430747592553
1603 0.450430747592553
1602 0.456091560817778
1601 0.46748762364815
1600 0.484755378724041
1599 0.5022107221176
1598 0.513719429258095
1597 0.531472275358394
1596 0.543233058515845
1595 0.549215894579569
1594 0.549215894579569
1593 0.549215894579569
1592 0.537418108117549
1591 0.525539879823922
1590 0.5022107221176
1589 0.478977438948388
1588 0.456091560817778
1587 0.433606658912878
1586 0.411571881583609
1585 0.390031870309138
1584 0.369026714266261
1583 0.35364538951316
1582 0.339154346651847
1581 0.329326114859409
1580 0.324470330078473
1579 0.319653935345403
1578 0.3148772864436
1577 0.310140722332336
1576 0.309553053633434
1575 0.309553053633434
1574 0.309553053633434
1573 0.314294277154203
1572 0.3148772864436
1571 0.3148772864436
1570 0.3148772864436
1569 0.315496619205692
1568 0.3107650646224
1567 0.306073660783117
1566 0.30142271535272
1565 0.291601510887609
1564 0.282580011058317
1563 0.27372648381742
1562 0.261427612497821
1561 0.248857213983067
1560 0.236673940671526
1559 0.228094414475541
1558 0.216560070985922
1557 0.212169486182854
1556 0.208455878149095
1555 0.208455878149095
1554 0.208455878149095
1553 0.215926835704461
1552 0.224206055390556
1551 0.232699277841014
1550 0.244752980531274
1549 0.257194644114979
1548 0.270021375945427
1547 0.278784495065075
1546 0.283229101273456
1545 0.287715461575735
1544 0.287715461575735
1543 0.283229101273456
1542 0.274381854573193
1541 0.262129499350037
1540 0.245462509382544
1539 0.23023420784169
1538 0.211228441605905
1537 0.19329540465407
1536 0.175689783844961
1535 0.159889301526887
1534 0.147996482070443
1533 0.134043872903775
1532 0.123594195544533
1531 0.11441144070706
1530 0.107412111042765
1529 0.100739514948424
1528 0.094385185994126
1527 0.087755642036573
1526 0.0839052240291248
1525 0.08018579521959
1524 0.076594579671403
1523 0.0748461768664675
1522 0.071442018826623
1521 0.0697855552011478
1520 0.068159028040912
1519 0.064518033230778
1518 0.0629850937960646
1517 0.0610443483829364
1516 0.0581307641066433
1515 0.0563229252995429
1514 0.0549397591601059
1513 0.052629808324614
1512 0.0513204275259725
1511 0.0504284566916655
1510 0.049164460667009
1509 0.0483310933954721
1508 0.047110811216777
1507 0.047110811216777
1506 0.0459147771089772
1505 0.0459147771089772
1504 0.0459147771089772
1503 0.047110811216777
1502 0.047110811216777
1501 0.0483310933954721
1500 0.0495759739227567
1499 0.0508458043281081
1498 0.0521409372848354
1497 0.0534617264989538
1496 0.0548085265948731
1495 0.0561816929978911
1494 0.0561816929978911
1493 0.0575815818134858
1492 0.0590085497033999
1491 0.0590085497033999
1490 0.0590085497033999
1489 0.0590085497033999
1488 0.0585558965468642
1487 0.0585558965468642
1486 0.0585558965468642
1485 0.056715290209486
1484 0.056715290209486
1483 0.0557408521605839
1482 0.0543735785337671
1481 0.0534617264989538
1480 0.0521409372848354
1479 0.0508458043281081
1478 0.0495759739227567
1477 0.0479253952092519
1476 0.0467109070095406
1475 0.0443542557743779
1474 0.0432113930571948
1473 0.0432113930571948
1472 0.0420917084341616
1471 0.0413661654255287
1470 0.0402861684787622
1469 0.0402861684787622
1468 0.0402861684787622
1467 0.0392283498731087
1466 0.0402861684787622
1465 0.0399204921692991
1464 0.0399204921692991
1463 0.0399204921692991
1462 0.0413661654255287
1461 0.0413661654255287
1460 0.0424686813893383
1459 0.0420917084341616
1458 0.0432113930571948
1457 0.0432113930571948
1456 0.0432113930571948
1455 0.0417380274434039
1454 0.0406465175845736
1453 0.0395774664883813
1452 0.0385305307337324
1451 0.0378378628604921
1450 0.0368289193167748
1449 0.0358411078831877
1448 0.0345571450228826
1447 0.0345571450228826
1446 0.0345571450228826
1445 0.0345571450228826
1444 0.0355190120590468
1443 0.0368289193167748
1442 0.0388682744539881
1441 0.0409948561311378
1440 0.0443542557743779
1439 0.0467109070095406
1438 0.0508458043281081
1437 0.0534617264989538
1436 0.0543735785337671
1435 0.0557408521605839
1434 0.0557408521605839
1433 0.0543735785337671
1432 0.0530326595484987
1431 0.0508458043281081
1430 0.0483310933954721
1429 0.0443542557743779
1428 0.0406465175845736
1427 0.0375053689168748
1426 0.0345571450228826
1425 0.0317928063909808
1424 0.0292035074949262
1423 0.027570278858643
1422 0.0252536318653685
1421 0.0247740483875532
1420 0.0236047643140144
1419 0.0222242921377005
1418 0.0215575612941442
1417 0.020269692063781
1416 0.019409862432052
1415 0.0182184719424257
1414 0.0170825516412374
1413 0.0159999956389912
1412 0.0154780854582843
1411 0.0139868148969015
1410 0.0130522410766074
1409 0.0115699151437684
1408 0.0103590344534313
1407 0.00923792804694243
1406 0.00820095800525105
1405 0.00724274877836386
1404 0.00635818308089209
1403 0.00554239704991259
1402 0.00479077475260337
1401 0.00442165370237214
1400 0.0039747537037522
1399 0.0037604934778298
1398 0.00346276043877493
1397 0.00346276043877493
1396 0.00337971748188209
1395 0.0035837843132988
1394 0.00400960964703186
1393 0.00432316995044359
1392 0.00479077475260337
1391 0.00565322494188788
1390 0.00647696870102201
1389 0.0073699183561862
1388 0.00787306170398688
1387 0.00888319370313684
1386 0.00997564125149615
1385 0.0109107061026405
1384 0.0113176501843885
1383 0.0119117110455999
1382 0.0119117110455999
1381 0.0113176501843885
1380 0.0105140009776999
1379 0.00960200871542594
1378 0.00853760338173907
1377 0.00724274877836386
1376 0.00635818308089209
1375 0.00528494789928435
1374 0.00455372973955476
1373 0.00366888356508454
1372 0.00298856749442547
1371 0.0024422592026722
1370 0.00210347142672487
1369 0.00163092827832811
1368 0.00139960622278434
1367 0.00112068935029256
1366 0.000930636805181393
1365 0.00067852078066404
1364 0.000509712966995988
1363 0.000394120887374933
1362 0.000327803317096211
1361 0.000266130316385103
1360 0.000102848013993335
1359 0
