1042692.93043423 2985650.35947903
2722 0.000177283339683504
2721 0.000526266386416859
2720 0.000952292240119124
2719 0.0014530588675302
2718 0.00206147677583263
2717 0.00279854699094037
2716 0.00368882324520264
2715 0.00476088040148349
2714 0.0056702369939834
2713 0.00669764673845059
2712 0.0078552450773979
2711 0.00915596542113276
2710 0.0106135335840919
2709 0.0111515454507069
2708 0.0117152069895378
2707 0.0123057475600116
2706 0.0129244528535182
2705 0.0135726671432895
2704 0.0154955508652536
2703 0.0176345564725212
2702 0.0200091726858527
2701 0.0226400135889555
2700 0.0255488031379353
2699 0.0290967524040266
2698 0.0330404410627898
2697 0.037413103073474
2696 0.0422492806981729
2695 0.0475846725558381
2694 0.0507584302068777
2693 0.0540869384686927
2692 0.0575740353901815
2691 0.0612234143481927
2690 0.0650386077208739
2689 0.0669851714280811
2688 0.0689923059752637
2687 0.071061827909073
2686 0.0731955982723913
2685 0.0753955229122385
2684 0.0830541023582746
2683 0.091311803243677
2682 0.100196217381603
2681 0.109734074233271
2680 0.119950957134641
2679 0.132002560439061
2678 0.144934597879878
2677 0.158773608957004
2676 0.173542486207304
2675 0.189259921999876
2674 0.189259921999876
2673 0.189259921999876
2672 0.189259921999876
2671 0.189259921999876
2670 0.189259921999876
2669 0.184425086132051
2668 0.179708979216744
2667 0.175109291485148
2666 0.170623717964157
2665 0.166249961293015
2664 0.16492930976857
2663 0.163616176203732
2662 0.162310547152785
2661 0.161012408882292
2660 0.159721747374355
2659 0.161338103015588
2658 0.162979987325842
2657 0.164647828253267
2656 0.166342059636169
2655 0.168063121198115
2654 0.174524174372369
2653 0.181124709163555
2652 0.187862783858584
2651 0.194736227295132
2650 0.201742639727664
2649 0.200735095457065
2648 0.199729108049805
2647 0.198724802937319
2646 0.197722305844102
2645 0.196721742750763
2644 0.180568230909167
2643 0.16537023491796
2642 0.151111155789956
2641 0.137769941176828
2640 0.125321641238907
2639 0.105004853680264
2638 0.0872335096913351
2637 0.0718370202441992
2636 0.0586251099534052
2635 0.0473957842580728
2634 0.0397820052671848
2633 0.0332339365848707
2632 0.0276275021247986
2631 0.0228481536893182
2630 0.0187911511253892
2629 0.016113694860991
2628 0.0137557621075298
2627 0.0116852378000189
2626 0.0098723378688847
2625 0.00828957313103424
2624 0.00918638399082741
2623 0.0101577919151152
2622 0.0112089731693145
2621 0.0123453644912002
2620 0.0135726671432895
2619 0.0171205331302286
2618 0.0214176143249814
2617 0.0265940991144657
2616 0.032795548178429
2615 0.0401828847666926
2614 0.0495154143935731
2613 0.0604802210580515
2612 0.0732516621713991
2611 0.0879992020987615
2610 0.104881836207177
2609 0.115945035271347
2608 0.127945985115388
2607 0.140933952472948
2606 0.154956581334997
2605 0.170059164671892
2604 0.161514186458067
2603 0.153333253736265
2602 0.145506064960757
2601 0.138022167023866
2600 0.130871003342011
2599 0.114756091338701
2598 0.100196217381603
2597 0.0871063211291301
2596 0.0753955229122385
2595 0.0649692432326281
2594 0.0586844438612933
2593 0.052899073037371
2592 0.0475846725558381
2591 0.0427131429774564
2590 0.0382569001330386
2589 0.0353701737268487
2588 0.0326647069134172
2587 0.0301316837834941
2586 0.0277625054862265
2585 0.0255488031379353
2584 0.0249437299415423
2583 0.0243504977223808
2582 0.0237689222964857
2581 0.0231988211773002
2580 0.0226400135889555
2579 0.0231988211773002
2578 0.0237689222964857
2577 0.0243504977223808
2576 0.0249437299415423
2575 0.0255488031379353
2574 0.0261659031787341
2573 0.0267952175991791
2572 0.0274369355864763
2571 0.0280912479627304
2570 0.0287583471668833
2569 0.0287583471668833
2568 0.0287583471668833
2567 0.0287583471668833
2566 0.0287583471668833
2565 0.0287583471668833
2564 0.0271145142587008
2563 0.0255488031379353
2562 0.0240582643556278
2561 0.0226400135889555
2560 0.0212912330525777
2559 0.019760529854498
2558 0.018321285953417
2557 0.016969024255551
2556 0.0156994132333177
2555 0.0145082676670292
2554 0.0143836768523152
2553 0.0142619387048702
2552 0.0141429866234706
2551 0.0140267557526949
2550 0.0139131829342847
2549 0.0144724311067264
2548 0.0150497804188875
2547 0.0156457110673381
2546 0.0162607119042089
2545 0.0168952804394266
2544 0.0189214970533494
2543 0.0211425620522364
2542 0.023573299764348
2541 0.0262292145140177
2540 0.0291264716149192
2539 0.0314813984576092
2538 0.0340064891316852
2537 0.0367125269096692
2536 0.0396108072678625
2535 0.0427131429774564
2534 0.0427674958440621
2533 0.0428243164224305
2532 0.0428835671024421
2531 0.0429452107669088
2530 0.0430092107804159
2529 0.0407471518537875
2528 0.0385833070035122
2527 0.0365144636715996
2526 0.0345374536920131
2525 0.0326491564035417
2524 0.0326491564035417
2523 0.0326491564035417
2522 0.0326491564035417
2521 0.0326491564035417
2520 0.0326491564035417
2519 0.0329447961280021
2518 0.0332464641027004
2517 0.0335542960935152
2516 0.0338684311631089
2515 0.0341890117507522
2514 0.0350374461936879
2513 0.0359010108131331
2512 0.0367797902103636
2511 0.0376738640594957
2510 0.0385833070035122
2509 0.0394372658174494
2508 0.0403066291722522
2507 0.0411916029670316
2506 0.0420923941695973
2505 0.0430092107804159
2504 0.0453727373504135
2503 0.0478410224813104
2502 0.050417390502102
2501 0.0531051949293259
2500 0.0559078139545987
2499 0.0612234143481927
2498 0.0669729996273286
2497 0.0731842466097019
2496 0.079885630982828
2495 0.0871063211291301
2494 0.101942712064359
2493 0.11856231654905
2492 0.137049824159129
2491 0.157471740919332
2490 0.179872710173588
2489 0.200735095457065
2488 0.223334352277213
2487 0.247710670639821
2486 0.273887822351946
2485 0.301870462698133
2484 0.308812047900894
2483 0.315801693496555
2482 0.322836232476047
2481 0.329912436830918
2480 0.337027021773323
2479 0.327852285710781
2478 0.318758590742834
2477 0.309751852256392
2476 0.300837804164206
2475 0.292021989184843
2474 0.294936356553337
2473 0.297852429633635
2472 0.300769687941836
2471 0.303687611380504
2470 0.306605680530206
2469 0.311626970066416
2468 0.31673059327199
2467 0.321917417263983
2466 0.327188290523398
2465 0.332544041191299
2464 0.348291846933847
2463 0.364315457881313
2462 0.380590339681432
2461 0.397090499721755
2460 0.413788574786844
2459 0.42700260914867
2458 0.440482816098511
2457 0.454224385971896
2456 0.468221713145925
2455 0.482468363742156
2454 0.480498521280689
2453 0.478544841698937
2452 0.476607197801879
2451 0.474685461813071
2450 0.472779505446892
2449 0.46500528462606
2448 0.457215410588756
2447 0.449413935206812
2446 0.441604917273565
2445 0.433792417250073
2444 0.439214068489121
2443 0.444622520008957
2442 0.450016064848574
2441 0.455393008384122
2440 0.46075166970122
2439 0.4703657183216
2438 0.480044499368404
2437 0.489783843081027
2436 0.49957944312229
2435 0.509426858706314
2434 0.51684367836961
2433 0.524285097581355
2432 0.531749098919534
2431 0.539233625355802
2430 0.546736581003522
2429 0.551530175331026
2428 0.556366516316611
2427 0.561245589652469
2426 0.566167362929543
2425 0.571131784994236
2424 0.573849874898986
2423 0.576541278456187
2422 0.579205635140241
2421 0.581842596107731
2420 0.584451824241591
2419 0.584451824241591
2418 0.584451824241591
2417 0.584451824241591
2416 0.584451824241591
2415 0.584451824241591
2414 0.581930357464025
2413 0.57940954195207
2412 0.576889463303279
2411 0.574370206705648
2410 0.571851856933465
2409 0.571851856933465
2408 0.571851856933465
2407 0.571851856933465
2406 0.571851856933465
2405 0.571851856933465
2404 0.574370206705648
2403 0.576889463303279
2402 0.57940954195207
2401 0.581930357464025
2400 0.584451824241591
2399 0.584451824241591
2398 0.584451824241591
2397 0.584451824241591
2396 0.584451824241591
2395 0.584451824241591
2394 0.576889463303279
2393 0.569334498343128
2392 0.561789206873584
2391 0.55425583190725
2390 0.546736581003522
2389 0.541732667486554
2388 0.536736631228573
2387 0.531749098919534
2386 0.526770689675964
2385 0.521802014937932
2384 0.531749098919534
2383 0.541732667486554
2382 0.551747737622806
2381 0.561789206873584
2380 0.571851856933465
2379 0.584375236488052
2378 0.597019775516663
2377 0.609778159782806
2376 0.622642583935873
2375 0.635604743790936
2374 0.632908649134619
2373 0.630229415433241
2372 0.627567013272282
2371 0.624921409867352
2370 0.622292569181558
2369 0.622292569181558
2368 0.622292569181558
2367 0.622292569181558
2366 0.622292569181558
2365 0.622292569181558
2364 0.657459241688301
2363 0.692216621765671
2362 0.726297763271935
2361 0.759429279519925
2360 0.791334875752292
2359 0.845708966161149
2358 0.894360480097867
2357 0.935774603124238
2356 0.968573005439479
2355 0.991587301956331
2354 1
2353 0.993364955853657
2352 0.972178102174568
2351 0.937559404814259
2350 0.891158355455988
2349 0.836293306439311
2348 0.77326934263544
2347 0.704480181857066
2346 0.632366741507853
2345 0.559276648075189
2344 0.514368573394283
2343 0.4703657183216
2342 0.427669200776871
2341 0.386623659785447
2340 0.347514902200205
2339 0.322632624545314
2338 0.298765587244341
2337 0.275955173415409
2336 0.254231962946497
2335 0.233616256221538
2334 0.215700676967001
2333 0.198726265711872
2332 0.182688667799076
2331 0.16757814393184
2330 0.153380081141514
2329 0.141248671232257
2328 0.129838714298499
2327 0.11913089440251
2326 0.109103911040435
2325 0.099734784551798
2324 0.0961659162559565
2323 0.0926968066579097
2322 0.0893258179122063
2321 0.0860512894671374
2320 0.0828715407133409
2319 0.0775429963730406
2318 0.0724654366322886
2317 0.0676336210478424
2316 0.0630419385608266
2315 0.0586844438612933
2314 0.0507183797851119
2313 0.0436533518406023
2312 0.037413103073474
2311 0.0319237699544241
2310 0.0271145142587008
2309 0.0212912330525777
2308 0.0165368468653765
2307 0.0126864897318241
2306 0.00959327142861641
2305 0.00712811599817276
2304 0.00531125217715941
2303 0.00386575463166384
2302 0.00272195854900807
2301 0.00182169316923125
2300 0.0011167789968161
2299 0.000600061864103637
2298 0.00019069321086312
2263 2.92050721615087e-05
2262 0.000107672374911987
2261 0.00019069321086312
2260 0.000278505256726143
2259 0.000301235762388642
2258 0.000324285177130525
2257 0.00034765753276983
2256 0.000371356905225728
2255 0.000395387414899079
2254 0.000400326205587067
2253 0.000405534142484073
2252 0.000411016988670714
2251 0.000416780693769838
2250 0.0004228314006825
2249 0.000551678115514746
2248 0.000689805154286724
2247 0.000837809133444645
2246 0.000996319341055463
2245 0.00116599910077243
2244 0.00142365301260184
2243 0.00170661419437525
2242 0.00201707155661397
2241 0.00235737118851329
2240 0.00273002436262573
2239 0.00319898226122006
2238 0.00371800853051663
2237 0.00429172678684334
2236 0.00492510171608756
2235 0.00562345459340537
2234 0.0060954354348247
2233 0.00659648046364648
2232 0.00712811599817276
2231 0.00769192996291796
2230 0.00828957313103424
2229 0.00853848451375895
2228 0.00879319485911359
2227 0.00905381849721101
2226 0.00932047144743325
2225 0.00959327142861641
2224 0.0104497564420219
2223 0.0113659677510926
2222 0.0123453644912002
2221 0.0133915488785041
2220 0.0145082676670292
2219 0.0152938487830307
2218 0.016113694860991
2217 0.016969024255551
2216 0.0178610842720359
2215 0.0187911511253892
2214 0.0171885464052829
2213 0.0156994132333177
2212 0.0143170862692296
2211 0.0130351716061975
2210 0.0118475461760266
2209 0.0104497564420219
2208 0.00918638399082741
2207 0.00804634805956715
2206 0.00701926632775538
2205 0.0060954354348247
2204 0.00566929437287021
2203 0.00526442303059007
2202 0.00487999969961844
2201 0.00451521972010896
2200 0.00416929598322841
2199 0.0042067115945476
2198 0.00424522174110268
2197 0.00428485390942488
2196 0.0043256364205405
2195 0.0043675984576076
2194 0.00441077009448397
2193 0.00445518232525351
2192 0.00450086709474265
2191 0.0045478573300589
2190 0.00459618697318102
2189 0.0043230033432653
2188 0.00406102978562025
2187 0.00380990400367811
2186 0.00356927016611439
2185 0.00333877905662818
2184 0.00248980232453654
2183 0.00178754957454114
2182 0.00120908294472764
2181 0.000734561835610152
2180 0.000346920555800088
2179 0
