1220653.1990441 2050601.77973856
1559 0
1558 7.80326915560876e-05
1557 0.000160758086644644
1556 0.000248454326757207
1555 0.000341415278701319
1554 0.000248454326757207
1553 0.000160758086644644
1552 7.80326915560876e-05
1551 0
1544 0.000172053755408621
1543 0.000461531255520781
1542 0.000801646970609959
1541 0.00120008752886603
1540 0.00166548531971279
1539 0.00235132966241268
1538 0.00317811826152233
1537 0.00417073968419741
1536 0.00535756668640824
1535 0.00677075435976983
1534 0.00822135063246297
1533 0.00989989798897557
1532 0.011836028759023
1531 0.0140621296155454
1530 0.0166134134855009
1529 0.0190878344303181
1528 0.0218547544564455
1527 0.0249413648221505
1526 0.0283763518666448
1525 0.0321898380943139
1524 0.0347348135981158
1523 0.0374520407757616
1522 0.0403510285368874
1521 0.0434416010274029
1520 0.0467338872890673
1519 0.0497557969990794
1518 0.0529456517810233
1517 0.0563108097294447
1516 0.0598587829207515
1515 0.0635972256098713
1514 0.0662781557972424
1513 0.0690462678958954
1512 0.0719031191490845
1511 0.0748502300097659
1510 0.0778890804993681
1509 0.0792735874689302
1508 0.0806774300537141
1507 0.0821007770059571
1506 0.0835437965098487
1505 0.0850066561314073
1504 0.0846237827739344
1503 0.0842476961665303
1502 0.0838783154093215
1501 0.0835155603198015
1500 0.0831593514358947
1499 0.0817307130660552
1498 0.080321442732803
1497 0.0789313758446764
1496 0.0775603472543581
1495 0.076208191306587
1494 0.076208191306587
1493 0.076208191306587
1492 0.076208191306587
1491 0.076208191306587
1490 0.076208191306587
1489 0.0772087644150923
1488 0.0782266153323854
1487 0.0792620245569242
1486 0.0803152756030273
1485 0.0813866549584938
1484 0.0838933750598379
1483 0.0864583070953572
1482 0.0890820200243544
1481 0.0917650564757497
1480 0.0945079315072643
1479 0.0965246705263935
1478 0.0985848131641232
1477 0.100689140493822
1476 0.102838438636177
1475 0.105033498314505
1474 0.108053627058416
1473 0.111136806013029
1472 0.114283402736366
1471 0.117493749297532
1470 0.120768141104872
1469 0.121300741600384
1468 0.121841697841548
1467 0.122391102249948
1466 0.122949047759425
1465 0.123515627801835
1464 0.122949047759425
1463 0.122391102249948
1462 0.121841697841548
1461 0.121300741600384
1460 0.120768141104872
1459 0.120340391595657
1458 0.11991773438611
1457 0.119500198355285
1456 0.119087811859958
1455 0.118680602736101
1454 0.121564137816895
1453 0.124500164353565
1452 0.127489143147099
1451 0.130531524514527
1450 0.133627747796512
1449 0.134671861386268
1448 0.135722020605813
1447 0.136778240860704
1446 0.137840537404539
1445 0.138908925336873
1444 0.133627747796512
1443 0.128497314723816
1442 0.123515627801835
1441 0.118680602736101
1440 0.113990075585581
1439 0.112153825300062
1438 0.110340191170766
1437 0.108549025250537
1436 0.106780177993216
1435 0.105033498314505
1434 0.111641248816213
1433 0.118548113533338
1432 0.125759226482454
1431 0.133279193325714
1430 0.141112047747944
1429 0.151722651225947
1428 0.162939248629845
1427 0.174777788958449
1426 0.187252718722674
1425 0.200376758157968
1424 0.212187382902116
1423 0.224428584144024
1422 0.237096507471838
1421 0.250185696856413
1420 0.263689045904982
1419 0.27835433270238
1418 0.29355427019235
1417 0.309285289406899
1416 0.325541591600945
1415 0.342315023702746
1414 0.362366570429204
1413 0.382933448763611
1412 0.403975210315814
1411 0.425447153674873
1410 0.447300438641578
1409 0.468961011869332
1408 0.491044973256557
1407 0.513508842114005
1406 0.53630487076493
1405 0.559381087469037
1404 0.578053448898373
1403 0.596779447516672
1402 0.615524696660215
1401 0.634253659677019
1400 0.652929750877939
1399 0.657586133938895
1398 0.662236276365013
1397 0.666879580236554
1396 0.671515444653705
1395 0.676143265858876
1394 0.662236276365013
1393 0.64826772200127
1392 0.634253659677019
1391 0.62020987625035
1390 0.606151861002989
1389 0.594436928281517
1388 0.582731242742845
1387 0.571043219529415
1386 0.559381087469037
1385 0.547752880719971
1384 0.561801486952096
1383 0.575841292145491
1382 0.589854993511293
1381 0.603825046509211
1380 0.617733708168911
1379 0.638562978412294
1378 0.659307156554241
1377 0.679913384906218
1376 0.7003276246254
1375 0.720494879647086
1374 0.742881238211753
1373 0.764927188801932
1372 0.78655341205483
1371 0.80767939900871
1370 0.828223910955599
1369 0.84752187583145
1368 0.865981035573533
1367 0.883527819682652
1366 0.900091214010389
1365 0.915603237674971
1364 0.927212407430566
1363 0.938076135428411
1362 0.948164957771569
1361 0.957451298639453
1360 0.96590959578417
1359 0.974406320528337
1358 0.981795493710606
1357 0.988050910927622
1356 0.993150284167496
1355 0.997075374104099
1354 0.999000067641946
1353 0.999423766497839
1352 0.998353935650152
1351 0.995804894381788
1350 0.991797633368227
1349 0.988893618474843
1348 0.985288210410151
1347 0.980989138181611
1346 0.976005593057626
1345 0.970348195825329
1344 0.968609674819393
1343 0.966817418315174
1342 0.964971735873035
1341 0.96307294587391
1340 0.961121375427787
1339 0.965031779940233
1338 0.968872055856402
1337 0.972639456305778
1336 0.976331240618459
1335 0.979944678605971
1334 0.984181780193397
1333 0.988066414829024
1332 0.991594277036672
1331 0.99476144686241
1330 0.99756439713266
1329 0.998080998493325
1328 0.998582881572643
1327 0.999070023932295
1326 0.999542403785773
1325 1
1324 0.994970147162716
1323 0.989022226769345
1322 0.982179015325323
1321 0.974465673423279
1320 0.96590959578417
1319 0.952910084639241
1318 0.938076135428411
1317 0.921499091115238
1316 0.903279845123816
1315 0.883527819682652
1314 0.859908403761342
1313 0.834913567972742
1312 0.808715433151662
1311 0.781488251410995
1310 0.753406565290668
1309 0.716304166514847
1308 0.677970209577174
1307 0.638789087330717
1306 0.599138063764369
1305 0.559381087469037
1304 0.504010562651773
1303 0.450232606905762
1302 0.398744288791969
1301 0.350110856904218
1300 0.304762645025532
1299 0.269700871299654
1298 0.237235563761895
1297 0.20741687943297
1296 0.180244818623337
1295 0.155675482921653
1294 0.145447997728972
1293 0.135722020605813
1292 0.12648690528004
1291 0.117731008050122
1290 0.109441808994392
1289 0.105033498314505
1288 0.100762777610354
1287 0.0966272255369141
1286 0.092624371083476
1285 0.0887516991759745
1284 0.0850066561314073
1283 0.0813866549584938
1282 0.0778890804993681
1281 0.0745112944077164
1280 0.0712506399593738
1279 0.0638869676433091
1278 0.0571455058378176
1277 0.0509892091929367
1276 0.045381349150455
1275 0.0402857771902251
1274 0.0308358313262269
1273 0.0232845911060437
1272 0.017319115615928
1271 0.0126594693911942
1270 0.00906047839907847
1269 0.00640380581225597
1268 0.00437443094811621
1267 0.00283995180135292
1266 0.00169138166914897
1265 0.000840296106416796
1264 0.000566780500852656
1263 0.000325551496867431
1262 0.000113138100890266
1215 1.67428136626515e-05
1214 0.00025895097420087
1213 0.000541264658545323
1212 0.000869567469914616
1211 0.00125047088413639
1210 0.00169138166914897
1209 0.00216333108818654
1208 0.00270378120043218
1207 0.00332165581179481
1206 0.00402686490043614
1205 0.00483038441147915
1204 0.00530177804314591
1203 0.00580549256877584
1202 0.00634342466043704
1201 0.00691755738209169
1200 0.00752996227810795
1199 0.00732144327370497
1198 0.00711733499740672
1197 0.00691755738209169
1196 0.00672203148580402
1195 0.00653067948379713
1194 0.00567197366675111
1193 0.00490507478956846
1192 0.00422066280782331
1191 0.00361027536370537
1190 0.00306624337284532
1189 0.00203527974060518
1188 0.0012304273489889
1187 0.000606493945400942
1186 0.000126185403833888
