1770409.64508887 3290131.7119222
675 4.73837379219101e-05
674 0.000596100896757685
673 0.00142135828783319
672 0.00263978097060248
671 0.00440586678208812
670 0.0069192971054805
669 0.00997893564794285
668 0.0140899510165991
667 0.0195510960325801
666 0.0267211845813664
665 0.0360218736980614
664 0.0476672205413928
663 0.0621467393215121
662 0.0798795343004164
661 0.101269224972229
660 0.126679468211681
659 0.152456438847999
658 0.182068168319575
657 0.21573823764494
656 0.253615722000773
655 0.295752563149333
654 0.337874143570104
653 0.382690526892844
652 0.429788536950619
651 0.478656416852058
650 0.528691385533222
649 0.564477016855611
648 0.60085481411255
647 0.637597704278482
646 0.674454320441872
645 0.711150717847927
644 0.721901865954323
643 0.732568296409767
642 0.743141523118315
641 0.753613031044022
640 0.763974287343554
639 0.792015453029967
638 0.819359219039722
637 0.845832906081225
636 0.871260884781787
635 0.89546629382356
634 0.941071682121007
633 0.973149539351112
632 0.990611513967832
631 0.993075786825824
630 0.980864560516597
629 0.964660730127861
628 0.937244677433361
627 0.899427640073509
626 0.852387277369187
625 0.797605966558425
624 0.776656247096559
623 0.755420482125677
622 0.733968801498961
621 0.712368725509628
620 0.690684914838409
619 0.694733142064301
618 0.698804299861363
617 0.702897937529445
616 0.707013578113545
615 0.711150717847927
614 0.721901865954323
613 0.732568296409767
612 0.743141523118315
611 0.753613031044022
610 0.763974287343554
609 0.787673838700719
608 0.810618438979399
607 0.832700838728023
606 0.85381557425967
605 0.873859799073894
604 0.907908694774574
603 0.937331028856409
602 0.961600073885421
601 0.980272603409594
600 0.993002348929313
599 1
598 0.998596539445756
597 0.988827263280135
596 0.970936946161622
595 0.945369648300077
594 0.917480426969834
593 0.884794584880197
592 0.84788758832088
591 0.807390940768631
590 0.763974287343554
589 0.729022755795397
588 0.693066794035787
587 0.656417843388539
586 0.619379027176632
585 0.582241185644633
584 0.56391940478566
583 0.54583372634195
582 0.528007061823182
581 0.51046025635909
580 0.493212130524588
579 0.51046025635909
578 0.528007061823182
577 0.54583372634195
576 0.56391940478566
575 0.582241185644633
574 0.637767457727008
573 0.692145810389957
572 0.744322855493932
571 0.79324386509432
570 0.837890322751725
569 0.893384752334999
568 0.939166238234333
567 0.973199223694505
566 0.993847247911123
565 1
564 0.98455680090838
563 0.952206342227072
562 0.904872001354723
561 0.845134634157575
560 0.776005163747473
559 0.7018117653328
558 0.622810042009223
557 0.542189410764183
556 0.462900519657917
555 0.387475809108531
554 0.321863947209293
553 0.262946471486898
552 0.211253865442752
551 0.166896901154651
550 0.129641971877886
549 0.102581614492221
548 0.0799100220038227
547 0.0612542090286944
546 0.0461763059422824
545 0.03420698209406
544 0.0278054274361121
543 0.0224637830910408
542 0.0180311626985779
541 0.0143725912211148
540 0.0113686212770339
539 0.00891125096161987
538 0.00689590254332303
537 0.00525468937267699
536 0.00392756959458533
535 0.00286200222374811
534 0.00221533561311194
533 0.0016750345158275
532 0.00122462063059584
531 0.000849955398289348
530 0.00053895175346327
529 0.000240767741162328
528 0
