787924.023772235 1201888.30669986
2353 5.42675250645957e-05
2352 0.00121252824462289
2351 0.00292342154268803
2350 0.00540065716819332
2349 0.00872182762885135
2348 0.0133006929271309
2347 0.0195102390998792
2346 0.0277921430046392
2345 0.0386537114897187
2344 0.0469384169773076
2343 0.0565758705509388
2342 0.0677121307433156
2341 0.0804935547087929
2340 0.0950632298392577
2339 0.10583726648441
2338 0.117504066585567
2337 0.130098030261671
2336 0.143649830379547
2335 0.15818569422512
2334 0.172392787474983
2333 0.187456385410524
2332 0.203383698835289
2331 0.220176818161842
2330 0.237832264828706
2329 0.25462312182922
2328 0.272107210611775
2327 0.290268264804632
2326 0.309085241629712
2325 0.328532158229786
2324 0.336480524920724
2323 0.344522553727621
2322 0.352655893999032
2321 0.360878061657818
2320 0.369186438896108
2319 0.381160065333137
2318 0.393383378438675
2317 0.405852546591995
2316 0.418563025853496
2315 0.431509529324269
2314 0.463515015884133
2313 0.496124937886767
2312 0.529144196162156
2311 0.56235994129286
2310 0.595543488535477
2309 0.642410182777065
2308 0.687972948618266
2307 0.731463579381722
2306 0.772108586617754
2305 0.809151685780503
2304 0.840319461877696
2303 0.866157937128231
2302 0.886198641271541
2301 0.900096840566002
2300 0.90764105190245
2299 0.910771897944951
2298 0.909273194662357
2297 0.903167716262178
2296 0.892547983132736
2295 0.877573929080463
2294 0.869082016708208
2293 0.859702291343026
2292 0.84946528748089
2291 0.838404068406638
2290 0.826554048417944
2289 0.825019182619976
2288 0.823472652070724
2287 0.82191453289104
2286 0.820344901669174
2285 0.818763835454537
2284 0.815567708512533
2283 0.81232677744354
2282 0.809041674599073
2281 0.805713039098545
2280 0.802341516622636
2279 0.80738275822712
2278 0.81232677744354
2277 0.817171411751389
2276 0.82191453289104
2275 0.826554048417944
2274 0.836965202837884
2273 0.846775908281005
2272 0.855962154747054
2271 0.864501283514932
2270 0.872372080184822
2269 0.880523735428373
2268 0.88775002353606
2267 0.894027054255492
2266 0.899333968510511
2265 0.903653053875667
2264 0.905437510602254
2263 0.906969843064078
2262 0.908248763150451
2261 0.909273194662357
2260 0.910042274821665
2259 0.910194565527713
2258 0.910330847187363
2257 0.910451112618393
2256 0.910555355482066
2255 0.910643570283681
2254 0.912856136328998
2253 0.915003510265437
2252 0.917084186488282
2251 0.919096661058179
2250 0.92103943287582
2249 0.920417353471509
2248 0.919381485964884
2247 0.917933225410261
2246 0.916074520497737
2245 0.913807869183789
2244 0.909955101046259
2243 0.905318912549451
2242 0.899911430016121
2241 0.893746744445457
2240 0.886840850337392
2239 0.878063749654324
2238 0.868371300135597
2237 0.857795750530981
2236 0.846372004666716
2235 0.834137429676954
2234 0.826096591108233
2233 0.817764549798942
2232 0.809151685780503
2231 0.800268648938308
2230 0.791126337138288
2229 0.787399300053636
2228 0.783633277809588
2227 0.779828996707803
2226 0.775987187792496
2225 0.772108586617754
2224 0.760259447825692
2223 0.748106042556501
2222 0.735668822562438
2221 0.722968453414869
2220 0.710025757932025
2219 0.701272998864444
2218 0.692428051017435
2217 0.683497129402367
2216 0.674486443694581
2215 0.665402191204912
2214 0.681251693511738
2213 0.696861660058159
2212 0.712198814948286
2211 0.727229865850344
2210 0.74192162214861
2209 0.760259447825692
2208 0.777912737357676
2207 0.794813667736602
2206 0.810896216916962
2205 0.826096591108233
2204 0.832441113707883
2203 0.838734147133096
2202 0.844971910996592
2201 0.851150563066445
2200 0.857266201552698
2199 0.855798505145305
2198 0.854235449112596
2197 0.852576618011082
2196 0.850821640807964
2195 0.848970192009478
2194 0.847021992761922
2193 0.844976811922935
2192 0.842834467100481
2191 0.840594825656992
2190 0.838257805676186
2189 0.843285123729873
2188 0.848299543065908
2187 0.85329951922432
2186 0.858283477647692
2185 0.863249814019485
2184 0.886831559245625
2183 0.90755535070323
2182 0.92519379694342
2181 0.939550508323594
2180 0.950463735313031
2179 0.95976411783199
2178 0.96545156400325
2177 0.967415084431765
2176 0.965586052737312
2175 0.959940443576305
2174 0.964371386367296
2173 0.96851835567195
2172 0.972373569550509
2171 0.975929455322696
2170 0.979178669302266
2169 0.984860819557197
2168 0.988888955458564
2167 0.991203327100438
2166 0.991753098344342
2165 0.990497221379656
2164 0.99576536180167
2163 0.998939658555962
2162 1
2161 0.998939658555962
2160 0.99576536180167
2159 0.986572077224642
2158 0.968851630321912
2157 0.942898519489137
2156 0.909234872381761
2155 0.868593736876741
2154 0.810192953183059
2153 0.746203701171939
2152 0.67860854450855
2151 0.609352636703529
2150 0.540254229446196
2149 0.485231041614173
2148 0.431109212066793
2147 0.378830276175145
2146 0.329204265174419
2145 0.282884414020113
2144 0.258540108151528
2143 0.235505441539703
2142 0.213804598951688
2141 0.193448075912675
2140 0.174433655557248
2139 0.176599351099012
2138 0.178787144711537
2137 0.180996888710947
2136 0.18322842458634
2135 0.185481582956995
2134 0.208836937507366
2133 0.233906195234116
2132 0.260602404400198
2131 0.288802324020937
2130 0.318346911992499
2129 0.332204359121826
2128 0.346386186482069
2127 0.360883312192823
2126 0.3756855112553
2125 0.390781400919409
2124 0.395876493196735
2123 0.401002339042951
2122 0.406158430105895
2121 0.411344243501961
2120 0.416559241814682
2119 0.413407117112055
2118 0.410254356878558
2117 0.407101596056649
2116 0.403949467771556
2115 0.400798602934777
2114 0.398200788547801
2113 0.395610871509637
2112 0.393028915704399
2111 0.390454984071873
2110 0.387889138608098
2109 0.375183307707471
2108 0.362688389174481
2107 0.350411076456722
2106 0.33835748224561
2105 0.326533144644856
2104 0.312653518074601
2103 0.299118680612008
2102 0.285935030902793
2101 0.273107864093668
2100 0.260641403531944
2099 0.245848097087656
2098 0.231556042861118
2097 0.217774648821449
2096 0.204510924932089
2095 0.191769556163947
2094 0.177666035694454
2093 0.164369050697366
2092 0.151856092298213
2091 0.140102588214579
2090 0.129082271989698
2089 0.118146978752244
2088 0.10792525731591
2087 0.0983916905620104
2086 0.0895194850838961
2085 0.0812807750443195
2084 0.0747928708661631
2083 0.0687033548663782
2082 0.0629981275776428
2081 0.0576626113672124
2080 0.0526818608655546
2079 0.0506704164474491
2078 0.0487285720455883
2077 0.0468551031692626
2076 0.0450487247652327
2075 0.0433080972732322
2074 0.0467657490718024
2073 0.0504405535474364
2072 0.0543405723168797
2071 0.0584736037140338
2070 0.06284712220115
2069 0.0658051399510958
2068 0.0688723875512817
2067 0.0720515353411501
2066 0.0753452497597232
2065 0.0787561892272027
2064 0.0728641193103927
2063 0.0673249430793766
2062 0.0621243719472297
2061 0.0572480989078515
2060 0.0526818608655546
2059 0.0480406685393411
2058 0.0437236648246108
2057 0.0397154123285629
2056 0.0360004937013567
2055 0.032563592871169
2054 0.0315596127280474
2053 0.0305876666578315
2052 0.0296467553573023
2051 0.0287359061985815
2050 0.0278541728631891
2049 0.0270006349557763
2048 0.0261743975997227
2047 0.0253745910166967
2046 0.0246003700921686
2045 0.0238509139287417
2044 0.0210778720579834
2043 0.0185609825895601
2042 0.0162817617024034
2041 0.0142224398357378
2040 0.0123660093130827
2039 0.0114731954826259
2038 0.0106325197308926
2037 0.00984154022077313
2036 0.00909786834856527
2035 0.00839917348581875
2034 0.00993045145218848
2033 0.0116566929244157
2032 0.0135973134634716
2031 0.0157727912857934
2030 0.0182045942580117
2029 0.0198098713602611
2028 0.0215220863147355
2027 0.0233464706853084
2026 0.0252883524877841
2025 0.0273531446258344
2024 0.0259061547057257
2023 0.0245209797277504
2022 0.0231955164447306
2021 0.021927704050486
2020 0.0207155249235078
2019 0.0179156287750832
2018 0.0154216051280931
2017 0.0132055962925934
2016 0.0112415188432013
2015 0.00950505530919207
2014 0.00755101800401875
2013 0.00589833185493547
2012 0.00450632166276666
2011 0.00333871773985171
2010 0.00236337778773014
2009 0.00138534084082115
2008 0.000610334605061738
2007 0
