-382252.730402521 1346082.60856613
1899 0
1898 9.2261793659906e-05
1897 0.000187641965647426
1896 0.000286240796876535
1895 0.000388161498184526
1894 0.000588149641612928
1893 0.000799984312923658
1892 0.00102427912184075
1891 0.00126167337127678
1890 0.00151283273615169
1889 0.0017790203993648
1888 0.0020609075657108
1887 0.00235932731567506
1886 0.00267515012211376
1885 0.00300928504781275
1884 0.00329685109074972
1883 0.00359747491519251
1882 0.00391166793093385
1881 0.00423995735936394
1880 0.00458288651453928
1879 0.0049186583020508
1878 0.00526889116401265
1877 0.00563414265062141
1876 0.00601498803528041
1875 0.00641202066818058
1874 0.00687570236896409
1873 0.00736042429864023
1872 0.00786698541526553
1871 0.00839620632181558
1870 0.00894892938843411
1869 0.00941444539622603
1868 0.00989641703939437
1867 0.0103953295633864
1866 0.0109116785147591
1865 0.0114459697990761
1864 0.0116838845722095
1863 0.0119260228045255
1862 0.012172456298734
1861 0.0124232578931749
1860 0.0126785014701291
1859 0.0123531194289252
1858 0.0120341249113714
1857 0.0117214122993062
1856 0.0114148770981573
1855 0.0111144159434768
1854 0.0103630626081044
1853 0.00964907487380332
1852 0.00897083356477647
1851 0.00832677421310755
1850 0.00771538619555119
1849 0.00737481721227005
1848 0.00704423229825024
1847 0.00672338176288854
1846 0.00641202066818058
1845 0.00610990878838925
1844 0.00647354533022905
1843 0.00685056963362201
1842 0.00724139924794188
1841 0.00764646152751919
1840 0.00806619373007929
1839 0.00902808452518914
1838 0.010065669004334
1837 0.0111838855245229
1836 0.0123879016261363
1835 0.0136831165194756
1834 0.0152264125968377
1833 0.0168951533800043
1832 0.018697428782311
1831 0.0206416454756017
1830 0.0227365198907788
1829 0.0249329705154019
1828 0.0272909156202521
1827 0.0298195019401777
1826 0.0325281486966031
1825 0.0354265335197729
1824 0.0377697994702121
1823 0.040236618944075
1822 0.042831973149229
1821 0.0455609348634605
1820 0.0484286619927686
1819 0.0505824292546877
1818 0.0528139001480929
1817 0.0551251643968537
1816 0.0575183304419976
1815 0.0599955234812177
1814 0.0621448189677225
1813 0.0643564875371761
1812 0.066631664956895
1811 0.0689714732525048
1810 0.0713770187349322
1809 0.0728744836010673
1808 0.0743962825674319
1807 0.0759426686233184
1806 0.0775138940966483
1805 0.0791102105620679
1804 0.0795132395480697
1803 0.0799178563049474
1802 0.0803240647377074
1801 0.0807318687474924
1800 0.0811412722314834
1799 0.0810298281761268
1798 0.0809199681385778
1797 0.0808116930822155
1796 0.0807050039482522
1795 0.0805999016560548
1794 0.0801918175314463
1793 0.079785334228436
1792 0.0793804478177939
1791 0.0789771543664536
1790 0.0785754499376109
1789 0.0789771543664536
1788 0.0793804478177939
1787 0.079785334228436
1786 0.0801918175314463
1785 0.0805999016560548
1784 0.0835016427390771
1783 0.0864833560895649
1782 0.0895463708648277
1781 0.0926920032484263
1780 0.0959215547355297
1779 0.0963898449223158
1778 0.0968598777171942
1777 0.0973316568298779
1776 0.0978051859622705
1775 0.0982804688083547
1774 0.0923494371341268
1773 0.0867023278974022
1772 0.0813304373998219
1771 0.076224959136195
1770 0.0713770187349322
1769 0.0663238578499654
1768 0.0615547705033201
1767 0.0570588210997754
1766 0.0528250877849128
1765 0.048842701279568
1764 0.0468589956140892
1763 0.0449390545167514
1762 0.0430814326721219
1761 0.0412846897779471
1760 0.0395473919509019
1759 0.0403500992061622
1758 0.041171161650832
1757 0.0420109626466752
1756 0.0428698908283075
1755 0.0437483400268004
1754 0.0476289746638165
1753 0.0517792361826619
1752 0.0562117620852835
1751 0.0609391562600694
1750 0.0659739174111663
1749 0.0717491174872306
1748 0.0779106111232401
1747 0.0844745474544609
1746 0.0914568518316415
1745 0.0988731258896251
1744 0.102624785753461
1743 0.106488414385414
1742 0.110466028911292
1741 0.114559617755471
1740 0.1187711367278
1739 0.121855821430094
1738 0.125012171250737
1737 0.128241270515564
1736 0.131544188836408
1735 0.134921979250616
1734 0.138819105018147
1733 0.14280036596213
1732 0.146866271629457
1731 0.151017273972523
1730 0.155253765026782
1729 0.15943797701938
1728 0.163700652529868
1727 0.168042107483508
1726 0.172462616469493
1725 0.176962411479306
1724 0.181391949718734
1723 0.185897975347865
1722 0.190480777476678
1721 0.195140611804996
1720 0.199877699630933
1719 0.205204394320234
1718 0.210643889502062
1717 0.216196978145778
1716 0.221864373870844
1715 0.22764670669823
1714 0.233933671748623
1713 0.240328985703089
1712 0.246832123810873
1711 0.253442459591677
1710 0.260159262988642
1709 0.273768201022685
1708 0.287790037507252
1707 0.302217014091238
1706 0.317039773568464
1705 0.332247323547244
1704 0.359964476167098
1703 0.388835699267598
1702 0.41877523586094
1701 0.449680294569192
1700 0.481430960503972
1699 0.507337537394215
1698 0.533626033330451
1697 0.560212551185441
1696 0.587006895828088
1695 0.613912959063483
1694 0.62197286964362
1693 0.630007146341898
1692 0.638011601888086
1691 0.645982027489128
1690 0.653914197829875
1689 0.653880785323669
1688 0.653846792307239
1687 0.653812214633956
1686 0.653777048122973
1685 0.653741288560102
1684 0.652451123888692
1683 0.651157886246569
1682 0.649861635779075
1681 0.648562432729134
1680 0.647260337429276
1679 0.645982027489128
1678 0.644697641104173
1677 0.64340738764039
1676 0.642111476758425
1675 0.640810118318611
1674 0.640790644478879
1673 0.640770759313957
1672 0.640750458669622
1671 0.640729738343319
1670 0.640708594085019
1669 0.638031392749462
1668 0.635352985922324
1667 0.632673482076368
1666 0.629992989293411
1665 0.627311615257602
1664 0.620605027698175
1663 0.613895266564098
1662 0.607183980057896
1661 0.600472799091191
1660 0.59376333668835
1659 0.584361714170369
1658 0.574959910764585
1657 0.565562721835115
1656 0.556174869989593
1655 0.546801000923566
1654 0.537563061402809
1653 0.528378227924891
1652 0.519250471172258
1651 0.510183605170963
1650 0.501181286414775
1649 0.493469109929515
1648 0.485801452879645
1647 0.478180278205555
1646 0.47060748362049
1645 0.463084901478172
1644 0.4592059865023
1643 0.455335184106326
1642 0.451472897507954
1641 0.447619525060304
1640 0.44377546016473
1639 0.442341295313995
1638 0.440910858387721
1637 0.439484337796014
1636 0.43806191968339
1635 0.436643787862993
1634 0.440559483408063
1633 0.444486304589122
1632 0.448423525059293
1631 0.452370406495652
1630 0.456326198957525
1629 0.462649121829942
1628 0.469002285160404
1627 0.475384559841776
1626 0.481794790822653
1625 0.488231797316951
1624 0.493399871104159
1623 0.498583680403889
1622 0.50378258568166
1621 0.508995937233405
1620 0.514223075281523
1619 0.523349843893818
1618 0.532524259669458
1617 0.541742732285454
1616 0.551001560851214
1615 0.560296935391946
1614 0.581711722352713
1613 0.603162588218318
1612 0.624595679446956
1611 0.645955410293642
1610 0.667184696798747
1609 0.680393978803471
1608 0.693527976213975
1607 0.706572457409843
1606 0.719513051328302
1605 0.73233527281729
1604 0.729871344259655
1603 0.727396850988941
1602 0.724911997059065
1601 0.722416987309077
1600 0.719912027320107
1599 0.718693324214044
1598 0.71747037889497
1597 0.716243250130521
1596 0.715011996886991
1595 0.713776678321344
1594 0.727969507896322
1593 0.741987990240836
1592 0.755811879944542
1591 0.769420958144434
1590 0.782795083915419
1589 0.797243262524473
1588 0.811389945486478
1587 0.82520992494697
1586 0.838678244599506
1585 0.851770274042912
1584 0.860087882936598
1583 0.868203287953528
1582 0.87610959044121
1581 0.883800056724876
1580 0.891268128401061
1579 0.89620194336592
1578 0.901056938769101
1577 0.905831201562276
1576 0.910522836773298
1575 0.91512996884049
1574 0.91832357542005
1573 0.92144889775803
1572 0.924505220198098
1571 0.927491847391893
1570 0.930408104617011
1569 0.935062610145334
1568 0.939576765189999
1567 0.943948323374615
1566 0.948175102128077
1565 0.952254984499264
1564 0.958094912764265
1563 0.963593104833356
1562 0.968743298979139
1561 0.973539607637156
1560 0.977976528619244
1559 0.98059950744861
1558 0.983109247533923
1557 0.985504543780439
1556 0.98778423396841
1555 0.989947199742163
1554 0.98778423396841
1553 0.985504543780439
1552 0.983109247533923
1551 0.98059950744861
1550 0.977976528619244
1549 0.977976528619244
1548 0.977976528619244
1547 0.977976528619244
1546 0.977976528619244
1545 0.977976528619244
1544 0.983002116220857
1543 0.98735502105937
1542 0.991027431989253
1541 0.994012998071767
1540 0.996306846597448
1539 0.99876743432591
1538 1
1537 1
1536 0.99876743432591
1535 0.996306846597448
1534 0.993153482358734
1533 0.989075656330028
1532 0.984084815270971
1531 0.978194925884328
1530 0.97142240969614
1529 0.96492908510252
1528 0.957814258164196
1527 0.950092304589175
1526 0.941778744300565
1525 0.932890189482283
1524 0.926935863988877
1523 0.920722632416321
1522 0.914255765855573
1521 0.907540768007327
1520 0.900583366833578
1519 0.894330333819855
1518 0.887898110292192
1517 0.88129093690352
1516 0.87451317150574
1515 0.867569283910454
1514 0.863227978611421
1513 0.858844138591833
1512 0.854418871939235
1511 0.849953289517759
1510 0.845448504462692
1509 0.843275770467749
1508 0.841092329143822
1507 0.838898292238928
1506 0.836693771823837
1505 0.834478880282593
1504 0.835405862719355
1503 0.836325787345521
1502 0.837238610566747
1501 0.838144289300981
1500 0.839042780984021
1499 0.84122143087302
1498 0.843389458915074
1497 0.845546754380163
1496 0.847693206874461
1495 0.849828706349695
1494 0.849828706349695
1493 0.849828706349695
1492 0.849828706349695
1491 0.849828706349695
1490 0.849828706349695
1489 0.847897268972094
1488 0.845948181975288
1487 0.84398160481055
1486 0.841997699007721
1485 0.839996628142026
1484 0.836511027461381
1483 0.833005591721358
1482 0.829480853354688
1481 0.825937344254798
1480 0.822375595625377
1479 0.819152316905725
1478 0.81589904235104
1477 0.812616240072503
1476 0.809304383148369
1475 0.805963949471137
1474 0.802292524098719
1473 0.798605690837429
1472 0.794903978562058
1471 0.791187914490598
1470 0.787458024046767
1469 0.786408080982946
1468 0.78535207808014
1467 0.784290065950889
1466 0.783222095612366
1465 0.782148218479558
1464 0.783222095612366
1463 0.784290065950889
1462 0.78535207808014
1461 0.786408080982946
1460 0.787458024046767
1459 0.787606034319556
1458 0.787752094152753
1457 0.787896201967312
1456 0.788038356212464
1455 0.788178555365489
1454 0.784566202946438
1453 0.780936345264329
1452 0.777289377331104
1451 0.773625694551099
1450 0.769945692650758
1449 0.768715467314267
1448 0.767483487409239
1447 0.766249767608584
1446 0.765014322586884
1445 0.763777167020121
1444 0.769945692650758
1443 0.776069987406874
1442 0.782148218479558
1441 0.788178555365489
1440 0.794159170770884
1439 0.796537086368012
1438 0.798906638293771
1437 0.801267710216259
1436 0.803620185951154
1435 0.805963949471137
1434 0.797574501861881
1433 0.78909429086109
1432 0.780528662145833
1431 0.771882950101563
1430 0.763162472374592
1429 0.750868539330889
1428 0.738396491474329
1427 0.725761378934491
1426 0.712978286425642
1425 0.700062301555297
1424 0.68953641005931
1423 0.678971161660959
1422 0.668373907776789
1421 0.657751890564386
1420 0.64711223551549
1419 0.635176706398886
1418 0.623199457972706
1417 0.611190962325115
1416 0.59916155706023
1415 0.587121429807678
1414 0.573788648783185
1413 0.56050381017798
1412 0.547278498998755
1411 0.534123900571886
1410 0.521050789534883
1409 0.507940823647724
1408 0.494902289919566
1407 0.481946476875557
1406 0.46908428216421
1405 0.456326198957525
1404 0.446275165686383
1403 0.436308740276873
1402 0.426431126213482
1401 0.416646351759425
1400 0.406958268983978
1399 0.404551790944894
1398 0.402151642395646
1397 0.399757878337947
1396 0.397370553080507
1395 0.394989720238953
1394 0.402151642395646
1393 0.409371020818329
1392 0.416646351759425
1391 0.423976075397748
1390 0.431358575940883
1389 0.437549771107033
1388 0.44377546016473
1387 0.450034619514765
1386 0.456326198957525
1385 0.462649121829942
1384 0.455154243930327
1383 0.44771314146857
1382 0.440327475247043
1381 0.432998840319544
1380 0.425728766171237
1379 0.414765337649309
1378 0.403924200212769
1377 0.393210505232825
1376 0.38262912252484
1375 0.372184640287566
1374 0.360611336680086
1373 0.349211916591269
1372 0.337992555537854
1371 0.326958972281501
1370 0.316116430235807
1369 0.305610602560219
1368 0.295307281998987
1367 0.285209467868091
1366 0.275319766407531
1365 0.265640399160307
1364 0.25804959878887
1363 0.250595376599631
1362 0.24327836183024
1361 0.236099040472573
1360 0.229057758819636
1359 0.221301574157712
1358 0.213720457986047
1357 0.206314304948248
1356 0.199082811832414
1355 0.192025484807193
1354 0.184537564082916
1353 0.177262609485085
1352 0.170198634818444
1351 0.163343435156583
1350 0.156694600939489
1349 0.152054488066825
1348 0.147514106933129
1347 0.143072637383017
1346 0.138729214601233
1345 0.134482931235414
1344 0.13328741769199
1343 0.132099734074856
1342 0.130919857440928
1341 0.129747764599599
1340 0.128583432116671
1339 0.129460466656255
1338 0.130350990808056
1337 0.131255136409263
1336 0.132173034888438
1335 0.133104817195764
1334 0.13611812141101
1333 0.139181140650329
1332 0.142294223076491
1331 0.145457706153148
1330 0.148671916245049
1329 0.14932087342025
1328 0.149971874771265
1327 0.150624922741468
1326 0.151280019754928
1325 0.151937168216279
1324 0.146870486002544
1323 0.141933200084828
1322 0.137123701187559
1321 0.132440319008945
1320 0.127881326769235
1319 0.121070362219413
1318 0.114533300418329
1317 0.108264506988206
1316 0.102258103410931
1315 0.0965079959597568
1314 0.0906796210772176
1313 0.0851310955510588
1312 0.0798537291016498
1311 0.0748387425602398
1310 0.070077301689268
1309 0.0639728102238887
1308 0.0582893390452379
1307 0.0530072037719151
1306 0.0481067050216788
1305 0.0435682393996913
1304 0.0378433967726077
1303 0.0327287677023235
1302 0.0281739097748238
1301 0.0241304513673738
1300 0.0205523264723114
1299 0.0178944962539397
1298 0.0155056525137469
1297 0.0133632318677144
1296 0.0114459697990761
1295 0.00973390167901697
1294 0.00902539292205521
1293 0.00835301949590872
1292 0.00771521536320768
1291 0.00711046542251406
1290 0.00653730486070262
1289 0.00623200912805609
1288 0.00593578940455903
1287 0.00564841416821884
1286 0.00536965646297928
1285 0.00509929385397778
1284 0.00483710838161937
1283 0.00458288651453928
1282 0.00433641910152487
1281 0.00409750132246656
1280 0.0038659326384049
1279 0.00333898613691053
1278 0.00285063280461581
1277 0.00239839064308504
1276 0.00197990778109121
1275 0.00159295808986086
1274 0.000852876727279287
1273 0.000231544230009296
