520086.098478834 1791333.19776525
1174 3.25776812794132e-05
1173 5.87932722346441e-05
1172 5.33902118555768e-05
1171 3.60183103714128e-05
1170 2.05966091051428e-05
1068 1.86815141342316e-05
1067 2.52745670932305e-05
1066 3.74217268320808e-05
1065 5.06752595841128e-05
1064 6.71434505104944e-05
1063 9.66699937882334e-05
1062 0.000137486203362829
1061 0.000193154994133432
1060 0.000290390474917158
1059 0.000396878730958331
1058 0.000535812298191884
1057 0.000714573528148907
1056 0.000941370453599049
1055 0.00122504938517998
1054 0.00157480224047804
1053 0.00204933439697533
1052 0.0025623153477199
1051 0.00300577044842214
1050 0.0035021046370044
1049 0.00405277506811921
1048 0.00472080634450915
1047 0.00537826564064824
1046 0.00584493491808926
1045 0.00633324790478046
1044 0.00658515359128957
1043 0.00679120412315742
1042 0.00705503446951757
1041 0.00732358499638097
1040 0.00732358499638097
1039 0.00732358499638097
1038 0.00732358499638097
1037 0.00732358499638097
1036 0.00705503446951757
1035 0.00679120412315742
1034 0.00653230808210355
1033 0.00627854143251825
1032 0.00578708241315032
1031 0.00554968667450741
1030 0.00515334893856759
1029 0.00493417098879161
1028 0.00451331369060614
1027 0.00418373926310167
1026 0.00381029457680582
1025 0.0034600594044117
1024 0.0031328501209536
1023 0.00282830826137665
1022 0.00254592101902442
1021 0.00228504192009614
1020 0.00216243440326617
1019 0.00193236328990498
1018 0.00166839277023628
1017 0.00147920404813911
1016 0.00139126223612531
1015 0.00122801267844736
1014 0.00115243328708513
1013 0.00101268345329988
1012 0.000948240914834043
1011 0.000887239791797814
1010 0.000829546387614903
1009 0.000775028523215522
1008 0.000810175920059805
1007 0.000757242724277969
1006 0.000742641602536379
1005 0.000742641602536379
1004 0.000742641602536379
1003 0.000742641602536379
1002 0.000742641602536379
1001 0.000742641602536379
1000 0.000757242724277969
999 0.000810175920059805
998 0.000829546387614903
997 0.000887239791797814
996 0.000912179118582632
995 0.000975186588564269
994 0.00111203792594192
993 0.00118616166592591
992 0.00139126223612531
991 0.00157153667555651
990 0.00182467635477351
989 0.00193236328990498
988 0.00216243440326617
987 0.00235160947643568
986 0.00262103562580364
985 0.00276403031406722
984 0.00306700575139343
983 0.0034600594044117
982 0.00399411163447099
981 0.00445037841874754
980 0.00506923536838696
979 0.00573698959019408
978 0.00645092150684313
977 0.00689530108272126
976 0.00741782728898426
975 0.00768533152517078
974 0.00768533152517078
973 0.00768533152517078
972 0.00746753123054934
971 0.00720701694851773
970 0.00695060316274658
969 0.00645092150684313
968 0.00620803377694657
967 0.00590608170137449
966 0.00567143445650391
965 0.00560883019515609
964 0.00584493491808926
963 0.00627854143251825
962 0.00728006959960218
961 0.00896822623219745
960 0.0114271707406115
959 0.01449889163654
958 0.0175454359652429
957 0.0185908988457144
956 0.016621086354781
955 0.0142086390248613
954 0.0133088056513001
953 0.0130010713233384
952 0.0133088056513001
951 0.0138828796104093
950 0.0144179587991452
949 0.0151660714290484
948 0.0158142476300914
947 0.0165385551512856
946 0.0170578551903905
945 0.0175123680925967
944 0.0177247146327124
943 0.0176680031334506
942 0.0176110606481012
941 0.0173460858340888
940 0.0172790773331473
939 0.0172002191219643
938 0.0172002191219643
937 0.0174413319530636
936 0.0175668989573052
935 0.0176616671094434
934 0.0178025683056182
933 0.0174413319530636
932 0.0169176081880582
931 0.0159919599436906
930 0.0147591156032412
929 0.0132805616188773
928 0.011651182732097
927 0.00995293198143029
926 0.00827127169805777
925 0.00669850519249008
924 0.00528649554263448
923 0.00406576434478423
922 0.0032029732461922
921 0.00268337555246566
920 0.0021726695224188
919 0.00173946570421875
918 0.00146141461645964
917 0.00124477845543251
916 0.00116988554204244
915 0.00109871015636643
914 0.00103112510033929
913 0.00103112510033929
912 0.00114719730526733
911 0.00114719730526733
910 0.00114719730526733
909 0.00114719730526733
908 0.00114719730526733
907 0.00107792916151563
906 0.000906218996505758
905 0.000794161414742398
904 0.00064801584043736
903 0.000489169950524898
902 0.000389221347143779
901 0.000288809348327542
900 0.000212027075204301
899 0.000142371255004284
898 9.39648594085791e-05
897 6.00207340186632e-05
896 5.01257700928149e-05
895 4.17444082976412e-05
894 3.80547169919314e-05
893 3.80547169919314e-05
892 4.66293989573626e-05
891 5.57870389738218e-05
890 7.26268486368583e-05
889 9.39648594085791e-05
888 0.000111185139841299
887 0.000142371255004284
886 0.000141633167301071
885 0.000153734164172315
884 0.000141633167301071
883 0.000130392891956502
882 0.000120819800880487
881 9.39648594085791e-05
880 7.26268486368583e-05
879 5.57870389738218e-05
878 4.25866816023864e-05
877 3.2308639440459e-05
876 2.37069149600354e-05
875 2.37069149600354e-05
874 2.37069149600354e-05
873 2.60971441643226e-05
872 3.46667443260526e-05
871 5.10206892037767e-05
870 7.26268486368583e-05
869 0.000102248245404514
868 0.000154388569086304
867 0.000211902376038973
866 0.000288809348327542
865 0.000389221347143779
864 0.000518671089233637
863 0.000638564117390246
862 0.000730944990571067
861 0.000822970928548615
860 0.000877786708157645
859 0.000935608143175873
858 0.000935608143175873
857 0.000834338671580576
856 0.000834338671580576
855 0.000834338671580576
854 0.000834338671580576
853 0.000781207396962432
852 0.000781207396962432
851 0.000781207396962432
850 0.000822970928548615
849 0.000822970928548615
848 0.000822970928548615
847 0.000781207396962432
846 0.000781207396962432
845 0.000693966044540073
844 0.00064801584043736
843 0.000604674254125944
842 0.000556290730809544
841 0.000518671089233637
840 0.000514004089230314
839 0.00047925423620473
838 0.000446545619286595
837 0.000415782486949069
836 0.000389221347143779
835 0.000389221347143779
834 0.000389221347143779
833 0.000446545619286595
832 0.00047925423620473
831 0.000547456853744423
830 0.000626612007892074
829 0.000669704558294794
828 0.000763435949077998
827 0.00077104632996507
826 0.000822970928548615
825 0.000877786708157645
824 0.000877786708157645
823 0.000877786708157645
822 0.000877786708157645
821 0.000822970928548615
820 0.00077104632996507
819 0.000721899832803068
818 0.000675419966097707
817 0.000596219231103806
816 0.000518671089233637
815 0.00048325530760483
814 0.000423182375124233
813 0.000418628640979085
812 0.000389221347143779
811 0.000386871768311671
810 0.000386871768311671
809 0.000359723136179995
808 0.000334249056599511
807 0.000288809348327542
806 0.000247733528508827
805 0.00022919921212572
804 0.000180744196152272
803 0.000153734164172315
802 0.000119960216781036
801 0.000102248245404514
800 7.91928798217358e-05
799 5.57870389738218e-05
798 3.88676488536963e-05
797 2.37069149600354e-05
