1267236.25064763 3046729.01661994
2715 1.1379251168511e-05
2714 1.26516576452543e-05
2713 1.26516576452543e-05
2712 1.40544668815815e-05
2711 1.40544668815815e-05
2710 1.55996379429147e-05
2709 1.73000699186578e-05
2708 1.91696593372159e-05
2707 2.34772411217445e-05
2706 3.16187748055171e-05
2705 3.83980946676907e-05
2704 4.64736840838686e-05
2703 5.60579635439967e-05
2702 7.37957955600643e-05
2701 8.82660733323607e-05
2700 9.48549877974814e-05
2699 0.00014800524394521
2698 0.000189481543522116
2697 0.000206352479812243
2696 0.000263149231600404
2695 0.00033291431801502
2694 0.000387700201161098
2693 0.000449905074557472
2692 0.0004840122089349
2691 0.000520243987500536
2690 0.000558692898409532
2689 0.000622336419139206
2688 0.000711180851235486
2687 0.000759289281883856
2686 0.000809967664759991
2685 0.000787469025779056
2684 0.000897769628777556
2683 0.000957312249487488
2682 0.00101990013906662
2681 0.0010856179465976
2680 0.00115454723476322
2679 0.00122676598304756
2678 0.00122676598304756
2677 0.00122676598304756
2676 0.00122676598304756
2675 0.00122676598304756
2674 0.00122676598304756
2673 0.00122676598304756
2672 0.00130234807552952
2671 0.00138136277509591
2670 0.00138136277509591
2669 0.00146387418610292
2668 0.00163961448034139
2667 0.00193069510492334
2666 0.00225540012121656
2665 0.00261379460392392
2664 0.00300508851226622
2663 0.00314255722699362
2662 0.00328340496098525
2661 0.00300508851226622
2660 0.00274063625945842
2659 0.00237114196658865
2658 0.00193069510492334
2657 0.00163961448034139
2656 0.00138136277509591
2655 0.00115454723476322
2654 0.0010856179465976
2653 0.0010856179465976
2652 0.0010856179465976
2651 0.00115454723476322
2650 0.00122676598304756
2649 0.00122676598304756
2648 0.00122676598304756
2647 0.00115454723476322
2646 0.00101990013906662
2645 0.000957312249487488
2644 0.000841185021220899
2643 0.000736530537721059
2642 0.000599452202934913
2641 0.0004840122089349
2640 0.000417831131430769
2639 0.00033291431801502
2638 0.000263149231600404
2637 0.000223971023910132
2636 0.000189951565592173
2635 0.000147378591513789
2634 0.000123890705331281
2633 0.000103777776627171
2632 7.90346943535864e-05
2631 5.97130353447877e-05
2630 4.47567426301348e-05
2629 3.00971586173119e-05
2628 1.99543586517109e-05
2627 1.45255614251177e-05
2626 1.1702347863176e-05
2623 1.04897716524807e-05
2622 1.30435348057696e-05
2621 1.61616568426022e-05
2620 2.21430128634284e-05
2619 3.32801862688685e-05
2618 4.47567426301348e-05
2617 5.97130353447877e-05
2616 8.66226191803811e-05
2615 0.000147378591513789
2614 0.000242878631242817
2613 0.000449905074557472
2612 0.000841185021220899
2611 0.00147535879343869
2610 0.0021434086051084
2609 0.00283543433184864
2608 0.00323065529311792
2607 0.00336858382548481
2606 0.00336858382548481
2605 0.00309575855556266
2604 0.00271016445650732
2603 0.00224301317403258
2602 0.00192911238654465
2601 0.00155927684977107
2600 0.00124342641226225
2599 0.00104001906824704
2598 0.000863299105164701
2597 0.000711180851235486
2596 0.000581430210513235
2595 0.00047175217101315
2594 0.000379864751691667
2593 0.000303558823211153
2592 0.000260306346109262
2591 0.000222463845682943
2590 0.000205398174085691
2589 0.000205398174085691
2588 0.000189481543522116
2587 0.000174650746540635
2586 0.000160844855951463
2585 0.00014800524394521
2584 0.000125001881136333
2583 0.000114732397092392
2582 9.64105801745269e-05
2581 8.07413700202341e-05
2580 7.37957955600643e-05
2579 6.7390754864933e-05
2578 6.14896782147489e-05
2577 5.60579635439967e-05
2576 5.60579635439967e-05
2575 6.14896782147489e-05
2574 6.7390754864933e-05
2573 8.07413700202341e-05
2572 8.82660733323607e-05
2571 0.000105217694937014
2570 0.000114732397092392
2569 0.000161364400938384
2568 0.000161364400938384
2567 0.00017483496008314
2566 0.00017483496008314
2565 0.00017483496008314
2564 0.000161364400938384
2563 0.000148811750716033
2562 0.000137125039850714
2561 0.000126254350567586
2560 0.000106771577066251
2559 9.0004690257282e-05
2558 7.5626639845638e-05
2557 6.33409608058328e-05
2556 5.28803922322221e-05
2555 4.82586029662103e-05
2554 3.16187748055171e-05
2553 2.86557984913839e-05
2552 2.59485556328362e-05
2551 2.34772411217445e-05
2550 2.34772411217445e-05
2549 2.34772411217445e-05
2548 3.01804564981235e-05
2547 3.32043897692368e-05
2546 4.00945214976827e-05
2545 3.48586655554883e-05
2544 4.22611965933038e-05
2543 5.60579635439967e-05
2542 6.7390754864933e-05
2541 8.07413700202341e-05
2540 9.64105801745269e-05
2539 0.000125001881136333
2538 0.00013607559039209
2537 0.000160844855951463
2536 0.000174650746540635
2535 0.000189481543522116
2534 0.000189481543522116
2533 0.000189481543522116
2532 0.000189481543522116
2531 0.000174650746540635
2530 0.000160844855951463
2529 0.000160844855951463
2528 0.00014800524394521
2527 0.00013607559039209
2526 0.000148811750716033
2525 0.000148811750716033
2524 0.000137125039850714
2523 0.000137125039850714
2522 0.000148811750716033
2521 0.000161364400938384
2520 0.00014800524394521
2519 0.000160844855951463
2518 0.000174650746540635
2517 0.000205398174085691
2516 0.000222463845682943
2515 0.000260306346109262
2514 0.000281220651285988
2513 0.000346948672602986
2512 0.000372894713401704
2511 0.000400458270265943
2510 0.000400458270265943
2509 0.000400458270265943
2508 0.000372894713401704
2507 0.000372894713401704
2506 0.000346948672602986
2505 0.000322547944725027
2504 0.000281220651285988
2503 0.000322547944725027
2502 0.000322547944725027
2501 0.000322547944725027
2500 0.000346948672602986
2499 0.000372894713401704
2498 0.00042971286168206
2497 0.000528374533937067
2496 0.000688219865125516
2495 0.000884938818860323
2494 0.00112331098084763
2493 0.0014076266419699
2492 0.00183272720618504
2491 0.00223093496997726
2490 0.00280123325228454
2489 0.00331237858213955
2488 0.0037244183579742
2487 0.00415745303725578
2486 0.00460730165866061
2485 0.00476014121079104
2484 0.00491408958235376
2483 0.00491408958235376
2482 0.00476014121079104
2481 0.00460730165866061
2480 0.00430576582147749
2479 0.00409948218527468
2478 0.0037994151840187
2477 0.00350943573064473
2476 0.00344717041151474
2475 0.00318029368616466
2474 0.00318029368616466
2473 0.00305101632178207
2472 0.00318029368616466
2471 0.00318029368616466
2470 0.00331237858213955
2469 0.00350943573064473
2468 0.00365309044751638
2467 0.00401101552434733
2466 0.00430576582147749
2465 0.00460730165866061
2464 0.00491408958235376
2463 0.00522443907849552
2462 0.00538038107471136
2461 0.00553651458411843
2460 0.00569258999078938
2459 0.00584835068249824
2458 0.00584835068249824
2457 0.00584835068249824
2456 0.00569258999078938
2455 0.00569258999078938
2454 0.00553651458411843
2453 0.00553651458411843
2452 0.00538038107471136
2451 0.00522443907849552
2450 0.00522443907849552
2449 0.00506893061965878
2448 0.00491408958235376
2447 0.00491408958235376
2446 0.00476014121079104
2445 0.00476014121079104
2444 0.00476014121079104
2443 0.00476014121079104
2442 0.00472445665816069
2441 0.00472445665816069
2440 0.00472445665816069
2439 0.00476014121079104
2438 0.00476014121079104
2437 0.00491408958235376
2436 0.00491408958235376
2435 0.00506893061965878
2434 0.00522443907849552
2433 0.00522443907849552
2432 0.00537162752417651
2431 0.00553512443748389
2430 0.00569878253315178
2429 0.00586232615892299
2428 0.00584835068249824
2427 0.00600353369175597
2426 0.00615787038058535
2425 0.0063110871668789
2424 0.0063110871668789
2423 0.0063110871668789
2422 0.00646290628988744
2421 0.00646290628988744
2420 0.00646290628988744
2419 0.00650958828012657
2418 0.00650958828012657
2417 0.00650958828012657
2416 0.00650958828012657
2415 0.00650958828012657
2414 0.00666818131243769
2413 0.00666818131243769
2412 0.00661304661209987
2411 0.00676122445449775
2410 0.0069071544619041
2409 0.0069071544619041
2408 0.00705055049489676
2407 0.00719112654452472
2406 0.00742633871502653
2405 0.0075688137050454
2404 0.00770750962005307
2403 0.00784212087938805
2402 0.00784182456303585
2401 0.00784182456303585
2400 0.00795960093622304
2399 0.00795960093622304
2398 0.00795960093622304
2397 0.00795960093622304
2396 0.00784182456303585
2395 0.00784182456303585
2394 0.00771956795115431
2393 0.00759309636353736
2392 0.00746268092617302
2391 0.00732859766585335
2390 0.00728039408853571
2389 0.00713129201451252
2388 0.00697934633462408
2387 0.00682487146070674
2386 0.00666818131243769
2385 0.00650958828012657
2384 0.0063110871668789
2383 0.00615787038058535
2382 0.00600353369175597
2381 0.00600353369175597
2380 0.00584835068249824
2379 0.00586232615892299
2378 0.00584835068249824
2377 0.00586232615892299
2376 0.00586232615892299
2375 0.00586232615892299
2374 0.00586232615892299
2373 0.00602547192792113
2372 0.00602547192792113
2371 0.00615787038058535
2370 0.00646290628988744
2369 0.00661304661209987
2368 0.00676122445449775
2367 0.00705055049489676
2366 0.00732859766585335
2365 0.00759309636353736
2364 0.00784182456303585
2363 0.00818068694122218
2362 0.00864568189823093
2361 0.00890131044844615
2360 0.0088922188580421
2359 0.00901123685465244
2358 0.00906951465932677
2357 0.00901123685465244
2356 0.00883864067843964
2355 0.00847252438261387
2354 0.00821847211832544
2353 0.0075688137050454
2352 0.00682487146070674
2351 0.00602547192792113
2350 0.00520855901568605
2349 0.00440832943424635
2348 0.00365309044751638
2347 0.00296399003416425
2346 0.00235463168476197
2345 0.00183146725853012
2344 0.00139477856716629
2343 0.00104001906824704
2342 0.000759289281883856
2341 0.000581430210513235
2340 0.000408655582702431
2339 0.000303558823211153
2338 0.000205398174085691
2337 0.00014800524394521
2336 0.000114732397092392
2335 8.07413700202341e-05
2334 6.14896782147489e-05
2333 4.64736840838686e-05
2332 3.83980946676907e-05
2331 2.86557984913839e-05
2330 2.59485556328362e-05
2329 2.12233594288713e-05
2328 1.73000699186578e-05
2327 1.55996379429147e-05
2326 1.40544668815815e-05
2325 1.26516576452543e-05
2324 1.1379251168511e-05
2323 1.02261729358387e-05
2223 1.00106452448452e-05
2222 1.23239670692418e-05
2221 1.51230422712741e-05
2220 2.17548183730185e-05
2219 1.84981365895179e-05
2218 1.84981365895179e-05
2217 1.84981365895179e-05
2216 1.84981365895179e-05
2215 1.6732412077946e-05
2214 1.6732412077946e-05
2213 1.51230422712741e-05
2212 1.36574564789012e-05
2211 1.23239670692418e-05
2210 1.11117197077249e-05
2209 1.00106452448452e-05
2195 1.00106452448452e-05
2193 1.26516576452543e-05
2192 1.73000699186578e-05
2191 2.34772411217445e-05
2190 3.16187748055171e-05
2189 3.83980946676907e-05
2188 4.22611965933038e-05
2187 4.64736840838686e-05
2186 4.64736840838686e-05
2185 3.83980946676907e-05
2184 3.16187748055171e-05
2183 2.34772411217445e-05
2182 1.55996379429147e-05
2181 1.02261729358387e-05
