1047968.9204136 2977452.75840156
1869 0.000164191892807596
1868 0.000384878181010893
1867 0.000826365195386881
1866 0.00109916493088837
1865 0.00130555204358968
1864 0.00145814617990929
1863 0.0017809643258565
1862 0.00195158228615372
1861 0.00212861113253778
1860 0.0023122614804997
1859 0.00221372393272857
1858 0.00194543185704322
1857 0.00169650113177038
1856 0.00146563581758487
1855 0.00116302940815988
1854 0.000882587267222167
1853 0.00050033200769508
1852 0.000208812848475884
1836 0.000321005455159781
1835 0.000807543145584164
1834 0.00122456789888498
1833 0.00185921311993018
1832 0.00259525879969464
1831 0.00356573197622781
1830 0.00444181646203064
1829 0.0055678027604545
1828 0.00651959483940483
1827 0.00757271491511778
1826 0.00833553052026738
1825 0.0095779238503122
1824 0.0104759735338273
1823 0.011433486085645
1822 0.0124537145724887
1821 0.0132713386381258
1820 0.0144131933696078
1819 0.0153513811187383
1818 0.0163594435222258
1817 0.0177027920927716
1816 0.018138838070065
1815 0.0193394517002549
1814 0.0208732754188787
1813 0.0219501583222241
1812 0.0239532466545699
1811 0.0251909519346943
1810 0.0274557136232318
1809 0.02844047399793
1808 0.029893441806129
1807 0.0309437593041681
1806 0.0320231518814989
1805 0.0336331388730053
1804 0.0336331388730053
1803 0.0320231518814989
1802 0.0320231518814989
1801 0.0309437593041681
1800 0.029893441806129
1799 0.0293323013595473
1798 0.0278776097253316
1797 0.0269109005928846
1796 0.0255671009322343
1795 0.0246620777788603
1794 0.0237824748774637
1793 0.0237824748774637
1792 0.0229277249957647
1791 0.02330516194157
1790 0.0229277249957647
1789 0.0237824748774637
1788 0.0246620777788603
1787 0.0242942715339239
1786 0.0251909519346943
1785 0.0270625622572078
1784 0.0280386664428191
1783 0.0290424314916155
1782 0.0311353708484259
1781 0.0322257755465696
1780 0.0333463015767182
1779 0.0333463015767182
1778 0.034074367701068
1777 0.0336835068215118
1776 0.0321975562994098
1775 0.0311008393862021
1774 0.0300339963531372
1773 0.0283098913598926
1772 0.0263613880008836
1771 0.0239532466545699
1770 0.0214355579598691
1769 0.0194261186919389
1768 0.016918864821794
1767 0.0150111644724442
1766 0.0132713386381258
1765 0.0116870300435911
1764 0.010246527679596
1763 0.00893876148491655
1762 0.00813547943225231
1761 0.00775329344920542
1760 0.00738360027771807
1759 0.00738360027771807
1758 0.00757294434125841
1757 0.00777869797054194
1756 0.00816357763488094
1755 0.00922169163312406
1754 0.0102904550016051
1753 0.0117425710794079
1752 0.0141504126088033
1751 0.0166283754919132
1750 0.0194261186919389
1749 0.0230895637207183
1748 0.0266978766057782
1747 0.0307377827105995
1746 0.0352483275675352
1745 0.0402702679902855
1744 0.0443977089608825
1743 0.0473313785985161
1742 0.0504171086466568
1741 0.0536604742164773
1740 0.0531504850035655
1739 0.0543471210071046
1738 0.0539118081014809
1737 0.055611209176888
1736 0.055611209176888
1735 0.055611209176888
1734 0.055611209176888
1733 0.0560540785499593
1732 0.057803224292779
1731 0.0595952777360097
1730 0.0633109926562643
1729 0.0652360988370104
1728 0.0692244226335489
1727 0.0734017088247043
1726 0.0777737164077607
1725 0.0823461701722235
1724 0.0877331221245866
1723 0.0927392218456419
1722 0.0986563831048928
1721 0.101359125296015
1720 0.104883592429342
1719 0.107707728186841
1718 0.106933642389758
1717 0.106933642389758
1716 0.103407614111382
1715 0.100656821492605
1714 0.100009532023938
1713 0.097322593143354
1712 0.097322593143354
1711 0.097322593143354
1710 0.0979622656996808
1709 0.100656821492605
1708 0.103407614111382
1707 0.112003869210132
1706 0.121129083481261
1705 0.134146598100861
1704 0.151834356327189
1703 0.170377513776878
1702 0.195754546079356
1701 0.223609652145088
1700 0.253963034029284
1699 0.286793653624349
1698 0.322765041185448
1697 0.360242584188137
1696 0.39375198441622
1695 0.420932831887625
1694 0.448878615848753
1693 0.470286243826444
1692 0.491621906310631
1691 0.506329037211779
1690 0.513727705600122
1689 0.513727705600122
1688 0.521153990784761
1687 0.521472608958594
1686 0.514069882791641
1685 0.514432586798038
1684 0.507081802720461
1683 0.499759455673429
1682 0.499759455673429
1681 0.492467341012962
1680 0.484748459130263
1679 0.48431702088662
1678 0.476624844507969
1677 0.476624844507969
1676 0.4689646835372
1675 0.4689646835372
1674 0.469372256398125
1673 0.469372256398125
1672 0.469813245687277
1671 0.469813245687277
1670 0.470286243826444
1669 0.477499384021104
1668 0.477046905440351
1667 0.477046905440351
1666 0.477046905440351
1665 0.484748459130263
1664 0.484748459130263
1663 0.477980791846668
1662 0.477980791846668
1661 0.470789748215159
1660 0.463635717866414
1659 0.449445027230979
1658 0.435420962328668
1657 0.421575090820182
1656 0.40724160062122
1655 0.39375198441622
1654 0.373916206494989
1653 0.361749590108486
1652 0.342803479612692
1651 0.331359319234928
1650 0.319293097270972
1649 0.302651032341101
1648 0.291231957339957
1647 0.28460844030045
1646 0.273565624163341
1645 0.26814337672443
1644 0.262787674111126
1643 0.262787674111126
1642 0.257498799335122
1641 0.257498799335122
1640 0.257498799335122
1639 0.257498799335122
1638 0.261814878644397
1637 0.261814878644397
1636 0.266265813395653
1635 0.27085310129727
1634 0.276355553122242
1633 0.282760163444168
1632 0.289281023154863
1631 0.295913126453104
1630 0.301662570189421
1629 0.308456028442091
1628 0.315346969202345
1627 0.321266739766488
1626 0.321266739766488
1625 0.32724754812468
1624 0.32724754812468
1623 0.32724754812468
1622 0.32724754812468
1621 0.333288717757639
1620 0.332299047190883
1619 0.338412303737597
1618 0.34366926011687
1617 0.356216776399735
1616 0.374668789887466
1615 0.394460787218893
1614 0.414722406299453
1613 0.449445027230979
1612 0.477980791846668
1611 0.514814340629941
1610 0.544352962275091
1609 0.581673283309667
1608 0.611685203687751
1607 0.641827858884509
1606 0.656844329457665
1605 0.671801925926456
1604 0.671801925926456
1603 0.671801925926456
1602 0.664331709386203
1601 0.649342236264774
1600 0.626771855315985
1599 0.604155101847861
1598 0.588995084610445
1597 0.566350624836584
1596 0.551096952046035
1595 0.543579469375394
1594 0.543579469375394
1593 0.543579469375394
1592 0.558825964849592
1591 0.573888460569111
1590 0.604155101847861
1589 0.634303604121923
1588 0.664331709386203
1587 0.694084804833157
1586 0.723403229609864
1585 0.752123630288078
1584 0.78008042069928
1583 0.800446851866304
1582 0.819154792216682
1581 0.831900400829392
1580 0.838156851617614
1579 0.844332416265815
1578 0.850424629424269
1577 0.856431045694707
1576 0.857712715891719
1575 0.857712715891719
1574 0.857712715891719
1573 0.851670981110431
1572 0.850424629424269
1571 0.850424629424269
1570 0.850424629424269
1569 0.849097338802249
1568 0.85506637749241
1567 0.860947554278318
1566 0.866738493375722
1565 0.879550623095008
1564 0.890533788606347
1563 0.901108105600674
1562 0.914417710568648
1561 0.928364837485374
1560 0.941247420275795
1559 0.95119894512686
1558 0.962273304520166
1557 0.967656395392542
1556 0.970970817299695
1555 0.970970817299695
1554 0.970970817299695
1553 0.9642067155908
1552 0.955020693433753
1551 0.945296334108233
1550 0.932779849912754
1549 0.919181811393661
1548 0.904554427655463
1547 0.89425828778183
1546 0.888953254530797
1545 0.883546506536681
1544 0.883546506536681
1543 0.888953254530797
1542 0.899459402185061
1541 0.912568802451095
1540 0.930802607377173
1539 0.944920363183582
1538 0.962335807361671
1537 0.976425633666209
1536 0.989565383668956
1535 0.996634100111658
1534 0.99962545176948
1533 1
1532 0.997605308516602
1531 0.990278291836554
1530 0.985198394122426
1529 0.978830344325355
1528 0.971199429869361
1527 0.964674181465403
1526 0.958046954098723
1525 0.950894950595713
1524 0.943230598363289
1523 0.939210400024304
1522 0.930802607377173
1521 0.926418614435371
1520 0.921917033882543
1519 0.914417710568648
1518 0.909541229632811
1517 0.906236398228611
1516 0.895873171195819
1515 0.892019472003037
1514 0.886544923627699
1513 0.873911392560443
1512 0.868176815481896
1511 0.860947554278318
1510 0.85506637749241
1509 0.847690092816292
1508 0.841675312647322
1507 0.841675312647322
1506 0.835577817730903
1505 0.835577817730903
1504 0.835577817730903
1503 0.841675312647322
1502 0.841675312647322
1501 0.847690092816292
1500 0.853619764089815
1499 0.859461953741103
1498 0.865214312037667
1497 0.870874513808021
1496 0.876440260000535
1495 0.881909279232998
1494 0.881909279232998
1493 0.887279329331419
1492 0.892548198856628
1491 0.892548198856628
1490 0.892548198856628
1489 0.892548198856628
1488 0.89425828778183
1487 0.89425828778183
1486 0.89425828778183
1485 0.890533788606347
1484 0.890533788606347
1483 0.883546506536681
1482 0.878040280402101
1481 0.870874513808021
1480 0.865214312037667
1479 0.859461953741103
1478 0.853619764089815
1477 0.849097338802249
1476 0.843042837091364
1475 0.8306871460495
1474 0.824390855583834
1473 0.824390855583834
1472 0.818018896615171
1471 0.810409234836796
1470 0.803934717527627
1469 0.803934717527627
1468 0.803934717527627
1467 0.797392211670245
1466 0.803934717527627
1465 0.805057948025145
1464 0.805057948025145
1463 0.805057948025145
1462 0.810409234836796
1461 0.810409234836796
1460 0.816813274133334
1459 0.818018896615171
1458 0.824390855583834
1457 0.824390855583834
1456 0.824390855583834
1455 0.819154792216682
1454 0.812670650185639
1453 0.806115650341645
1452 0.799492333351904
1451 0.791824375091781
1450 0.785111674201212
1449 0.778338416944705
1448 0.772367029801458
1447 0.772367029801458
1446 0.772367029801458
1445 0.772367029801458
1444 0.779238029240671
1443 0.785111674201212
1442 0.798473977908138
1441 0.811573759489517
1440 0.8306871460495
1439 0.843042837091364
1438 0.859461953741103
1437 0.870874513808021
1436 0.878040280402101
1435 0.883546506536681
1434 0.883546506536681
1433 0.878040280402101
1432 0.872436843690568
1431 0.859461953741103
1430 0.847690092816292
1429 0.8306871460495
1428 0.812670650185639
1427 0.792803250067348
1426 0.772367029801458
1425 0.75143138309057
1424 0.730065881674885
1423 0.715617683209412
1422 0.693689653904995
1421 0.685935171650159
1420 0.670869503186047
1419 0.656137980323179
1418 0.648747532216919
1417 0.633929126130604
1416 0.626606412198597
1415 0.61166805069638
1414 0.596724386790651
1413 0.581793286765243
1412 0.574337905820888
1411 0.552037901864004
1410 0.537246920822495
1409 0.514814340629941
1408 0.492927023334183
1407 0.471322167534397
1406 0.450044831876024
1405 0.429136776778589
1404 0.408636390968004
1403 0.388578643703619
1402 0.368995061893008
1401 0.357106208604172
1400 0.344585118013514
1399 0.338412303737597
1398 0.331359319234928
1397 0.331359319234928
1396 0.330471331227186
1395 0.33660700928587
1394 0.349059957732971
1393 0.356216776399735
1392 0.368995061893008
1391 0.389390666405979
1390 0.409394116713723
1389 0.429834308963109
1388 0.443032483320549
1387 0.464191200263801
1386 0.485691728122066
1385 0.500648874775744
1384 0.507917593771553
1383 0.515628731410188
1382 0.515628731410188
1381 0.507917593771553
1380 0.493409217002593
1379 0.478489553105797
1378 0.457098239382952
1377 0.429136776778589
1376 0.408636390968004
1375 0.381996640432214
1374 0.362577524479344
1373 0.337484193346998
1372 0.318385282421241
1371 0.300729391624023
1370 0.289281023154863
1369 0.272601444634506
1368 0.262787674111126
1367 0.25227699982608
1366 0.246140629563047
1365 0.236030580410383
1364 0.230153261384827
1363 0.225268305007681
1362 0.221377060536418
1361 0.217616088829088
1360 0.209369448470461
1359 0.204823070203584
1358 0.19593174759221
1357 0.187308058132928
1356 0.178950497180444
1355 0.169839362512135
1354 0.163025748542634
1353 0.155453624769677
1352 0.145609078016702
1351 0.138656241603712
1350 0.128687873682583
1349 0.119260614606661
1348 0.112320938521451
1347 0.103792548771031
1346 0.097541170432546
1345 0.092373389045842
1344 0.087418812294605
1343 0.0834561389656216
1342 0.0811485144169741
1341 0.0788907620891739
1340 0.0788907620891739
1339 0.0803750230533808
1338 0.0796506136779989
1337 0.0819377299244011
1336 0.0866646804770042
1335 0.0915998131972858
1334 0.0967485231522596
1333 0.102116103789886
1332 0.107707728186841
1331 0.113528429649263
1330 0.118776458510522
1329 0.125054465471038
1328 0.131576358100016
1327 0.13834647964126
1326 0.141825917472775
1325 0.14536892955577
1324 0.148975986531426
1323 0.148975986531426
1322 0.148975986531426
1321 0.14536892955577
1320 0.142682606187825
1319 0.136676185072658
1318 0.126756342882282
1317 0.118293341578091
1316 0.109421375487912
1315 0.0949302999009531
1314 0.0850198136845656
1313 0.0730863946854042
1312 0.0624955320299248
1311 0.0536604742164773
1310 0.0458458825128626
1309 0.0389645514060782
1308 0.034074367701068
1307 0.029685239539052
1306 0.0257568218646865
1305 0.0225762798228829
1304 0.0191296343512944
1303 0.0163594435222258
1302 0.0144922162063002
1301 0.0127908259386889
1300 0.0110466922351461
1299 0.00965590427826623
1298 0.00824289144676509
1297 0.00747764619112189
1296 0.00642230819571851
1295 0.00577641298537169
1294 0.00488754325785399
1293 0.00434468702242258
1292 0.00383888490890862
1291 0.00346244740103131
1290 0.00280821828077828
1289 0.00241004107963634
1288 0.00212306659019272
1287 0.00177426077091219
1286 0.00145048387784134
1285 0.00115013935736785
1284 0.000871716006362101
1283 0.000613784721043118
1282 0.000208812848475884
1281 0
