593863.462669671 259394.332512647
2084 3.3884987772855e-05
2083 0.000172140143013355
2082 0.000316308454171148
2081 0.000466622152991407
2080 0.000623321429692185
2079 0.000653102488923797
2078 0.000683723269695727
2077 0.000715199677026352
2076 0.000747548015250264
2075 0.000780784995946475
2074 0.000673169741087535
2073 0.000569010299583692
2072 0.000468194019821898
2071 0.000370611748195927
2070 0.000276157736352025
2069 0.000188824961196162
2068 0.000103610005947288
2067 2.04672007516086e-05
2064 0
2063 0.000145955629994383
2062 0.000298327271204869
2061 0.000457363633828216
2060 0.000623321429692185
2059 0.000786654643291941
2058 0.000956878534202833
2057 0.00113425843892286
2056 0.00131906850664734
2055 0.00151159191760542
2054 0.0016118578254732
2053 0.0017142565027229
2052 0.00181882894346225
2051 0.00192561677775686
2050 0.00203466227683735
2049 0.00214600835820685
2048 0.00225969859064433
2047 0.00237577719909887
2046 0.00249428906946863
2045 0.00261527975326071
2044 0.00289440264831056
2043 0.00318634268447548
2042 0.00349162619060152
2041 0.003810797456836
2040 0.00414441914124818
2039 0.00424707601293258
2038 0.00435217614147265
2037 0.00445977586055604
2036 0.00456993278766047
2035 0.00468270584673216
2034 0.00433749653865814
2033 0.00400754171837286
2032 0.00369220664427278
2031 0.00339087968048585
2030 0.0031029716929811
2029 0.00292601413105232
2028 0.00275398896984635
2027 0.0025867683234819
2026 0.0024242272004139
2025 0.00226624345504704
2024 0.00240344082152985
2023 0.0025438501951241
2022 0.00268753688817114
2021 0.00283456727691004
2020 0.00298500881207697
2019 0.00337648888003626
2018 0.00379082099529313
2017 0.00422914999210059
2016 0.00469266548405703
2015 0.00518260282022294
2014 0.00586113612866137
2013 0.00658943060569625
2012 0.00737056220892227
2011 0.00820774872577195
2010 0.00910435242922998
2009 0.0102946319738999
2008 0.0115870939079175
2007 0.0129889369279932
2006 0.0145077093870328
2005 0.0161513111081695
2004 0.0182377373559895
2003 0.0205210966683903
2002 0.0230162730870108
2001 0.0257388479997317
2000 0.028705084197435
1999 0.0315246319255202
1998 0.0345616859609726
1997 0.037829362080201
1996 0.0413411821595778
1995 0.0451110454879382
1994 0.0478764340575118
1993 0.0507738122301194
1992 0.0538074931067132
1991 0.0569817931609517
1990 0.0603010216090209
1989 0.0624699884210239
1988 0.0646990210562941
1987 0.0669891788425055
1986 0.0693415153591246
1985 0.0717570772701179
1984 0.0721818727900941
1983 0.0726095343993348
1982 0.0730400721383669
1981 0.0734734959603427
1980 0.0739098157290613
1979 0.0728816468296327
1978 0.0718645830044474
1977 0.070858546583013
1976 0.0698634597800527
1975 0.0688792447079313
1974 0.0669431177673502
1973 0.065049541075621
1972 0.0631978890792117
1971 0.0613875357277568
1970 0.0596178548353885
1969 0.0581737383772797
1968 0.0567570700014046
1967 0.0553674881408881
1966 0.0540046317623272
1965 0.0526681404929675
1964 0.0520637815627713
1963 0.0514654533109781
1962 0.0508731150653046
1961 0.0502867260376637
1960 0.049706245332677
1959 0.0488809603630109
1958 0.0480668932484881
1957 0.0472639381389953
1956 0.0464719890810749
1955 0.0456909400470085
1954 0.0443449654394934
1953 0.0430319245176451
1952 0.0417511796230372
1951 0.0405020990818866
1950 0.0392840574022577
1949 0.038655713291291
1948 0.0380352525700723
1947 0.0374226013577043
1946 0.0368176860534936
1945 0.0362204333430826
1944 0.0364186706941874
1943 0.0366177540294768
1942 0.0368176860534936
1941 0.0370184694744158
1940 0.0372201070040288
1939 0.0388032220955481
1938 0.0404404210122717
1937 0.0421331368214795
1936 0.043882820481118
1935 0.0456909400470085
1934 0.0499385925831881
1933 0.0544874110986584
1932 0.0593518498814308
1931 0.0645464113911724
1930 0.0700855788076978
1929 0.0755430051608772
1928 0.0813230901954652
1927 0.0874375418415833
1926 0.093897879722671
1925 0.100715373610239
1924 0.104261491686693
1923 0.107900978749982
1922 0.111635143966121
1921 0.115465268238936
1920 0.119392601950963
1919 0.121789374507827
1918 0.124224818289153
1917 0.126699296895911
1916 0.12921316939396
1915 0.131766790023985
1914 0.132945833629662
1913 0.134133391477262
1912 0.135329480286461
1911 0.136534116028212
1910 0.137747313913904
1909 0.138969088384585
1908 0.140199453100248
1907 0.141438420929203
1906 0.142686003937509
1905 0.143942213378503
1904 0.145657038727228
1903 0.147386578009184
1902 0.149130879897424
1901 0.15088999206206
1900 0.152663961151869
1899 0.15552970746872
1898 0.158437479601056
1897 0.161387570427148
1896 0.164380265168535
1895 0.167415841065456
1894 0.17267239051455
1893 0.178041255489923
1892 0.183522823156056
1891 0.189117396399182
1890 0.19482519106833
1889 0.201104659427257
1888 0.207526020581062
1887 0.214089923039797
1886 0.220796895377533
1885 0.227647341172251
1884 0.233169588034139
1883 0.238777553928199
1882 0.244471092678961
1881 0.250250004729649
1880 0.256114036040533
1879 0.261943040375724
1878 0.267859288393454
1877 0.273862575642323
1876 0.279952637816509
1875 0.286129149363847
1874 0.292609705188865
1873 0.299172037698252
1872 0.30581511555883
1871 0.312537832518474
1870 0.319339006880912
1869 0.325134511466047
1868 0.330987034589825
1867 0.336895925411239
1866 0.342860497436687
1865 0.348880028280462
1864 0.351806215618117
1863 0.354748758359576
1862 0.357707579411586
1861 0.360682598123589
1860 0.36367373025647
1859 0.360491493502308
1858 0.357322351133119
1857 0.35416649770861
1856 0.351024123804559
1855 0.347895416000564
1854 0.338960464164267
1853 0.330156418826871
1852 0.321485282432224
1851 0.31294886890279
1850 0.304548806878795
1849 0.299881383345438
1848 0.295255455916109
1847 0.290671293676494
1846 0.286129149363847
1845 0.281629259519604
1844 0.28703420520627
1843 0.292499930209937
1842 0.298026017404481
1841 0.303612015953002
1840 0.309257440935186
1839 0.321690537833846
1838 0.334394274907804
1837 0.347362025820683
1836 0.360586370867339
1835 0.374059086585451
1834 0.388924146522381
1833 0.40404659017133
1832 0.419411635527135
1831 0.435003371979159
1830 0.450804772815256
1829 0.466731141804289
1828 0.482842688997353
1827 0.49912057316305
1826 0.515544924471736
1825 0.532094872139281
1824 0.545141760809055
1823 0.558254996818179
1822 0.571423535676497
1821 0.584635955757925
1820 0.59788047095221
1819 0.607526436623354
1818 0.617180794105516
1817 0.626838628588769
1816 0.636494930851505
1815 0.646144601003159
1814 0.65330911897513
1813 0.660442583355541
1812 0.667541891810843
1811 0.674603935305642
1810 0.681625601163123
1809 0.686347569164953
1808 0.691058535948939
1807 0.695757832921188
1806 0.700444789144909
1805 0.70511873149358
1804 0.70628510458478
1803 0.707450611552058
1802 0.708615241819915
1801 0.709778984805821
1800 0.710941829920369
1799 0.711004952496189
1798 0.711067135679796
1797 0.711128380705036
1796 0.711188688796234
1795 0.711248061167846
1794 0.710081630983535
1793 0.708914305217982
1792 0.707746094513102
1791 0.706577009503796
1790 0.70540706081781
1789 0.706577009503796
1788 0.707746094513102
1787 0.708914305217982
1786 0.710081630983535
1785 0.711248061167846
1784 0.719387100863365
1783 0.727478072914102
1782 0.735517302846411
1781 0.743501105473607
1780 0.751425787634442
1779 0.752552843320631
1778 0.753678606205557
1777 0.754803065500005
1776 0.7559262104141
1775 0.757048030157476
1774 0.742285768674272
1773 0.727338649623775
1772 0.712230536985139
1771 0.696985069315035
1770 0.681625601163123
1769 0.665021671123135
1768 0.648319391839495
1767 0.631546577116365
1766 0.614730495635708
1765 0.597897802252641
1764 0.58947547175959
1763 0.581049866528428
1762 0.572624512682781
1761 0.564202890994656
1760 0.555788434356776
1759 0.56054001481803
1758 0.565306802804209
1757 0.570087997149531
1756 0.574882777461443
1755 0.57969030427577
1754 0.596645669865841
1753 0.613569429149046
1752 0.6304299222671
1751 0.647194887202357
1750 0.663831580454601
1749 0.682807088056392
1748 0.701614521122777
1747 0.72021099459355
1746 0.73855311352818
1745 0.756597136139299
1744 0.765592460776136
1743 0.774507221226267
1742 0.783335654727093
1741 0.792071985573847
1740 0.800710431343691
1739 0.807267123747736
1738 0.813766795747198
1737 0.820206312430998
1736 0.826582533825446
1735 0.832892317868396
1734 0.838659145491073
1733 0.84432592970641
1732 0.849889928795833
1731 0.85534845643496
1730 0.860698884579066
1729 0.866101189223334
1728 0.871405345480255
1727 0.876609225569213
1726 0.88171074179988
1725 0.886707848136169
1724 0.891790509521514
1723 0.896775117536391
1722 0.901659714174069
1721 0.906442373147292
1720 0.9111212011515
1719 0.916859694891963
1718 0.922455684674629
1717 0.927905082783167
1716 0.933203872398979
1715 0.938348113276558
1714 0.942746521291333
1713 0.946974414508322
1712 0.951029499376755
1711 0.954909587624921
1710 0.958612598383488
1709 0.965715709592259
1708 0.972108825902012
1707 0.977778282180034
1706 0.982712080747775
1705 0.986899934383131
1704 0.993255644498643
1703 0.997196924136733
1702 0.998690828361958
1701 0.997722425925189
1700 0.994295031825752
1699 0.989845650869911
1698 0.98385218014431
1697 0.976340667802325
1696 0.967344287831209
1695 0.956903093870902
1694 0.953018877229074
1693 0.949009015799031
1692 0.944875975012798
1691 0.940622276545051
1690 0.936250495263769
1689 0.936023814420527
1688 0.93579408342861
1687 0.935561309066525
1686 0.935325498193869
1685 0.935086657750785
1684 0.935985020355513
1683 0.936878227810553
1682 0.937766238612719
1681 0.938649011395698
1680 0.939526504934784
1679 0.940622276545051
1678 0.941704325490569
1677 0.942772498266129
1676 0.943826642623285
1675 0.944866607626823
1674 0.944666308121186
1673 0.944462826534537
1672 0.944256169055047
1671 0.944046341960411
1670 0.943833351617333
1669 0.94509305877968
1668 0.946339504456867
1667 0.947572631965688
1666 0.948792385177914
1665 0.949998708524555
1664 0.952955401653304
1663 0.955826972033882
1662 0.958612598383488
1661 0.961311482383595
1660 0.963922849061116
1659 0.967660736473568
1658 0.971225163995501
1657 0.974613755440137
1656 0.977824232515711
1655 0.98085441747708
1654 0.983020527142414
1653 0.984981121093245
1652 0.986735350158269
1651 0.98828253413392
1650 0.989622162065282
1649 0.990800797383587
1648 0.991835159379492
1647 0.992725009012349
1646 0.993470177315301
1645 0.994070565352233
1644 0.994752322620186
1643 0.995396081370369
1642 0.99600169247138
1641 0.996569012535634
1640 0.997097903975601
1639 0.997715582140033
1638 0.998314730421244
1637 0.998895247816021
1636 0.999457036125656
1635 1
1634 0.999322772899867
1633 0.998595620421964
1632 0.997818823706789
1631 0.996992678130089
1630 0.99611749307023
1629 0.995480741426749
1628 0.994746532227643
1627 0.99391508109369
1626 0.992986632075489
1625 0.991961457534073
1624 0.991071876542894
1623 0.990120749822453
1622 0.989108255601515
1621 0.988034583482666
1620 0.986899934383131
1619 0.985030543086801
1618 0.982968983322603
1617 0.980716212692445
1616 0.978273310834893
1615 0.975641478545167
1614 0.968165815093424
1613 0.959782236282742
1612 0.950516981914172
1611 0.940398678151617
1610 0.929458189599143
1609 0.922351898050295
1608 0.914939566876475
1607 0.907229438935449
1606 0.89923003842864
1605 0.890950155221994
1604 0.892818133761858
1603 0.894675070751363
1602 0.896520818944522
1601 0.89835523146651
1600 0.900178161839056
1599 0.901175985800545
1598 0.902169411901941
1597 0.903158396745277
1596 0.904142897009519
1595 0.905122869455251
1594 0.895921132859094
1593 0.886394446184635
1592 0.876555977191979
1591 0.866419178154975
1590 0.855997755019383
1589 0.844479076106697
1588 0.832641377559908
1587 0.820502428350672
1586 0.808080252418333
1585 0.795393084444379
1584 0.786690289978538
1583 0.777893112847297
1582 0.769007335675596
1581 0.76003873063543
1580 0.750993053284519
1579 0.745442301908455
1578 0.739852191750787
1577 0.734224225823088
1576 0.728559911579053
1575 0.722860760125369
1574 0.718163674118472
1573 0.713455700554951
1572 0.708737621013023
1571 0.704010211814176
1570 0.699274243809787
1569 0.692234480406452
1568 0.685168082465368
1567 0.678077306411094
1566 0.670964395852616
1565 0.663831580454601
1564 0.653099875866391
1563 0.642335769608765
1562 0.631546577116365
1561 0.620739516387385
1560 0.609921700516721
1559 0.603909610928366
1558 0.597890981933961
1557 0.591867222772714
1556 0.585839732188547
1555 0.579809897807386
1554 0.585839732188547
1553 0.591867222772714
1552 0.597890981933961
1551 0.603909610928366
1550 0.609921700516721
1549 0.609921700516721
1548 0.609921700516721
1547 0.609921700516721
1546 0.609921700516721
1545 0.609921700516721
1544 0.595497955352364
1543 0.581099382010939
1542 0.566741510043528
1541 0.552439376258961
1540 0.538207504121043
1539 0.519303789234104
1538 0.500555767886314
1537 0.481994710356629
1536 0.463650198595305
1535 0.445550072215666
1534 0.429933460328733
1533 0.414540243399471
1532 0.399385655757673
1531 0.384483845815472
1530 0.369847872892413
1529 0.357523441603007
1528 0.345410037097902
1527 0.333513983894152
1526 0.321841031383611
1525 0.310396360737851
1524 0.30277368185969
1523 0.295254656357542
1522 0.287840839310924
1521 0.280533663083937
1520 0.273334438533419
1519 0.267109781708323
1518 0.260969644285212
1517 0.254914719122049
1516 0.24894562885527
1515 0.243062926858379
1514 0.239919971421103
1513 0.236806973246159
1512 0.23372389741138
1511 0.230670702587661
1510 0.227647341172251
1509 0.226085315097104
1508 0.224530295898392
1507 0.222982284655861
1506 0.221441282113137
1505 0.219907288679952
1504 0.220796895377533
1503 0.221689897588331
1502 0.222586285313632
1501 0.223486048280513
1500 0.224389175941102
1499 0.225940599555222
1498 0.227499000111452
1497 0.229064376160828
1496 0.230636725915966
1495 0.232216047248884
1494 0.232216047248884
1493 0.232216047248884
1492 0.232216047248884
1491 0.232216047248884
1490 0.232216047248884
1489 0.230506820281538
1488 0.228806114753858
1487 0.227113959987078
1486 0.225430384142814
1485 0.223755414228276
1484 0.221564766655403
1483 0.219391537787723
1482 0.217235686987047
1481 0.215097171559645
1480 0.212975946799548
1479 0.210610467462848
1478 0.208262440093054
1477 0.205931900972699
1476 0.203618882993094
1475 0.201323415684673
1474 0.199289710837535
1473 0.197273105324336
1472 0.195273542248566
1471 0.193290962979099
1470 0.191325307192643
1469 0.190501661960929
1468 0.18968149552796
1467 0.188864813672203
1466 0.188051621917357
1465 0.187241925533605
1464 0.188051621917357
1463 0.188864813672203
1462 0.18968149552796
1461 0.190501661960929
1460 0.191325307192643
1459 0.191196389840306
1458 0.191069107057385
1457 0.190943462700588
1456 0.190819460576311
1455 0.190697104440542
1454 0.188618795010928
1453 0.186556089325323
1452 0.184508964305539
1451 0.18247739548077
1450 0.180461357006074
1449 0.179792790707442
1448 0.179125945951386
1447 0.178460821680882
1446 0.177797416822548
1445 0.177135730286726
1444 0.180461357006074
1443 0.183830047479367
1442 0.187241925533605
1441 0.190697104440542
1440 0.194195686679118
1439 0.195607293368081
1438 0.197025864699467
1437 0.198451405733756
1436 0.199883921238247
1435 0.201323415684673
1434 0.196438460275064
1433 0.191639811998624
1432 0.186927035873076
1431 0.182299657107984
1430 0.177757162668703
1429 0.171103606774391
1428 0.164623587431111
1427 0.158316083716307
1426 0.152179897046807
1425 0.146213659551428
1424 0.141767419236076
1423 0.137424707099845
1422 0.13318432437094
1421 0.12904503394247
1420 0.12500556303161
1419 0.120333664233682
1418 0.115790896413508
1417 0.111375640155553
1416 0.107086203503528
1415 0.102920826899692
1414 0.098646308086547
1413 0.0945118550874256
1412 0.090514605223115
1411 0.0866516622289862
1410 0.0829201023995135
1409 0.0791241808899323
1408 0.0754622851290707
1407 0.0719315335730042
1406 0.0685290070110656
1405 0.0652517551306766
1404 0.0627820294340817
1403 0.0603857250748022
1402 0.0580613495138578
1401 0.0558074115678713
1400 0.0536224228291031
1399 0.0530867749105247
1398 0.0525553203808781
1397 0.0520280361195789
1396 0.0515048990298369
1395 0.0509858860398711
1394 0.0525553203808781
1393 0.0541622872797593
1392 0.0558074115678713
1391 0.0574913197000102
1390 0.0592146394421838
1389 0.0606812989119552
1388 0.0621761284056852
1387 0.0636994923298796
1386 0.0652517551306766
1385 0.0668332811501432
1384 0.0650212891617078
1383 0.0632500161101134
1382 0.0615187833896465
1381 0.0598269150982705
1380 0.0581737383772797
1379 0.0556432549300834
1378 0.0531995962202469
1377 0.0508406616130099
1376 0.0485643594604539
1375 0.0463686093189498
1374 0.0439507657367974
1373 0.0416320874142148
1372 0.0394096426248009
1371 0.0372805219156816
1370 0.0352418419486643
1369 0.0333465634825338
1368 0.0315316108018319
1367 0.0297943632429352
1366 0.0281322422871307
1365 0.0265427133843832
1364 0.0253216824057046
1363 0.0241442638232766
1362 0.0230092246697905
1361 0.0219153520988787
1360 0.0208614537366527
1359 0.0197221418015756
1358 0.0186303037569327
1357 0.0175843374858005
1356 0.0165826753659021
1355 0.0156237845468214
1354 0.0146412147957953
1353 0.0137053446241738
1352 0.0128142815058525
1351 0.0119661893259695
1350 0.0111592879513228
1349 0.0105967027746082
1348 0.0100539338551526
1347 0.0095303951849269
1346 0.00902551333349858
1345 0.00853872737512566
1344 0.00840289234078374
1343 0.00826847706176712
1342 0.00813546901244403
1341 0.00800385574900896
1340 0.00787362490929198
1339 0.0079527621041249
1338 0.00803386792613293
1337 0.00811697507877481
1336 0.00820211692271874
1335 0.00828932748516077
1334 0.00862963741571334
1333 0.00897900828548432
1332 0.00933764210615393
1331 0.00970574416441265
1330 0.0100835230379042
1329 0.0101602586178294
1328 0.0102373914460516
1327 0.0103149232388607
1326 0.0103928557178666
1325 0.0104711906100018
1324 0.00988126761208962
1323 0.00931498298135332
1322 0.00877150850801053
1321 0.00825003868863027
1320 0.00774979043299578
1319 0.00700327265753205
1318 0.00630323553855503
1317 0.00564719570180584
1316 0.00503277195790375
1315 0.0044576832997952
1314 0.00389362115052407
1313 0.0033686606992874
1312 0.00288039422244499
1311 0.00242653663676203
1310 0.00200492136599595
1309 0.00146887479935654
1308 0.000985113816645355
1307 0.000549124984810491
1306 0.000156717514303277
