-194022.661801531 2464723.93286014
1309 1.10488209836013e-05
1308 1.38512901561285e-05
1307 1.72910301551858e-05
1306 2.14935355875486e-05
1305 2.75187960262209e-05
1304 3.27907160255871e-05
1303 4.02445380645791e-05
1302 4.67965770294611e-05
1301 5.42855416760053e-05
1300 6.1209560244636e-05
1299 7.07345968690457e-05
1298 7.9732206416738e-05
1297 8.75959125180059e-05
1296 0.000100666175890445
1295 0.000110297707319845
1294 0.000126245381221721
1293 0.000137953037634655
1292 0.000150584468244528
1291 0.000167186688420895
1290 0.000189827219599216
1289 0.000206323973691743
1288 0.000227948854857127
1287 0.00024709658249806
1286 0.000267568602783738
1285 0.000289429404186198
1284 0.00031274418125246
1283 0.000337578604584784
1282 0.00037255815038634
1281 0.000401274315027579
1280 0.000431742364337688
1279 0.000458611431038003
1278 0.000510315630727173
1277 0.000547248561573269
1276 0.000606495952927853
1275 0.000670533925311499
1274 0.000739542562867321
1273 0.000788390194114639
1272 0.00087284266265478
1271 0.000984842578156646
1270 0.00107515723381989
1269 0.00117849959349685
1268 0.00131462954818124
1267 0.00146027178241506
1266 0.00161517784292775
1265 0.00177894841483232
1264 0.00194503911195547
1263 0.00217158728498237
1262 0.00236030701393615
1261 0.00260670408215617
1260 0.00285467936448484
1259 0.00310539642809062
1258 0.00330273656158033
1257 0.00344967766993819
1256 0.00349826707963853
1255 0.00349826707963853
1254 0.00344967766993819
1253 0.00340087391242861
1252 0.00330068433017009
1251 0.00320286855661737
1250 0.00305560414779912
1249 0.00295809934520879
1248 0.00286085157106807
1247 0.00276395651801499
1246 0.00266759808473186
1245 0.0026196754087745
1244 0.00257195222540825
1243 0.00252444921640872
1242 0.00247718651594471
1241 0.00247718651594471
1240 0.00247718651594471
1239 0.00247718651594471
1238 0.00247718651594471
1237 0.00252444921640872
1236 0.00256824334898514
1235 0.00261630933655886
1234 0.00261630933655886
1233 0.00266458379129028
1232 0.00271569903520252
1231 0.00276395651801499
1230 0.00281234828001405
1229 0.00286085157106807
1228 0.00290944315896775
1227 0.00295809934520879
1226 0.00300647658668493
1225 0.00305560414779912
1224 0.00310472920881445
1223 0.00315382604824363
1222 0.00320286855661737
1221 0.00320148933410366
1220 0.00320148933410366
1219 0.00320286855661737
1218 0.00320286855661737
1217 0.00315382604824363
1216 0.00310511899867194
1215 0.00300607048407378
1214 0.00290713972827588
1213 0.00275939878317959
1212 0.00261301053918788
1211 0.00242095756668256
1210 0.00227997197361406
1209 0.00209699007697235
1208 0.00192064272503016
1207 0.00179325504914925
1206 0.00162261178015613
1205 0.00150584346524601
1204 0.00139416879068749
1203 0.00132261567749023
1202 0.00126195219448199
1201 0.00119516087251594
1200 0.0011626467630883
1199 0.0011307215413006
1198 0.00109938549842251
1197 0.00109938549842251
1196 0.00106006029223726
1195 0.00102991845801234
1194 0.00100037011156266
1193 0.00100890847937302
1192 0.000979922988245632
1191 0.000960491626878819
1190 0.000914710105682541
1189 0.000914710105682541
1188 0.000887943432863281
1187 0.00086173840684526
1186 0.000852480776122598
1185 0.000869795649893973
1184 0.000907344485019795
1183 0.000984842578156646
1182 0.001124897267489
1181 0.00131828276960749
1180 0.00165871472198586
1179 0.00224148130449483
1178 0.00310516849135239
1177 0.00429512978013657
1176 0.0051167335364922
1175 0.00502927015407621
1174 0.00461960571209484
1173 0.00438129279935707
1172 0.00442318967558029
1171 0.00458216423411891
1170 0.00478548076375977
1169 0.00494617325755696
1168 0.00503135109877538
1167 0.00509073104198224
1166 0.00511425083775998
1165 0.00508705452141574
1164 0.00507694176644035
1163 0.00504562094762118
1162 0.0050082735514101
1161 0.00499715641158173
1160 0.00499715641158173
1159 0.00499715641158173
1158 0.0050082735514101
1157 0.00503698857856073
1156 0.00505293681405593
1155 0.00505893041221048
1154 0.00506693293690039
1153 0.00506893554524145
1152 0.00504968845502043
1151 0.00502739843881202
1150 0.00500282805991484
1149 0.00500282805991484
1148 0.00497607782340965
1147 0.00497607782340965
1146 0.00497607782340965
1145 0.00497607782340965
1144 0.00497607782340965
1143 0.00495725502832765
1142 0.00496038480600535
1141 0.00496226362100948
1140 0.00496226362100948
1139 0.00496038480600535
1138 0.00495287665687582
1137 0.00496341283197731
1136 0.00493503433413898
1135 0.00490994524579182
1134 0.00488398358024786
1133 0.00484500000869992
1132 0.0047757646326806
1131 0.00474072128711226
1130 0.00468405014193
1129 0.00462321918248251
1128 0.00459129973482211
1127 0.00460545022184293
1126 0.00457220674676028
1125 0.00461873862122675
1124 0.00463114183055502
1123 0.00467581968186806
1122 0.00467581968186806
1121 0.00471906474452847
1120 0.00475041629015797
1119 0.00479802318511036
1118 0.00482582648964575
1117 0.00485248665056232
1116 0.00487798298537215
1115 0.00488852191940891
1114 0.00491142506577697
1113 0.00493311773314882
1112 0.0049535829631059
1111 0.00497280471008198
1110 0.00500547006787886
1109 0.0050223132785685
1108 0.00503785908481574
1107 0.00505209510318094
1106 0.00507904954239444
1105 0.00509073104198224
1104 0.00509073104198224
1103 0.00510106055695782
1102 0.00511002975560132
1101 0.00511763139424538
1100 0.00511763139424538
1099 0.00512385932702441
1098 0.00510944259745025
1097 0.00511425083775998
1096 0.00511425083775998
1095 0.00511425083775998
1094 0.00511425083775998
1093 0.00511425083775998
1092 0.00511768806515787
1091 0.00511768806515787
1090 0.00511768806515787
1089 0.00511768806515787
1088 0.00513217502873382
1087 0.00513217502873382
1086 0.00513217502873382
1085 0.00513217502873382
1084 0.00513217502873382
1083 0.00514538884704672
1082 0.00514538884704672
1081 0.00514748600978396
1080 0.00514748600978396
1079 0.00514818525395999
1078 0.00514748600978396
1077 0.00514538884704672
1076 0.00514189547434705
1075 0.00512385932702441
1074 0.00511002975560132
1073 0.00509073104198224
1072 0.0050660254667674
1071 0.00503599252877684
1070 0.00500072851885329
1069 0.00493827479302761
1068 0.00486475345965235
1067 0.00478068387135471
1066 0.00465320662431649
1065 0.00451817925972814
1064 0.00440007561711077
1063 0.00423126889005206
1062 0.00405129050166084
1061 0.00386214364772984
1060 0.00361590995794025
1059 0.00341354211589819
1058 0.00320852331731209
1057 0.00300273779339771
1056 0.0027979625459189
1055 0.00259584441649424
1054 0.00239788139399775
1053 0.00220933532792676
1052 0.00202409795325577
1051 0.00189006388978267
1050 0.00176061765296871
1049 0.00163605246754642
1048 0.00152276633893485
1047 0.00140878407521894
1046 0.00133578010841773
1045 0.00126519845327194
1044 0.00123082248318025
1043 0.00119058939027577
1042 0.0011574337005701
1041 0.001124897267489
1040 0.001124897267489
1039 0.001124897267489
1038 0.001124897267489
1037 0.001124897267489
1036 0.0011574337005701
1035 0.00119058939027577
1034 0.00122436389951415
1033 0.0012587562699512
1032 0.00132938807281069
1031 0.00136562286049912
1030 0.00144618580024648
1029 0.00148418158153523
1028 0.00156193437857751
1027 0.00164842014648959
1026 0.00173053126915574
1025 0.00181479259490372
1024 0.00190112448892221
1023 0.00198943669392822
1022 0.00207962821952619
1021 0.00217158728498237
1020 0.0022181917617636
1019 0.00231256895634458
1018 0.00240462766450313
1017 0.00250219745688895
1016 0.00255142834647523
1015 0.00265067711563067
1014 0.00270065111457489
1013 0.00280118407630122
1012 0.00285169556393949
1011 0.00290233779091994
1010 0.00295308562130594
1009 0.00300391339037259
1008 0.00300449994255388
1007 0.00305507615940062
1006 0.00310557654699386
1005 0.00310557654699386
1004 0.00310557654699386
1003 0.00310557654699386
1002 0.00310557654699386
1001 0.00310557654699386
1000 0.00305507615940062
999 0.00300449994255388
998 0.00295308562130594
997 0.00290233779091994
996 0.00285029199502964
995 0.00279952139007873
994 0.00269848826323045
993 0.00264827353092031
992 0.00255142834647523
991 0.00245325710906341
990 0.00236030701393615
989 0.00231256895634458
988 0.0022181917617636
987 0.00212043749414207
986 0.00202901054697635
985 0.00198398620298822
984 0.00189538391432042
983 0.00181479259490372
982 0.00168920236613077
981 0.00161517784292775
980 0.00149814275725023
979 0.00138627374276255
978 0.00127969874314665
977 0.00120407878181901
976 0.0011384014420887
975 0.00110647526029893
974 0.00110647526029893
973 0.00110647526029893
972 0.00114596902459387
971 0.00117849959349685
970 0.00121163209038757
969 0.00127969874314665
968 0.00131462954818124
967 0.00134270889545495
966 0.00137887092200839
965 0.00137198088320574
964 0.00133578010841773
963 0.0012587562699512
962 0.00111899232717705
961 0.000931618749994609
960 0.000718827832697138
959 0.000507028540287586
958 0.000311229627199801
957 0.000165795365822557
956 8.76641391927815e-05
955 5.72519489085808e-05
954 4.92487568743918e-05
953 4.68120922946531e-05
952 4.92487568743918e-05
951 5.52565814643148e-05
950 6.20113031665127e-05
949 7.30320460050329e-05
948 8.58390490170268e-05
947 0.00010538611269246
946 0.000128752651570701
945 0.000153408885236886
944 0.00017446298145878
943 0.000210061846405688
942 0.000237361179189403
941 0.000261745301017766
940 0.000272259446488462
939 0.000283121344672684
938 0.000283121344672684
937 0.000267568602783738
936 0.00024709658249806
935 0.000218851693044833
934 0.000189827219599216
933 0.000163346937607784
932 0.000131495858350323
931 0.000107712277282536
930 8.18130878798286e-05
929 6.15547620721786e-05
928 4.58756071538511e-05
927 3.27907160255871e-05
926 2.39254430562131e-05
925 1.72910301551858e-05
924 1.23775171878806e-05
