140620.134386185 -165781.21903409
1307 7.49697862377588e-05
1306 0.000380858787261417
1305 0.000711654729427719
1304 0.00123479864546323
1303 0.00181836883636036
1302 0.00246838605361045
1301 0.00319134760821097
1300 0.00399425014179636
1299 0.00472980933049371
1298 0.00553073191015463
1297 0.00640192506270327
1296 0.00734857305166378
1295 0.00837614406709796
1294 0.00886647560639116
1293 0.00937490027130216
1292 0.00990197440913405
1291 0.0104482666461129
1290 0.0110143579561261
1289 0.0113376261886084
1288 0.0116672915727331
1287 0.0120034587033728
1286 0.0123462333663895
1285 0.0126957225402706
1284 0.0130520343974486
1283 0.0134152783052966
1282 0.0137855648267939
1281 0.0141630057208512
1280 0.014547713942291
1279 0.0155013499474291
1278 0.0164991120674853
1277 0.0175426458970715
1276 0.0186336363684006
1275 0.0197738074899014
1274 0.0224213472838726
1273 0.0253266346043941
1272 0.028509026401899
1271 0.0319886581574473
1270 0.0357863960632983
1269 0.039758101472709
1268 0.0440634950760272
1267 0.048722693445275
1266 0.0537561789869593
1265 0.0591847104115219
1264 0.0614714217549538
1263 0.0638260335460399
1262 0.0662498905614436
1261 0.0687443367886746
1260 0.0713107141174575
1259 0.0720948540916884
1258 0.0728856244191008
1257 0.0736830611185136
1256 0.0744872001625664
1255 0.0752980774741881
1254 0.0747567421309051
1253 0.0742184068910622
1252 0.0736830611185136
1251 0.0731506941668279
1250 0.072621295379754
1249 0.0720948540916884
1248 0.0715713596281375
1247 0.0710508013061757
1246 0.070533168434905
1245 0.0700184503159071
1244 0.070069633119622
1243 0.070121539804663
1242 0.0701741702652224
1241 0.0702275243928899
1240 0.0702816020766083
1239 0.070484904657401
1238 0.0706894618230343
1237 0.0708952788978467
1236 0.0711023612152367
1235 0.0713107141174575
1234 0.0716231078944065
1233 0.071937156694601
1232 0.0722528654010183
1231 0.0725702388723876
1230 0.0728892819426752
1229 0.0730989246315507
1228 0.073309848517056
1227 0.0735220589584522
1226 0.07373556132316
1225 0.0739503609865425
1224 0.0740029549990587
1223 0.074056291821126
1222 0.0741103713011999
1221 0.074165193284514
1220 0.074220757613036
1219 0.0728342121454365
1218 0.0714678669380343
1217 0.070121539804663
1216 0.0687950475593059
1215 0.0674882060906652
1214 0.064545858723954
1213 0.0617038052247346
1212 0.0589597220354382
1211 0.0563112863180532
1210 0.0537561789869593
1209 0.0512492731898513
1208 0.0488338959878501
1207 0.0465076893087479
1206 0.0442683054970951
1205 0.0421134101674118
1204 0.0410845640289796
1203 0.0400753377183098
1202 0.0390854539516343
1201 0.0381146369151826
1200 0.0371626123236784
1199 0.0374778826713113
1198 0.0377952208350679
1197 0.0381146369151826
1196 0.0384361410316883
1195 0.0387597433241901
1194 0.0406489553397825
1193 0.0426096300142099
1192 0.0446437006487074
1191 0.046753111023538
1190 0.0489398130065397
1189 0.053152030999669
1188 0.0576407142202555
1187 0.0624182164674107
1186 0.0674969391420901
1185 0.0728892819426752
1184 0.0814487163618877
1183 0.0907576584988382
1182 0.100854352353668
1181 0.111775610031908
1180 0.123556310882019
1179 0.133563955730086
1178 0.144164394458731
1177 0.155373154348952
1176 0.167204211914041
1175 0.179669778134263
1174 0.183380456347077
1173 0.187143186907814
1172 0.190958061028966
1171 0.194825151281352
1170 0.198744511188787
1169 0.198672103559474
1168 0.198600706600534
1167 0.198530321660431
1166 0.198460950068435
1165 0.198392593134601
1164 0.199014627522442
1163 0.199638754929617
1162 0.200264973475226
1161 0.200893281191577
1160 0.201523676023784
1159 0.20257011572846
1158 0.203621682108134
1157 0.204678384483775
1156 0.205740231964794
1155 0.206807233446014
1154 0.206945393414027
1153 0.207087614251314
1152 0.207233884761274
1151 0.207384193428316
1150 0.207538528418792
1149 0.206402742854443
1148 0.205271125169814
1147 0.204143673967491
1146 0.203020387741135
1145 0.201901264876134
1144 0.200308862764142
1143 0.198726704862643
1142 0.197154768139491
1141 0.195593028888304
1140 0.194041462740225
1139 0.190719611231722
1138 0.187436251166921
1137 0.184191351970085
1136 0.180984872293084
1135 0.177816760211007
1134 0.173677294024993
1133 0.169604756677422
1132 0.165598923315672
1131 0.161659541496579
1130 0.157786331977292
1129 0.155839870835761
1128 0.153910774921276
1127 0.151999004813157
1126 0.150104518968251
1125 0.148227273757231
1124 0.148678882648635
1123 0.149131479741613
1122 0.149585065853689
1121 0.150039641797859
1120 0.150495208382564
1119 0.153249456035969
1118 0.156039565328429
1117 0.158865700264504
1116 0.161728018565631
1115 0.164626671505026
1114 0.168682692665447
1113 0.172809121511453
1112 0.177006152425775
1111 0.181273941124211
1110 0.185612603554715
1109 0.188262686496861
1108 0.190938589766299
1107 0.193640359262568
1106 0.196368036962186
1105 0.199121660854219
1104 0.198491437919878
1103 0.197863296884772
1102 0.197237239894403
1101 0.19661326900675
1100 0.195991386192655
1099 0.195371593336208
1098 0.194753892235146
1097 0.194138284601251
1096 0.193524772060752
1095 0.192913356154745
1094 0.196875493279416
1093 0.200893281191577
1092 0.204966680973578
1091 0.209095624853537
1090 0.21328001564049
1089 0.216189883118365
1088 0.219125845716981
1087 0.222087907245515
1086 0.22507606696162
1085 0.228090319510996
1084 0.226200868906368
1083 0.224321785263028
1082 0.22245308827674
1081 0.220594796425689
1080 0.218746926978691
1079 0.219264488406929
1078 0.219784107410238
1077 0.220305786756258
1076 0.220829529161942
1075 0.221355337292995
1074 0.229857259362074
1073 0.238565307286987
1072 0.247478689840173
1071 0.256596288485345
1070 0.265916647906941
1069 0.278789552607818
1068 0.292028284116977
1067 0.305627129039235
1066 0.319579175391229
1065 0.33387628130652
1064 0.348572509756033
1063 0.363589855954868
1062 0.378915458084499
1061 0.39453511351243
1060 0.410433275236228
1059 0.424780881291472
1058 0.439337987822491
1057 0.454091948063523
1056 0.469029255626005
1055 0.484135551390972
1054 0.495816563627654
1053 0.507575407223819
1052 0.519404508755427
1051 0.531296033648594
1050 0.543241892664926
1049 0.551523046212428
1048 0.559828537694281
1047 0.568155510093739
1046 0.576501045314157
1045 0.584862165515104
1044 0.586728775849647
1043 0.588594661107098
1042 0.590459755619792
1041 0.592323993534257
1040 0.594187308816979
1039 0.593257615118532
1038 0.592327974185357
1037 0.591398390282054
1036 0.590468867666174
1035 0.58953941058819
1034 0.586757271107868
1033 0.583977710908471
1032 0.581200864562393
1031 0.578426865390272
1030 0.575655845452375
1029 0.571014292540067
1028 0.566373598730625
1027 0.561734375314103
1026 0.557097228667271
1025 0.552462760106825
1024 0.544162817969336
1023 0.535884614707464
1022 0.527630935357943
1021 0.519404508755427
1020 0.511208006340193
1019 0.504855311997572
1018 0.498523506323332
1017 0.492213771776204
1016 0.485927268472918
1015 0.479665133940457
1014 0.474317831196443
1013 0.468989939889968
1012 0.463682136001973
1011 0.45839508289833
1010 0.453129431249379
1009 0.451379080535492
1008 0.449631202054014
1007 0.447885818955668
1006 0.44614295423216
1005 0.444402630715925
1004 0.446970090603432
1003 0.44954501618289
1002 0.452127324897583
1001 0.454716932776235
1000 0.457313754431618
999 0.461682485640298
998 0.466068360458085
997 0.470471001091092
996 0.474890021818678
995 0.479325029008649
994 0.483805991087307
993 0.488299705991131
992 0.492805761633253
991 0.497323739955751
990 0.501853216973488
989 0.509098526864799
988 0.516374136579349
987 0.523678235863138
986 0.531008971711627
985 0.538364448895006
984 0.549474440018861
983 0.560615717123473
982 0.571781065466151
981 0.582963106338698
980 0.594154304639789
979 0.601615664349203
978 0.609078205043781
977 0.616539685894939
976 0.623997839084205
975 0.631450370845021
974 0.6323814268428
973 0.633312354252223
972 0.634243148512272
971 0.635173805056196
970 0.636104319311542
969 0.643553680558777
968 0.650995469470482
967 0.658427256676338
966 0.665846585658345
965 0.673250974013677
964 0.696164693668341
963 0.71878037631072
962 0.741020672641351
961 0.762807571909211
960 0.784062853203703
959 0.802322130776951
958 0.820068983714016
957 0.83725138701297
956 0.853818142912595
955 0.869719132984411
954 0.872444445599508
953 0.875142194957527
952 0.877812065682858
951 0.880453745799096
950 0.883066926803225
949 0.881034590185544
948 0.87898830376372
947 0.87692818602994
946 0.874854356075089
945 0.872766933577327
944 0.870666038790612
943 0.868551792533202
942 0.866424316176125
941 0.864283731631609
940 0.862130161341493
939 0.865805902168852
938 0.869446810756832
937 0.873052224485047
936 0.876621484268166
935 0.88015393477418
934 0.892772599355122
933 0.904793147506805
932 0.916187338117451
931 0.926928223218878
930 0.936990255774269
929 0.948386464299869
928 0.958727385227101
927 0.967975790446594
926 0.976098151689201
925 0.983064842976475
924 0.988394695934522
923 0.992723421722975
922 0.996037688701298
921 0.998327263298485
920 0.999585062658947
919 1
918 0.999951748433893
917 0.999439963776039
916 0.998464957187362
915 0.997027695379996
914 0.996351777772086
913 0.995636847251493
912 0.994883030346423
911 0.994090459028088
910 0.993259270669134
909 0.992124856576252
908 0.990874474512639
907 0.989508479853946
906 0.988027271910265
905 0.986431293725385
904 0.981333737905261
903 0.975518907577434
902 0.969000557200094
901 0.961793956205531
900 0.953915829041117
899 0.948386464299869
898 0.942569780470067
897 0.93647144661631
896 0.930097380387842
895 0.92345373845616
894 0.925577169246628
893 0.927667370056768
892 0.929724099054203
891 0.931747119047722
890 0.933736197542567
889 0.935958654641412
888 0.938150588662431
887 0.940311698194825
886 0.942441685119254
885 0.944540254685766
884 0.940440799087945
883 0.93621877408019
882 0.931876173170009
881 0.927415035677734
880 0.92283744508396
879 0.921265000956921
878 0.919672904236882
877 0.918061268627627
876 0.916430209636651
875 0.914779844556943
874 0.922320701179234
873 0.929553953265278
872 0.93647144661631
871 0.943065341447667
870 0.949328127181607
869 0.955252636692844
868 0.960832059969001
867 0.966059957149561
866 0.97093027090838
865 0.975437338146454
864 0.977393537486387
863 0.979270745761482
862 0.981068494752118
861 0.982786335490483
860 0.98442383844743
859 0.984688915918336
858 0.984951748508751
857 0.985212334389482
856 0.985470671746649
855 0.985726758781704
854 0.985980593711458
853 0.986232174768092
852 0.986481500199186
851 0.986728568267734
850 0.986973377252169
849 0.986973377252169
848 0.986973377252169
847 0.986973377252169
846 0.986973377252169
845 0.986973377252169
844 0.9858329979558
843 0.984655315999389
842 0.983440518191331
841 0.982188796260516
840 0.980900346800056
839 0.980474148286145
838 0.980036382923859
837 0.979587063359775
836 0.979126202948422
835 0.978653815751503
834 0.979431219610746
833 0.980185770218908
832 0.980917423196598
831 0.981626136408019
830 0.982311869965731
829 0.98328736945324
828 0.984241366078533
827 0.985173762761372
826 0.986084464272376
825 0.986973377252169
824 0.986232174768092
823 0.985470671746649
822 0.984688915918336
821 0.98388695625735
820 0.983064842976475
819 0.981793472219608
818 0.980463037931666
817 0.979073750496871
816 0.97762583267356
815 0.976119519527717
814 0.974294234824036
813 0.972413966806137
812 0.970479120829703
811 0.9684901123096
810 0.966447366557464
809 0.963288992085364
808 0.959996410697535
807 0.956571065415536
806 0.953014453864375
805 0.949328127181607
804 0.942072263446638
803 0.934377095595333
802 0.926254279034207
801 0.917716044676131
800 0.908775168281992
799 0.89880941429467
798 0.888417397562592
797 0.877616421414544
796 0.866424316176125
795 0.854859390279877
794 0.844448970745235
793 0.833780241773432
792 0.822866190595039
791 0.811719973861803
790 0.800354891432285
789 0.794594464497744
788 0.788784360178573
787 0.782926269584776
786 0.777021887885453
785 0.771072913503118
784 0.77447768863534
783 0.777868140793237
782 0.781243952746221
781 0.784604807537252
780 0.787950388531661
779 0.788013239516853
778 0.788075122734248
777 0.788136037863496
776 0.788195984589891
775 0.788254962604349
774 0.778098758200719
773 0.767817113406305
772 0.757418809486008
771 0.746912617867137
770 0.736307288037072
769 0.724759911739926
768 0.713109008886583
767 0.701365388857053
766 0.689539795214612
765 0.677642889909836
764 0.674865831142254
763 0.67208719065449
762 0.669307130235211
761 0.666525810754697
760 0.663743392148563
759 0.663763508167319
758 0.663783313595854
757 0.663802809320824
756 0.663821996218299
755 0.663840875153668
754 0.663821996218299
753 0.663802809320824
752 0.663783313595854
751 0.663763508167319
750 0.663743392148563
749 0.660998601996475
748 0.658249093303684
747 0.655495042928996
746 0.652736627475251
745 0.649974023264238
744 0.642545478054973
743 0.635109999931604
742 0.627669970639985
741 0.620227742006156
740 0.612785634825647
739 0.60069498733488
738 0.588599740517876
737 0.576509705387754
736 0.564434498495738
735 0.552383529814353
734 0.537641571967522
733 0.522984037527013
732 0.508425951484212
731 0.493981723970009
730 0.479665133940457
729 0.465409468793102
728 0.451293693516584
727 0.437330690547914
726 0.423532685961731
725 0.409911238829177
724 0.399073363844112
723 0.388371822262683
722 0.37781123670332
721 0.367395929525104
720 0.357129924710254
719 0.35078722057213
718 0.344500863881559
717 0.338271867971666
716 0.332101200691597
715 0.325989784536743
714 0.325299901945399
713 0.324612051905891
712 0.323926236076148
711 0.323242456031608
710 0.322560713265706
709 0.32549172320262
708 0.328439521008325
707 0.331404035810316
706 0.334385193496252
705 0.337382916688297
704 0.34199878414874
703 0.34664765416862
702 0.351329181373132
701 0.35604300743296
700 0.360788761012727
699 0.363970144960779
698 0.367165431223511
697 0.370374500084844
696 0.373597229232556
695 0.376833493754218
694 0.374405031358242
693 0.371984164868942
692 0.369570947395434
691 0.367165431223511
690 0.364767667816544
689 0.357621396503801
688 0.350546674025157
687 0.343544757327241
686 0.336616837560378
685 0.329764040485003
684 0.318575406338977
683 0.307606161784418
682 0.296859959854156
681 0.286339971457714
680 0.276048896511389
679 0.263182125710788
678 0.250686316755102
677 0.238565307286988
676 0.226821808278409
675 0.21545744710896
674 0.204608844075571
673 0.194138284601251
672 0.184043520514048
671 0.174321490217133
670 0.164968372319656
669 0.155839870835761
668 0.14707476492273
667 0.138667949433516
666 0.130613692996495
665 0.122905691649829
664 0.116409422539885
663 0.110175116646076
662 0.104197009903221
661 0.0984691424962767
660 0.0929853855106652
659 0.0879315351001424
658 0.0830887460661338
657 0.0784517287770204
656 0.0740150994202438
655 0.0697733980438031
654 0.0663037599602994
653 0.0629709696687977
652 0.0597712718733611
651 0.0567009192746861
650 0.0537561789869593
649 0.051653547454266
648 0.0496152426584658
647 0.0476398846100826
646 0.04572609749504
645 0.043872510905131
644 0.0433388998261147
643 0.0428103450675257
642 0.0422868115557675
641 0.0417682642987747
640 0.0412546683880236
639 0.0398744510797027
638 0.0385303850831932
637 0.0372217730255019
636 0.0359479218958965
635 0.0347081433754163
634 0.0318798570728061
633 0.0292358567785602
632 0.0267665280534261
631 0.0244625434750547
630 0.022314874068344
629 0.0204372324626195
628 0.0186794982073442
627 0.0170354991561534
626 0.0154992602809865
625 0.0140650072433217
624 0.0136334153691633
623 0.0132116575267692
622 0.012799539330044
621 0.0123968692700841
620 0.0120034587033728
619 0.0120530583599518
618 0.0121030794410038
617 0.0121535245894882
616 0.0122043964659853
615 0.0122556977487608
614 0.0124637044146417
613 0.0126741457784924
612 0.0128870453060908
611 0.0131024266186862
610 0.013320313493059
609 0.0138385947774794
608 0.0143709553901674
607 0.014917707267441
606 0.0154791669550888
605 0.0160556556029775
604 0.017167264624937
603 0.0183339633175156
602 0.0195579342354165
601 0.020841413638605
600 0.0221866908828894
599 0.0238187856924858
598 0.0255399575345621
597 0.0273539776576037
596 0.0292647037345866
595 0.0312760769031468
594 0.0331037854702436
593 0.0350127745823188
592 0.0370057494300544
591 0.0390854539516342
590 0.0412546683880236
589 0.0429859703403695
588 0.044773194483731
587 0.0466176441296887
586 0.0485206317050498
585 0.0504834778477524
584 0.0515282771194647
583 0.0525900416716985
582 0.0536689604732769
581 0.0547652224661421
580 0.0558790165057707
579 0.0547652224661421
578 0.0536689604732769
577 0.0525900416716985
576 0.0515282771194647
575 0.0504834778477524
574 0.0476005137738456
573 0.0448487390745606
572 0.042223701147564
571 0.0397210022424247
570 0.0373363054491089
569 0.0342526726570694
568 0.031368907142393
567 0.028675088603908
566 0.0261615279788104
565 0.0238187856924858
564 0.0214788610967427
563 0.0193163658749214
562 0.0173202875384384
561 0.0154800591641768
560 0.0137855648267939
559 0.0121897816849944
558 0.0107260088408327
557 0.00938510182474503
556 0.00815836821506014
555 0.00703756358277845
554 0.00607067812708619
553 0.00518497445668543
552 0.00437456312778872
551 0.00363388898238054
550 0.00295772125339961
549 0.00243802539524537
548 0.00195747689243754
547 0.00151348076312571
546 0.00110358145151736
545 0.000725458241123036
544 0.000468966217907995
543 0.000227407554879484
542 0
