342761.105922383 3084833.38842531
1281 2.9754665215548e-05
1280 0.000344980802012724
1279 0.000494945429750816
1278 0.00116868950401289
1277 0.001744232594563
1276 0.00284711289982694
1275 0.00431064443332801
1274 0.00623414471723572
1273 0.00783044399528511
1272 0.0118818979146344
1271 0.0174924903866161
1270 0.0229819844135874
1269 0.0320329518985966
1268 0.0441455759169429
1267 0.059750164391078
1266 0.0795043645713391
1265 0.104070529983048
1264 0.129354594381283
1263 0.174920838640544
1262 0.21875450865075
1261 0.287958202899294
1260 0.361595370369882
1259 0.446539079596071
1258 0.516603264779715
1257 0.56801964788902
1256 0.58522538879647
1255 0.58522538879647
1254 0.56801964788902
1253 0.55082777091262
1252 0.518016296583692
1251 0.484977288319554
1250 0.436469414454809
1249 0.408831039168408
1248 0.378937954477994
1247 0.350040369462344
1246 0.322249341327395
1245 0.30879820239
1244 0.295656611581592
1243 0.282833075121167
1242 0.270334950491776
1241 0.270334950491776
1240 0.270334950491776
1239 0.270334950491776
1238 0.270334950491776
1237 0.282833075121167
1236 0.290247800633005
1235 0.303526549398359
1234 0.303526549398359
1233 0.317134727126465
1232 0.336000351830646
1231 0.350040369462344
1230 0.364357328725842
1229 0.378937954477994
1228 0.393767758175118
1227 0.408831039168408
1226 0.420669922795596
1225 0.436469414454809
1224 0.452467941818599
1223 0.46864460721874
1222 0.484977288319554
1221 0.487016517310763
1220 0.487016517310763
1219 0.484977288319554
1218 0.484977288319554
1217 0.46864460721874
1216 0.449553916352625
1215 0.417121635625166
1214 0.385644782171209
1213 0.340527977261798
1212 0.298267155452498
1211 0.246828349957289
1210 0.212134222757064
1209 0.171145116562038
1208 0.136064053834713
1207 0.113448472057458
1206 0.0835528055772902
1205 0.0679134259250518
1204 0.05469801111127
1203 0.0471020187341676
1202 0.0433116387029351
1201 0.0371336167173784
1200 0.0343263943150597
1199 0.0316953396447984
1198 0.0292319173620022
1197 0.0292319173620022
1196 0.0247609099468777
1195 0.0227232243431728
1194 0.0208251965643831
1193 0.0227652447919378
1192 0.020891286211681
1191 0.0210526446893147
1190 0.0195805850155695
1189 0.0195805850155695
1188 0.0179748454908762
1187 0.0164781394587413
1186 0.0148114710167873
1185 0.014607957503535
1184 0.0144299792312727
1183 0.0174924903866161
1182 0.023777681745028
1181 0.0359565180270063
1180 0.0693876107950659
1179 0.169078538663701
1178 0.421749450284894
1177 0.896392556828358
1176 0.992943039915811
1175 0.539980043493347
1174 0.285385081073551
1173 0.203327674627115
1172 0.215741814514393
1171 0.270450732039081
1170 0.36964869181039
1169 0.482904301961816
1168 0.583724273969963
1167 0.680740842284065
1166 0.769651779392329
1165 0.82326774348189
1164 0.864770450021017
1163 0.880367462879109
1162 0.891329898381341
1161 0.900500584504251
1160 0.900500584504251
1159 0.900500584504251
1158 0.891329898381341
1157 0.891293646593201
1156 0.868780874015617
1155 0.856563554462158
1154 0.830361843073265
1153 0.816442826832505
1152 0.780957459098028
1151 0.760171397346418
1150 0.739750385799585
1149 0.739750385799585
1148 0.719763621080519
1147 0.719763621080519
1146 0.719763621080519
1145 0.719763621080519
1144 0.719763621080519
1143 0.727482831268893
1142 0.740601843269525
1141 0.753358400345576
1140 0.77767811100815
1139 0.789189551395123
1138 0.810791192407666
1137 0.840835694178639
1136 0.867033382993391
1135 0.881337152597837
1134 0.910450811747643
1133 0.93382865909131
1132 0.937475667309158
1131 0.948630852248342
1130 0.943578439932102
1129 0.935217403159536
1128 0.929822448013941
1127 0.941516317253646
1126 0.935087099979172
1125 0.952808801575494
1124 0.963634365067869
1123 0.980153765822952
1122 0.980153765822952
1121 0.995504610123947
1120 1
1119 0.995653997731818
1118 0.99711963663456
1117 0.997608661628632
1116 0.99711963663456
1115 0.984654441810916
1114 0.98229644401138
1113 0.979004718918499
1112 0.974788684022761
1111 0.969660370311454
1110 0.973925852805518
1109 0.966788894576607
1108 0.958763466630098
1107 0.949872582813973
1106 0.948791672267656
1105 0.937929061314039
1104 0.937929061314039
1103 0.926262703331309
1102 0.91382575882952
1101 0.900653255590952
1100 0.900653255590952
1099 0.886781924574003
1098 0.8799189312156
1097 0.86579353944302
1096 0.86579353944302
1095 0.86579353944302
1094 0.86579353944302
1093 0.86579353944302
1092 0.851059424801675
1091 0.851059424801675
1090 0.851059424801675
1089 0.851059424801675
1088 0.857097192265362
1087 0.857097192265362
1086 0.857097192265362
1085 0.857097192265362
1084 0.857097192265362
1083 0.862654540879536
1082 0.862654540879536
1081 0.846515888400152
1080 0.846515888400152
1079 0.829831147941033
1078 0.812644731168143
1077 0.795001671450667
1076 0.776947429429574
1075 0.755484598830992
1074 0.718579440661934
1073 0.680740842284065
1072 0.642312036368666
1071 0.603624452986635
1070 0.564993247020646
1069 0.507791085106679
1068 0.452267911777856
1067 0.399181253752479
1066 0.333222431258712
1065 0.269440329624297
1064 0.229293867024331
1063 0.182234582262791
1062 0.142420175958241
1061 0.109426783693963
1060 0.0768176126852657
1059 0.0567261228552086
1058 0.0411108898174161
1057 0.0292029258363105
1056 0.0202905714222616
1055 0.0137425388002868
1054 0.00901889271482548
1053 0.00628692373546844
1052 0.00379032205874648
1051 0.00244064511319954
1050 0.0014301836312726
1049 0.000681039118673051
1048 0.000312494134482983
1030 0
1029 0.000148052863943806
1028 0.000494945429750816
1027 0.00120483760282913
1026 0.00178055098461227
1025 0.00247845972763178
1024 0.00332098178747388
1023 0.00433384018010109
1022 0.00554637760553576
1021 0.00699186518204384
1020 0.00781350943381346
1019 0.00968011570789708
1018 0.0107990544176378
1017 0.0132300105344858
1016 0.0146007444689203
1015 0.0176888352904833
1014 0.0194216366668784
1013 0.0233058559685257
1012 0.0254746995373831
1011 0.0278068489611043
1010 0.0303118030837346
1009 0.032999356006278
1008 0.0352316066802597
1007 0.0382293967989138
1006 0.0441455759169429
1005 0.0441455759169429
1004 0.0441455759169429
1003 0.0441455759169429
1002 0.0441455759169429
1001 0.0441455759169429
1000 0.0382293967989138
999 0.0352316066802597
998 0.0303118030837346
997 0.0278068489611043
996 0.023777681745028
995 0.0217058558071567
994 0.0180052427840909
993 0.0163589161518764
992 0.0146007444689203
991 0.0119650772632971
990 0.0107361538701844
989 0.00968011570789708
988 0.00781350943381346
987 0.00553490688393789
986 0.00431064443332801
985 0.00377700355255082
984 0.00284711289982694
983 0.00247845972763178
982 0.00147870048863433
981 0.0012624303835535
980 0.000578872540285511
979 7.2200010473123e-05
