1715115.4600119 974134.331000091
1995 2.16866139102607e-05
1994 0.000477270825191807
1993 0.000862176333741129
1992 0.00143970070830458
1991 0.00206099192592623
1990 0.00250207784095807
1989 0.00309424785963097
1988 0.00352161990536672
1987 0.00397678889628036
1986 0.00446130591052657
1985 0.00497678958478353
1984 0.00552492772221183
1983 0.00581178894862309
1982 0.0062393230706114
1981 0.00641222851207391
1980 0.0067262736660581
1979 0.00659797259026119
1978 0.00659797259026119
1977 0.00647993962870334
1976 0.00617212956686671
1975 0.00577099856816471
1974 0.00511726490002293
1973 0.00467382639796222
1972 0.00426152404632539
1971 0.00364962960713419
1970 0.00330455361274854
1969 0.0027838080939972
1968 0.00222114052078498
1967 0.00196013277995345
1966 0.0016312545300175
1965 0.00140470503731226
1964 0.00111169370476345
1963 0.00097228969175388
1962 0.000897605225597538
1961 0.000764921476790056
1960 0.000764921476790056
1959 0.00069758791248828
1958 0.00069758791248828
1957 0.000635289937433546
1956 0.000577888848185352
1955 0.000455076496135485
1954 0.000455076496135485
1953 0.000390420147287982
1952 0.000331016669484771
1951 0.000106584485515368
1950 0
1934 3.6755474043494e-06
1933 0.000455076496135485
1932 0.00103497794235452
1931 0.0018751710216615
1930 0.0026852988654894
1929 0.00373190650310548
1928 0.00469545409604962
1927 0.00607868297660132
1926 0.00734538747692952
1925 0.00860173818848207
1924 0.00995422372241085
1923 0.01124354226161
1922 0.0126467044583609
1921 0.0136494319539804
1920 0.0147089319413852
1919 0.015026114524719
1918 0.0153645350482897
1917 0.015157542397567
1916 0.015157542397567
1915 0.0149667139633422
1914 0.0146052665537154
1913 0.0146052665537154
1912 0.0142658500564296
1911 0.0142658500564296
1910 0.0142658500564296
1909 0.0137387157643054
1908 0.013947533825259
1907 0.013947533825259
1906 0.0136494319539804
1905 0.0136494319539804
1904 0.0131411318326518
1903 0.0131411318326518
1902 0.0126467044583609
1901 0.0119610743793007
1900 0.0114981685721715
1899 0.0113121136316006
1898 0.0108664097156212
1897 0.0113121136316006
1896 0.0111398411401154
1895 0.0114317588115703
1894 0.0123721805230213
1893 0.0133669641005609
1892 0.0148076784159651
1891 0.0167581079602599
1890 0.018902708253934
1889 0.0209522570002942
1888 0.0231675115332776
1887 0.0255589432881307
1886 0.0294113059828311
1885 0.0312991886320145
1884 0.0343073998725975
1883 0.0360139498810928
1882 0.0371087043618678
1881 0.0393766101882712
1880 0.0410025554587389
1879 0.043448669290778
1878 0.0442389378051355
1877 0.0450722296401107
1876 0.0463803924389307
1875 0.04771824539005
1874 0.0504849523134039
1873 0.051914776562094
1872 0.0548698053787234
1871 0.0584760704369886
1870 0.0611751263744818
1869 0.0645333034215179
1868 0.0680337590539878
1867 0.0741491442055371
1866 0.0780375961483058
1865 0.081462662612755
1864 0.0835370926708592
1863 0.0878077914200854
1862 0.0900050104915294
1861 0.0922441038444216
1860 0.0945255375433931
1859 0.0939044248519594
1858 0.091056928549273
1857 0.0883059489468797
1856 0.0856500321322943
1855 0.0814295912345037
1854 0.0773715507244903
1853 0.0715802913583883
1852 0.0665526696479183
1851 0.0614161800501809
1850 0.0554695124904186
1849 0.0514563006529472
1848 0.0472809706086067
1847 0.0446489401909935
1846 0.0421336109941673
1845 0.0405442518049845
1844 0.0405442518049845
1843 0.0409185115458198
1842 0.0425430573892912
1841 0.0437932771132873
1840 0.04771824539005
1839 0.0504849523134039
1838 0.0563959898610449
1837 0.0606737200027974
1836 0.0675036106640472
1835 0.0749185575712742
1834 0.0808827564798831
1833 0.0893974213275308
1832 0.0985828942916815
1831 0.109128813135035
1830 0.117761445637944
1829 0.128987106259729
1828 0.13791028356189
1827 0.1472759877926
1826 0.153769934240666
1825 0.163891885717409
1824 0.170896905436852
1823 0.178109710997904
1822 0.185531884219269
1821 0.19234197446134
1820 0.200183376190485
1819 0.207459687374001
1818 0.214998155567542
1817 0.223481868888623
1816 0.227126145932185
1815 0.235309812202507
1814 0.244339173474098
1813 0.249558557964983
1812 0.259580549067297
1811 0.265051881476989
1810 0.275472686864049
1809 0.280378702197241
1808 0.286133482181716
1807 0.291138036943362
1806 0.296193496174965
1805 0.302124373856499
1804 0.302124373856499
1803 0.296193496174965
1802 0.296193496174965
1801 0.291138036943362
1800 0.286133482181716
1799 0.282027119828154
1798 0.276278345686126
1797 0.271428334742445
1796 0.265817371361917
1795 0.26106854027811
1794 0.25637253495536
1793 0.25637253495536
1792 0.251729533280854
1791 0.25255092027739
1790 0.251729533280854
1789 0.25637253495536
1788 0.26106854027811
1787 0.26030017872829
1786 0.265051881476989
1785 0.274713935851558
1784 0.279623826989804
1783 0.284585948227945
1782 0.294665701036683
1781 0.299782682343462
1780 0.304950592699389
1779 0.304950592699389
1778 0.309489945689849
1777 0.308857023968071
1776 0.303037486620455
1775 0.297855249153762
1774 0.292724877465549
1773 0.283227284372134
1772 0.273341054873455
1771 0.259580549067297
1770 0.245638989745877
1769 0.232911442000898
1768 0.216507855105447
1767 0.204184169463797
1766 0.19234197446134
1765 0.180978579543925
1764 0.170089942770126
1763 0.159670766433466
1762 0.15298231642297
1761 0.149714593649931
1760 0.146497488199847
1759 0.146497488199847
1758 0.148979375559623
1757 0.151552024318401
1756 0.154862688941732
1755 0.164449740029296
1754 0.172194508902281
1753 0.183225161823813
1752 0.199406807533388
1751 0.215727910088146
1750 0.232911442000898
1749 0.25487968820556
1748 0.274003081990676
1747 0.293971007399643
1746 0.314764406671302
1745 0.336357913180496
1744 0.353059166771456
1743 0.36442568814035
1742 0.375972019314024
1741 0.387692470497659
1740 0.387165236868945
1739 0.392619366232437
1738 0.392178305327529
1737 0.398171881157207
1736 0.398171881157207
1735 0.398171881157207
1734 0.398171881157207
1733 0.398604192441155
1732 0.404630043394838
1731 0.410696058095332
1730 0.422944996583732
1729 0.429126060304436
1728 0.441596520115627
1727 0.454204628037669
1726 0.466941849248906
1725 0.479799217894079
1724 0.493055970330487
1723 0.506095695294564
1722 0.519470050432017
1721 0.526048022120528
1720 0.532867679544564
1719 0.539461562321105
1718 0.539256873961368
1717 0.539256873961368
1716 0.532433288933623
1715 0.525819947432261
1714 0.525606829575806
1713 0.518996211968879
1712 0.518996211968879
1711 0.518996211968879
1710 0.519224998427635
1709 0.525819947432261
1708 0.532433288933623
1707 0.552369709187666
1706 0.572420443888165
1705 0.599262478982542
1704 0.632846085210465
1703 0.666442332386405
1702 0.706162270783697
1701 0.744958084286906
1700 0.782430892385117
1699 0.818178716335264
1698 0.851002215142075
1697 0.881999718579808
1696 0.904558865948143
1695 0.921839006540222
1694 0.93762683989794
1693 0.948435741080892
1692 0.959649755629427
1691 0.96573962133092
1690 0.968622224823822
1689 0.968622224823822
1688 0.971395232011655
1687 0.970015833826994
1686 0.967255113077208
1685 0.965785072065704
1684 0.962928876703918
1683 0.959965046823469
1682 0.959965046823469
1681 0.956894626140991
1680 0.955131209552065
1679 0.956444648765632
1678 0.954333923928218
1677 0.954333923928218
1676 0.951992133137941
1675 0.951992133137941
1674 0.95090557546661
1673 0.95090557546661
1672 0.949719739402798
1671 0.949719739402798
1670 0.948435741080892
1669 0.951835326128171
1668 0.95313425501543
1667 0.95313425501543
1666 0.95313425501543
1665 0.955131209552065
1664 0.955131209552065
1663 0.950438362687329
1662 0.950438362687329
1661 0.947054780886549
1660 0.943569128905514
1659 0.936296499469703
1658 0.928630558938839
1657 0.920581878471207
1656 0.913379750198513
1655 0.904558865948143
1654 0.890675783700195
1653 0.879932194007508
1652 0.864899257177937
1651 0.853475936129723
1650 0.842845622481926
1649 0.825438730176849
1648 0.814216072835143
1647 0.809395183768438
1646 0.797772032799889
1645 0.79187978809129
1644 0.785936164146153
1643 0.785936164146153
1642 0.779942967722466
1641 0.779942967722466
1640 0.779942967722466
1639 0.779942967722466
1638 0.786655406696027
1637 0.786655406696027
1636 0.793320394919655
1635 0.799930752427593
1634 0.805843298110155
1633 0.810987686510529
1632 0.815972355066842
1631 0.820791280870565
1630 0.826399737517309
1629 0.830958056332396
1628 0.835336580936471
1627 0.840698705938159
1626 0.840698705938159
1625 0.845993952812978
1624 0.845993952812978
1623 0.845993952812978
1622 0.845993952812978
1621 0.851220635398766
1620 0.852381599769947
1619 0.857565509353481
1618 0.863823392687955
1617 0.873874572805634
1616 0.889560589925491
1615 0.903380868836637
1614 0.916417441349073
1613 0.936296499469703
1612 0.950438362687329
1611 0.964213532053429
1610 0.974489489307214
1609 0.984815328219167
1608 0.991003438240844
1607 0.997042909127602
1606 0.998490189011596
1605 0.999456205956349
1604 0.999456205956349
1603 0.999456205956349
1602 0.999033458916451
1601 0.997826592527413
1600 0.995116456234806
1599 0.991334592739106
1598 0.989802176276798
1597 0.984236105557825
1596 0.981372133968173
1595 0.979046998910001
1594 0.979046998910001
1593 0.979046998910001
1592 0.982149440906855
1591 0.986207581124594
1590 0.991334592739106
1589 0.996139421709685
1588 0.999033458916451
1587 1
1586 0.999033458916451
1585 0.996139421709685
1584 0.991334592739106
1583 0.986493249280392
1582 0.978960524840292
1581 0.974489489307214
1580 0.972085944520581
1579 0.969571504321749
1578 0.966947057992238
1577 0.964213532053429
1576 0.965785072065704
1575 0.965785072065704
1574 0.965785072065704
1573 0.968532625021067
1572 0.966947057992238
1571 0.966947057992238
1570 0.966947057992238
1569 0.965260672333968
1568 0.962542009318782
1567 0.959715787542384
1566 0.956782997330481
1565 0.952208434935293
1564 0.945578140445521
1563 0.938541480086162
1562 0.925772664272967
1561 0.913683875796802
1560 0.900778742072052
1559 0.893035807782254
1558 0.878784938856892
1557 0.874998298539846
1556 0.869986770301342
1555 0.869986770301342
1554 0.869986770301342
1553 0.879932194007508
1552 0.888367142749403
1551 0.896302318797886
1550 0.909470981215946
1549 0.92183610070867
1548 0.933359983428343
1547 0.940557614115884
1546 0.944007179443886
1545 0.947355644369684
1544 0.947355644369684
1543 0.944007179443886
1542 0.937008140833245
1541 0.924211773738445
1540 0.908000948954217
1539 0.888919332506864
1538 0.865160039775008
1537 0.839530341846237
1536 0.81325346688183
1535 0.784351993877649
1534 0.760330410908729
1533 0.729365362674965
1532 0.703982342229111
1531 0.67784104175832
1530 0.658370290497534
1529 0.638770749541725
1528 0.619087473360063
1527 0.599355844428365
1526 0.586152127203764
1525 0.572963348266288
1524 0.559801606505255
1523 0.553234570588155
1522 0.540135383448145
1521 0.533606055200196
1520 0.527092083203893
1519 0.513792981709805
1518 0.507311826861475
1517 0.50050299506058
1516 0.487612623846394
1515 0.480819651435561
1514 0.474420886029843
1513 0.462143227288064
1512 0.455847560303283
1511 0.450075408427548
1510 0.443858832250709
1509 0.438226424739138
1508 0.432092463417851
1507 0.432092463417851
1506 0.425992703041131
1505 0.425992703041131
1504 0.425992703041131
1503 0.432092463417851
1502 0.432092463417851
1501 0.438226424739138
1500 0.444393596801187
1499 0.450592963534746
1498 0.456823483131234
1497 0.463084088186067
1496 0.469373685859318
1495 0.475691158053843
1494 0.475691158053843
1493 0.482035361610963
1492 0.488405128523826
1491 0.488405128523826
1490 0.488405128523826
1489 0.488405128523826
1488 0.487999646991898
1487 0.487999646991898
1486 0.487999646991898
1485 0.481204565171614
1484 0.481204565171614
1483 0.475246660207701
1482 0.468910296623255
1481 0.463084088186067
1480 0.456823483131234
1479 0.450592963534746
1478 0.444393596801187
1477 0.437674877819143
1476 0.431524563262575
1475 0.419328795444368
1474 0.413285247291147
1473 0.413285247291147
1472 0.407279149068073
1471 0.401954564129151
1470 0.396039749548066
1469 0.396039749548066
1468 0.396039749548066
1467 0.390164529024845
1466 0.396039749548066
1465 0.3953828218741
1464 0.3953828218741
1463 0.3953828218741
1462 0.401954564129151
1461 0.401954564129151
1460 0.407908139462344
1459 0.407279149068073
1458 0.413285247291147
1457 0.413285247291147
1456 0.413285247291147
1455 0.406681705099775
1454 0.400700610952374
1453 0.394759126450909
1452 0.388858085119059
1451 0.383646587551254
1450 0.377840505904452
1449 0.372076795260291
1448 0.365674084763506
1447 0.365674084763506
1446 0.365674084763506
1445 0.365674084763506
1444 0.371405553651588
1443 0.377840505904452
1442 0.38949428633279
1441 0.401311387268425
1440 0.419328795444368
1439 0.431524563262575
1438 0.450592963534746
1437 0.463084088186067
1436 0.468910296623255
1435 0.475246660207701
1434 0.475246660207701
1433 0.468910296623255
1432 0.462602223514848
1431 0.450592963534746
1430 0.438226424739138
1429 0.419328795444368
1428 0.400700610952374
1427 0.382998293692527
1426 0.365674084763506
1425 0.348747601593417
1424 0.332236311160148
1423 0.321467109384956
1422 0.30568086519229
1421 0.301299515074123
1420 0.291974738094186
1419 0.282027119828154
1418 0.277129865146393
1417 0.267489855748524
1416 0.26188468023624
1415 0.25255092027739
1414 0.243428429264097
1413 0.234518234911931
1412 0.230142977912395
1411 0.217337176767704
1410 0.209066731088764
1409 0.196236011202086
1408 0.18471340058036
1407 0.173667039694022
1406 0.163092038726658
1405 0.15298231642297
1404 0.143330696948542
1403 0.134129006628469
1402 0.125368169964744
1401 0.120496992453979
1400 0.115072492549995
1399 0.112429730247908
1398 0.109128813135035
1397 0.109128813135035
1396 0.108468856348336
1395 0.111053155851614
1394 0.116360144258517
1393 0.119767680993302
1392 0.125368169964744
1391 0.134887172388207
1390 0.144104366150173
1389 0.153769934240666
1388 0.159670766433466
1387 0.170089942770126
1386 0.180978579543925
1385 0.189321912339552
1384 0.193164765458816
1383 0.197933831591111
1382 0.197933831591111
1381 0.193164765458816
1380 0.185531884219269
1379 0.177296519748876
1378 0.166565017657894
1377 0.15298231642297
1376 0.143330696948542
1375 0.131160216324191
1374 0.122544171908515
1373 0.111719282706968
1372 0.103436506593324
1371 0.0962219947202903
1370 0.0916297225810399
1369 0.0850581351410041
1368 0.081462662612755
1367 0.0774332424318749
1366 0.0749185575712742
1365 0.0711359676866575
1364 0.0688008239883668
1363 0.0670099009083516
1362 0.0657425305488625
1361 0.0645333034215179
1360 0.0617111667864653
1359 0.0600765714282749
1358 0.0569091739444825
1357 0.053874238154031
1356 0.0509678607777208
1355 0.04771824539005
1354 0.0455252718416134
1353 0.042981375759146
1352 0.0398208463413705
1351 0.0375378148619535
1350 0.0343073998725975
1349 0.0312991886320145
1348 0.0290403732205589
1347 0.0263971019679044
1346 0.0244263622279382
1345 0.0228647100558916
1344 0.0213810610583881
1343 0.0202511683832912
1342 0.0195681099792792
1341 0.018902708253934
1340 0.018902708253934
1339 0.0192950230943656
1338 0.0190406229682273
1337 0.0197124607283131
1336 0.0211101672299733
1335 0.0225824690296891
1334 0.024132498886368
1333 0.0257634659326932
1332 0.0274786539666175
1331 0.0292814194535826
1330 0.0308566454044266
1329 0.0328328815746105
1328 0.0349069662295867
1327 0.0370825324719719
1326 0.0382095228093695
1325 0.039363272545066
1324 0.0405442518049845
1323 0.0405442518049845
1322 0.0405442518049845
1321 0.039363272545066
1320 0.0385710713998263
1319 0.0367064280769425
1318 0.0335193027086542
1317 0.0309140892597341
1316 0.0281373995503604
1315 0.0236355873133393
1314 0.0206675074213446
1313 0.0171286927736185
1312 0.0140679501331329
1311 0.0115942406479947
1310 0.00944655536852184
1309 0.00758820268726978
1308 0.0062871684074716
1307 0.00513395010172468
1306 0.00411393616073289
1305 0.00330455361274854
1304 0.00242075815762183
1303 0.00172389960944972
1302 0.00125802994462467
1301 0.000836334292806449
1300 0.000404004774048389
1299 6.41686315283595e-05
