1715115.4600119 974134.331000091
1995 1.06845128533663e-05
1994 1.24179371192185e-05
1993 1.3882440348386e-05
1992 1.60798272204492e-05
1991 1.84437398542009e-05
1990 2.01220004468825e-05
1989 2.23751116268996e-05
1988 2.40011931641446e-05
1987 2.5733037583629e-05
1986 2.75765464869557e-05
1985 2.95378785249869e-05
1984 3.16234555158673e-05
1983 3.27149161031309e-05
1982 3.43416143143127e-05
1981 3.49994915640222e-05
1980 3.619438260065e-05
1979 3.57062177507407e-05
1978 3.57062177507407e-05
1977 3.525712141538e-05
1976 3.40859538962946e-05
1975 3.25597153004056e-05
1974 3.00723643876647e-05
1973 2.83851525817003e-05
1972 2.68164087940595e-05
1971 2.44882493829807e-05
1970 2.31752910156384e-05
1969 2.11939385100322e-05
1968 1.90530793650882e-05
1967 1.80599871105082e-05
1966 1.68086585419735e-05
1965 1.59466743503636e-05
1964 1.48318136035852e-05
1963 1.43014038726856e-05
1962 1.40172415538171e-05
1961 1.35124013416857e-05
1960 1.35124013416857e-05
1959 1.32562080158926e-05
1958 1.32562080158926e-05
1957 1.30191742930391e-05
1956 1.28007724289595e-05
1955 1.23334912855002e-05
1954 1.23334912855002e-05
1953 1.20874843316631e-05
1952 1.18614637028743e-05
1951 1.10075355286814e-05
1950 1.06019987936923e-05
1934 1.06159836573097e-05
1933 1.23334912855002e-05
1932 1.45399225308921e-05
1931 1.77367213566787e-05
1930 2.08191268223632e-05
1929 2.4801299669764e-05
1928 2.84674424761938e-05
1927 3.37304047286193e-05
1926 3.85500105537564e-05
1925 4.3330221886585e-05
1924 4.84762106756418e-05
1923 5.33818592624839e-05
1922 5.8720664560263e-05
1921 6.25358805618329e-05
1920 6.65671067157667e-05
1919 6.77739351638159e-05
1918 6.90615705407524e-05
1917 6.82739969709694e-05
1916 6.82739969709694e-05
1915 6.75479256315581e-05
1914 6.61726766761256e-05
1913 6.61726766761256e-05
1912 6.48812517802303e-05
1911 6.48812517802303e-05
1910 6.48812517802303e-05
1909 6.28755910248662e-05
1908 6.36701099854485e-05
1907 6.36701099854485e-05
1906 6.25358805618329e-05
1905 6.25358805618329e-05
1904 6.06018807812698e-05
1903 6.06018807812698e-05
1902 5.8720664560263e-05
1901 5.61119529609343e-05
1900 5.43506712066252e-05
1899 5.36427622387966e-05
1898 5.194693089914e-05
1897 5.36427622387966e-05
1896 5.29872932614165e-05
1895 5.40979928045538e-05
1894 5.76761453708549e-05
1893 6.14611360484901e-05
1892 6.69428210863825e-05
1891 7.436389016032e-05
1890 8.25237475424515e-05
1889 9.0321949154825e-05
1888 9.87506344942723e-05
1887 0.000107849645678903
1886 0.000122507262888843
1885 0.000129690351139355
1884 0.000141136108547339
1883 0.000147629255417584
1882 0.000151794619218905
1881 0.000160423634217245
1880 0.000166610093091331
1879 0.00017591716073875
1878 0.000178924004666621
1877 0.000182094545373507
1876 0.000187071893321499
1875 0.000192162207498736
1874 0.000202689080025666
1873 0.000208129330120399
1872 0.000219372737003682
1871 0.00023309399249563
1870 0.000243363463959055
1869 0.000256140784678721
1868 0.000269459452412604
1867 0.000292727504189263
1866 0.000307522435153255
1865 0.000320554259291611
1864 0.000328447130272402
1863 0.000344696448533957
1862 0.000353056511858189
1861 0.00036157590005317
1860 0.000370256386419468
1859 0.000367893153048998
1858 0.000357058889995596
1857 0.000346591857382155
1856 0.000336486523306734
1855 0.000320428428044289
1854 0.000304988240000719
1853 0.000282953434433586
1852 0.000263824146682505
1851 0.000244280634221945
1850 0.000221654525604065
1849 0.000206384903411695
1848 0.000190498447653182
1847 0.000180483997456328
1846 0.000170913576536516
1845 0.000164866321786544
1844 0.000164866321786544
1843 0.000166290319590749
1842 0.000172471453871372
1841 0.000177228337787796
1840 0.000192162207498736
1839 0.000202689080025666
1838 0.000225179622208025
1837 0.000241455693781318
1836 0.000267442323502362
1835 0.000295654997648459
1834 0.000318347810214263
1833 0.000350744733323149
1832 0.000385693972860223
1831 0.000425819489013108
1830 0.000458665259977454
1829 0.000501377083697785
1828 0.000535328330648501
1827 0.000570963321015352
1826 0.000595671737320114
1825 0.000634184126189361
1824 0.000660837093662265
1823 0.000688280652668031
1822 0.000716520821771086
1821 0.000742432114098452
1820 0.000772267379893462
1819 0.000799952567525224
1818 0.000828635220195039
1817 0.000860914377749528
1816 0.000874780262699814
1815 0.000905917789737262
1814 0.000940273049524017
1813 0.000960131963650698
1812 0.000998264019456664
1811 0.0010190815546799
1810 0.00105873103435972
1809 0.00107739762950636
1808 0.00109929363692433
1807 0.00111833515866456
1806 0.00113757036368283
1805 0.00116013639436693
1804 0.00116013639436693
1803 0.00113757036368283
1802 0.00113757036368283
1801 0.00111833515866456
1800 0.00109929363692433
1799 0.00108366959207865
1798 0.00106179643592018
1797 0.00104334292842093
1796 0.00102199411992896
1795 0.00100392558543794
1794 0.000986058044426966
1793 0.000986058044426966
1792 0.00096839217372802
1791 0.000971517418449397
1790 0.00096839217372802
1789 0.000986058044426966
1788 0.00100392558543794
1787 0.00100100209396825
1786 0.0010190815546799
1785 0.00105584410943075
1784 0.001074525451389
1783 0.00109340552043287
1782 0.00113175735019297
1781 0.0011512266367605
1780 0.00117088970012591
1779 0.00117088970012591
1778 0.00118816120433981
1777 0.00118575303951814
1776 0.00116361064080328
1775 0.00114389306509778
1774 0.00112437283029383
1773 0.00108823602412795
1772 0.00105062051927411
1771 0.000998264019456664
1770 0.000945218640286068
1769 0.000896792378884522
1768 0.000834379382851133
1767 0.000787489751457018
1766 0.000742432114098452
1765 0.000699196233651896
1764 0.000657766731183713
1763 0.000618123449777286
1762 0.000592674978864481
1761 0.000580241822032883
1760 0.000568001255931403
1759 0.000568001255931403
1758 0.000577444436068061
1757 0.000587232948653772
1756 0.000599829492282964
1755 0.000636306671653165
1754 0.00066577426505392
1753 0.000707744116003299
1752 0.000769312661707497
1751 0.000831411818160477
1750 0.000896792378884522
1749 0.000980378003904881
1748 0.00105313942541973
1747 0.00112911415322091
1746 0.00120822967560843
1745 0.0012903894766748
1744 0.00135393504635836
1743 0.00139718282244732
1742 0.00144111474577212
1741 0.0014857091675834
1740 0.00148370312886837
1739 0.00150445520928218
1738 0.00150277704384897
1737 0.00152558163084983
1736 0.00152558163084983
1735 0.00152558163084983
1734 0.00152558163084983
1733 0.00152722650538991
1732 0.00155015389401942
1731 0.00157323409921194
1730 0.00161983932977294
1729 0.00164335727788643
1728 0.00169080536126545
1727 0.00173877717345155
1726 0.00178724024082822
1725 0.00183616044976579
1724 0.00188660024945731
1723 0.00193621429470525
1722 0.00198710155366045
1721 0.00201212967242005
1720 0.00203807736632799
1719 0.00206316602420507
1718 0.00206238721808993
1717 0.00206238721808993
1716 0.00203642458028489
1715 0.00201126188510593
1714 0.00201045100611864
1713 0.00198529867491761
1712 0.00198529867491761
1711 0.00198529867491761
1710 0.00198616917040337
1709 0.00201126188510593
1708 0.00203642458028489
1707 0.00211227943606528
1706 0.00218856923983227
1705 0.00229069884359217
1704 0.00241847903554954
1703 0.00254630732427036
1702 0.00269743526802052
1701 0.00284504706595962
1700 0.00298762504223395
1699 0.00312363973271738
1698 0.00324852783883029
1697 0.00336646832778765
1696 0.0034523022361999
1695 0.00351805037732926
1694 0.00357812053070555
1693 0.00361924665214207
1692 0.0036619141644366
1691 0.00368508511883174
1690 0.00369605295906784
1689 0.00369605295906784
1688 0.0037066038030825
1687 0.0037013554160086
1686 0.00369085131990426
1685 0.0036852580515292
1684 0.00367439068996237
1683 0.00366311379645419
1682 0.00366311379645419
1681 0.00365143134217772
1680 0.00364472182716302
1679 0.00364971925101604
1678 0.00364168828426806
1677 0.00364168828426806
1676 0.00363277814892777
1675 0.00363277814892777
1674 0.00362864397266114
1673 0.00362864397266114
1672 0.00362413205816228
1671 0.00362413205816228
1670 0.00361924665214207
1669 0.00363218152360789
1668 0.00363712373801531
1667 0.00363712373801531
1666 0.00363712373801531
1665 0.00364472182716302
1664 0.00364472182716302
1663 0.00362686630357414
1662 0.00362686630357414
1661 0.00361399232187387
1660 0.00360072997964027
1659 0.00357305880046327
1658 0.00354389113615945
1657 0.00351326720827697
1656 0.00348586427462712
1655 0.0034523022361999
1654 0.00339947935283939
1653 0.00335860173106388
1652 0.00330140383692681
1651 0.00325793994724132
1650 0.00321749332250233
1649 0.00315126291159802
1648 0.00310856251487282
1647 0.00309021981140709
1646 0.00304599560118288
1645 0.00302357656271468
1644 0.00300096203455836
1643 0.00300096203455836
1642 0.00297815889113596
1641 0.00297815889113596
1640 0.00297815889113596
1639 0.00297815889113596
1638 0.00300369863617473
1637 0.00300369863617473
1636 0.00302905783878177
1635 0.0030542091803482
1634 0.00307670546074011
1633 0.00309627902686763
1632 0.00311524488481174
1631 0.00313358011837924
1630 0.00315491938915445
1629 0.00317226305526468
1628 0.00318892263347084
1627 0.00320932465216309
1626 0.00320932465216309
1625 0.00322947221039534
1624 0.00322947221039534
1623 0.00322947221039534
1622 0.00322947221039534
1621 0.00324935889259318
1620 0.0032537761743228
1619 0.00327350011216253
1618 0.00329731034648636
1617 0.00333555346177656
1616 0.00339523622082926
1615 0.00344782014764718
1614 0.0034974221983263
1613 0.00357305880046327
1612 0.00362686630357414
1611 0.00367927859586638
1610 0.00371837695181789
1609 0.00375766509941394
1608 0.0037812098575634
1607 0.00380418906783622
1606 0.00380969573380109
1605 0.0038133712720919
1604 0.0038133712720919
1603 0.0038133712720919
1602 0.00381176278795411
1601 0.00380717085646791
1600 0.00379685922604473
1599 0.0037824698468888
1598 0.00377663925000818
1597 0.00375546125083526
1596 0.00374456430197865
1595 0.00373571753900615
1594 0.00373571753900615
1593 0.00373571753900615
1592 0.00374752182920668
1591 0.00376296239662202
1590 0.0037824698468888
1589 0.00380075144428534
1588 0.00381176278795411
1587 0.00381544032050831
1586 0.00381176278795411
1585 0.00380075144428534
1584 0.0037824698468888
1583 0.0037640493177685
1582 0.00373538851915189
1581 0.00371837695181789
1580 0.00370923185250575
1579 0.00369966481407957
1578 0.00368967922011176
1577 0.00367927859586638
1576 0.0036852580515292
1575 0.0036852580515292
1574 0.0036852580515292
1573 0.0036957120463047
1572 0.00368967922011176
1571 0.00368967922011176
1570 0.00368967922011176
1569 0.00368326279533399
1568 0.00367291872210998
1567 0.00366216540518948
1566 0.00365100661260168
1565 0.00363360114229539
1564 0.00360837394373646
1563 0.00358160058874428
1562 0.00353301730901532
1561 0.0034870214233581
1560 0.00343791947601532
1559 0.00340845886290698
1558 0.00335423661070203
1557 0.00333982905651318
1556 0.00332076100182097
1555 0.00332076100182097
1554 0.00332076100182097
1553 0.00335860173106388
1552 0.00339069534727874
1551 0.00342088740919756
1550 0.00347099204061152
1549 0.00351803932111001
1548 0.00356188583169677
1547 0.00358927165276228
1546 0.00360239669111552
1545 0.00361513705878411
1544 0.00361513705878411
1543 0.00360239669111552
1542 0.00357576648079459
1541 0.00352707837289357
1540 0.00346539880552794
1539 0.00339279634002878
1538 0.00330239607254579
1537 0.00320487921569243
1536 0.00310489995485295
1535 0.00299493452281264
1534 0.00290353628338424
1533 0.00278571928123068
1532 0.00268914099231743
1531 0.0025896775705067
1530 0.00251559450995709
1529 0.00244102142544042
1528 0.00236612974192754
1527 0.00229105408401836
1526 0.00224081607473311
1525 0.00219063490321518
1524 0.00214055660378229
1523 0.00211557009386484
1522 0.00206572980465121
1521 0.00204088676631836
1520 0.00201610215604026
1519 0.00196550122503118
1518 0.00194084147869528
1517 0.00191493497453313
1516 0.00186588919615627
1515 0.00184004303440918
1514 0.00181569676658184
1513 0.00176898226010018
1512 0.00174502826509574
1511 0.00172306616044018
1510 0.00169941309317269
1509 0.00167798269322915
1508 0.00165464396213
1507 0.00165464396213
1506 0.00163143536009538
1505 0.00163143536009538
1504 0.00163143536009538
1503 0.00165464396213
1502 0.00165464396213
1501 0.00167798269322915
1500 0.00170144778582744
1499 0.00172503537394565
1498 0.00174874149367056
1497 0.00177256208370031
1496 0.00179649298595567
1495 0.00182052994625776
1494 0.00182052994625776
1493 0.00184466861507265
1492 0.0018689045483231
1491 0.0018689045483231
1490 0.0018689045483231
1489 0.0018689045483231
1488 0.00186736175665167
1487 0.00186736175665167
1486 0.00186736175665167
1485 0.00184150756894267
1484 0.00184150756894267
1483 0.00181883870381884
1482 0.00179472986483242
1481 0.00177256208370031
1480 0.00174874149367056
1479 0.00172503537394565
1478 0.00170144778582744
1477 0.00167588414637173
1476 0.0016524831938563
1475 0.00160608026909885
1474 0.00158308554548635
1473 0.00158308554548635
1472 0.00156023331280322
1471 0.00153997412798038
1470 0.00151746921479643
1469 0.00151746921479643
1468 0.00151746921479643
1467 0.00149511495060116
1466 0.00151746921479643
1465 0.00151496971120793
1464 0.00151496971120793
1463 0.00151496971120793
1462 0.00153997412798038
1461 0.00153997412798038
1460 0.00156262651955933
1459 0.00156023331280322
1458 0.00158308554548635
1457 0.00158308554548635
1456 0.00158308554548635
1455 0.00155796013509756
1454 0.00153520303887974
1453 0.0015125966509607
1452 0.00149014414276325
1451 0.00147031523710375
1450 0.00144822403515499
1449 0.00142629404802081
1448 0.0014019327697598
1447 0.0014019327697598
1446 0.0014019327697598
1445 0.0014019327697598
1444 0.00142374008222489
1443 0.00144822403515499
1442 0.00149256478552158
1441 0.00153752694401305
1440 0.00160608026909885
1439 0.0016524831938563
1438 0.00172503537394565
1437 0.00177256208370031
1436 0.00179472986483242
1435 0.00181883870381884
1434 0.00181883870381884
1433 0.00179472986483242
1432 0.00177072866653338
1431 0.00172503537394565
1430 0.00167798269322915
1429 0.00160608026909885
1428 0.00153520303887974
1427 0.00146784858378633
1426 0.0014019327697598
1425 0.00133753023794239
1424 0.00127470744736092
1423 0.0012337323757524
1422 0.0011736682688922
1421 0.00115699794006175
1420 0.00112151867126704
1419 0.00108366959207865
1418 0.00106503632979429
1417 0.00102835765261559
1416 0.00100703086602652
1415 0.000971517418449397
1414 0.000936807815052524
1413 0.000902905966127478
1412 0.000886258820628292
1411 0.000837534817692717
1410 0.000806067109035825
1409 0.000757248294315806
1408 0.000713406623856067
1407 0.000671377006640239
1406 0.000631140837707447
1405 0.000592674978864481
1404 0.000555952127221569
1403 0.000520941183267204
1402 0.000487607616198781
1401 0.000469073573333947
1400 0.000448434228223133
1399 0.000438378944940971
1398 0.000425819489013108
1397 0.000425819489013108
1396 0.0004233084601404
1395 0.000433141301925258
1394 0.000453333534788738
1393 0.000466298661139899
1392 0.000487607616198781
1391 0.000523825881404069
1390 0.000558895813448265
1389 0.000595671737320114
1388 0.000618123449777286
1387 0.000657766731183713
1386 0.000699196233651896
1385 0.000730941266003516
1384 0.000745562700816411
1383 0.00076370822639536
1382 0.00076370822639536
1381 0.000745562700816411
1380 0.000716520821771086
1379 0.000685186591440848
1378 0.00064435496103552
1377 0.000592674978864481
1376 0.000555952127221569
1375 0.000509645416148353
1374 0.000476862760173994
1373 0.000435675806911632
1372 0.000404161182944258
1371 0.000376711131697275
1370 0.000359238278678112
1369 0.000334234450951765
1368 0.000320554259291611
1367 0.000305222966973108
1366 0.000295654997648459
1365 0.000281262854700139
1364 0.000272378010470172
1363 0.000265563837704087
1362 0.000260741698392498
1361 0.000256140784678721
1360 0.000245403011060558
1359 0.000239183640001218
1358 0.000227132204674782
1357 0.000215584764675329
1356 0.00020452646865658
1355 0.000192162207498736
1354 0.000183818297703138
1353 0.000174139184402107
1352 0.000162113880956448
1351 0.000153427315293882
1350 0.000141136108547339
1349 0.000129690351139355
1348 0.00012109592370017
1347 0.000111038703943383
1346 0.000103540357858634
1345 9.75985238292424e-05
1344 9.19534792675674e-05
1343 8.76544203179343e-05
1342 8.50554935263802e-05
1341 8.25237475424515e-05
1340 8.25237475424515e-05
1339 8.40164420815029e-05
1338 8.30484907325231e-05
1337 8.56047247880724e-05
1336 9.09227720480988e-05
1335 9.65246423567871e-05
1334 0.00010242225535528
1333 0.000108627821274592
1332 0.000115153834435014
1331 0.000122013065644883
1330 0.000128006545708014
1329 0.000135525804821088
1328 0.000143417361598822
1327 0.000151695039409278
1326 0.00015598305543321
1325 0.000160372886641256
1324 0.000164866321786544
1323 0.000164866321786544
1322 0.000164866321786544
1321 0.000160372886641256
1320 0.000157358689365342
1319 0.000150264022994105
1318 0.000138137526256732
1317 0.000128225110290035
1316 0.000117660254876299
1315 0.000100531587159717
1314 8.92385230447456e-05
1313 7.57739054596322e-05
1312 6.41282745682068e-05
1311 5.47162099223638e-05
1310 4.65446146680431e-05
1309 3.94738831711542e-05
1308 3.45236580855137e-05
1307 3.0135848882505e-05
1306 2.62548607511363e-05
1305 2.31752910156384e-05
1304 1.98125921994151e-05
1303 1.71611580905155e-05
1302 1.53885993368648e-05
1301 1.37841155607264e-05
1300 1.21391716401473e-05
1299 1.08461500619834e-05
