1220653.1990441 2050601.77973856
1560 0.00019454952007616
1559 0.000303933388504367
1558 0.000670948782123378
1557 0.000684089236336932
1556 0.000824165651744609
1555 0.000824165651744609
1554 0.000824165651744609
1553 0.000552488008068722
1552 0.000418681107729226
1551 0.000301477443844225
1550 0
1540 9.87518567978938e-05
1539 0.000676663298620301
1538 0.00144648386362049
1537 0.00247996057767808
1536 0.00355547477790256
1535 0.00528530069528872
1534 0.0070477697774635
1533 0.00983629691632693
1532 0.0126326229734204
1531 0.0168061786816856
1530 0.0199028753481597
1529 0.0234496799880412
1528 0.0274973722336562
1527 0.0309158531294305
1526 0.0342431732561772
1525 0.0378577523177297
1524 0.0417779028837561
1523 0.043858419733174
1522 0.0482722684327154
1521 0.0506104401092905
1520 0.0530393680031601
1519 0.0565603392256492
1518 0.0592348061632684
1517 0.0604112509757101
1516 0.0661933917753335
1515 0.0676363166339808
1514 0.0707613682070648
1513 0.0790784802348548
1512 0.0825900558846258
1511 0.088137776321166
1510 0.0919324768701551
1509 0.097960555807773
1508 0.102046938501146
1507 0.102046938501146
1506 0.106262943865894
1505 0.106262943865894
1504 0.106262943865894
1503 0.102046938501146
1502 0.102046938501146
1501 0.097960555807773
1500 0.0940015431575695
1499 0.0901676031185386
1498 0.0864563984693814
1497 0.0828655570830538
1496 0.0793926766743667
1495 0.0760353294071419
1494 0.0760353294071419
1493 0.0727910663569659
1492 0.0696574218260999
1491 0.0696574218260999
1490 0.0696574218260999
1489 0.0696574218260999
1488 0.0678720473249558
1487 0.0678720473249558
1486 0.0678720473249558
1485 0.0692456560028168
1484 0.0692456560028168
1483 0.0741672514569816
1482 0.077483595949145
1481 0.0828655570830538
1480 0.0864563984693814
1479 0.0901676031185386
1478 0.0940015431575695
1477 0.0958528881252814
1476 0.0999013910181414
1475 0.108391976911911
1474 0.112838587395505
1473 0.112838587395505
1472 0.11742233362266
1471 0.124466385353319
1470 0.129362359089212
1469 0.129362359089212
1468 0.129362359089212
1467 0.134400234596624
1466 0.129362359089212
1465 0.127009619176565
1464 0.127009619176565
1463 0.127009619176565
1462 0.124466385353319
1461 0.124466385353319
1460 0.119710441448595
1459 0.11742233362266
1458 0.112838587395505
1457 0.112838587395505
1456 0.112838587395505
1455 0.115255519144268
1454 0.119946123147025
1453 0.124779185775382
1452 0.12975676768131
1451 0.137169869591746
1450 0.142469515108389
1449 0.147917811629444
1448 0.15115055504566
1447 0.15115055504566
1446 0.15115055504566
1445 0.15115055504566
1444 0.14557599155209
1443 0.142469515108389
1442 0.132017170435924
1441 0.122145329579657
1440 0.108391976911911
1439 0.0999013910181414
1438 0.0901676031185386
1437 0.0828655570830538
1436 0.077483595949145
1435 0.0741672514569816
1434 0.0741672514569816
1433 0.077483595949145
1432 0.080915800816271
1431 0.0901676031185386
1430 0.097960555807773
1429 0.108391976911911
1428 0.119946123147025
1427 0.134880849042253
1426 0.15115055504566
1425 0.168801013541923
1424 0.187868933581432
1423 0.201381725294918
1422 0.222864101976521
1421 0.23283960490216
1420 0.250863958805513
1419 0.266905677699991
1418 0.275156507877186
1417 0.292111596487516
1416 0.298365495523184
1415 0.316278487721381
1414 0.334774053064798
1413 0.353830907161323
1412 0.363562146955691
1411 0.393524611195271
1410 0.414099996896183
1409 0.444284198833323
1408 0.477076393367334
1407 0.510588312714316
1406 0.544641635839373
1405 0.579040340664434
1404 0.613572196034291
1403 0.648010625573295
1402 0.682116928875191
1401 0.703250178358608
1400 0.725055227432019
1399 0.735808220073322
1398 0.748333362796934
1397 0.748333362796934
1396 0.75009531937699
1395 0.739166397972806
1394 0.716983371813898
1393 0.704547656931307
1392 0.682116928875191
1391 0.647425997493423
1390 0.613395261816802
1389 0.579250660912656
1388 0.556079658398296
1387 0.521888593049597
1386 0.48817549164101
1385 0.467366830381119
1384 0.456525379312507
1383 0.447294840151628
1382 0.447294840151628
1381 0.456525379312507
1380 0.478290947123839
1379 0.499348334445969
1378 0.533242122831275
1377 0.579040340664434
1376 0.613572196034291
1375 0.659428385801591
1374 0.69336920228555
1373 0.737545264300945
1372 0.771578924107586
1371 0.802721630273992
1370 0.822647953126831
1369 0.8510925665581
1368 0.865586638872402
1367 0.882288214961731
1366 0.894032324453634
1365 0.909440110891071
1364 0.92060100747
1363 0.927709311928511
1362 0.930454665372944
1361 0.932461882583129
1360 0.939349923189229
1359 0.944655220227727
1358 0.954314944494823
1357 0.962673179202709
1356 0.969694190777558
1355 0.980788099270523
1354 0.979609598893742
1353 0.982461124664192
1352 0.978221768578956
1351 0.977519591028753
1350 0.973841408644831
1349 0.967047128550113
1348 0.966352856982236
1347 0.954314944494823
1346 0.949579082990672
1345 0.938477917863725
1344 0.926143943884605
1343 0.908302171766944
1342 0.901233701197258
1341 0.893895276785969
1340 0.893895276785969
1339 0.90544671448785
1338 0.909440110891071
1337 0.916732225683236
1336 0.930454665372944
1335 0.942980147301706
1334 0.954255191491255
1333 0.964231235627727
1332 0.972864983347791
1331 0.98011871719001
1330 0.990850510230011
1329 0.995321399262055
1328 0.998313178948017
1327 0.999812434962445
1326 1
1325 0.999812434962445
1324 0.999249950629904
1323 0.999249950629904
1322 0.999249950629904
1321 0.999812434962445
1320 0.994973375185252
1319 0.988930785656367
1318 0.985122497790189
1317 0.972693583779949
1316 0.962673179202709
1315 0.944185675808462
1314 0.919530764930331
1313 0.885932672430908
1312 0.8446405077979
1311 0.79467169408432
1310 0.74067172485919
1309 0.683886811924805
1308 0.637282868547627
1307 0.590291490967468
1306 0.54348223971684
1305 0.49835074066602
1304 0.452447222211462
1303 0.409096764476511
1302 0.377829578142225
1301 0.347765367891144
1300 0.317064268644603
1299 0.289602238045806
1298 0.261668050259041
1297 0.245152120370582
1296 0.221663549578549
1295 0.206864188915908
1294 0.185949688239712
1293 0.172854900404567
1292 0.160428749507111
1291 0.150504970995728
1290 0.133989559593233
1289 0.123753172975517
1288 0.11592831913025
1287 0.106813631603282
1286 0.0982581865079912
1285 0.090242346332717
1284 0.0827457143671603
1283 0.075747312943124
1282 0.0647483828294874
1281 0.0589701166963756
1280 0.0536140778229044
1279 0.0475719141802005
1278 0.0409335493910635
1277 0.0369436194739917
1276 0.0315597575963537
1275 0.0268366723950523
1274 0.0227094881608888
1273 0.0202587351264384
1272 0.0175581794471366
1271 0.013794729965721
1270 0.0114226621714522
1269 0.00979932727713747
1268 0.00746887880715962
1267 0.0055855389523825
1266 0.00407355374580132
1265 0.00286766043223549
1264 0.00175614394285274
1263 0.000880171761590109
1262 0.00035159372777538
1247 4.87416176016518e-06
1246 0.000198758687001669
1245 0.000305253689184977
1244 0.000418613988793232
1243 0.000539235511982465
1242 0.000667533712756026
1241 0.000667533712756026
1240 0.000667533712756026
1239 0.000667533712756026
1238 0.000667533712756026
1237 0.000539235511982465
1236 0.000301477443844225
1235 0.00019454952007616
1234 0.00019454952007616
1233 9.41788092224898e-05
1232 9.87518567978938e-05
1231 4.87416176016518e-06
1212 9.5153429738817e-05
1211 0.00054087565314392
1210 0.000956565398316853
1209 0.00164380978353965
1208 0.00251631951240684
1207 0.00331779646929466
1206 0.00433455192109623
1205 0.00547714241079814
1204 0.00682355901082038
1203 0.00784934715403084
1202 0.00944512274978738
1201 0.0107505222723597
1200 0.0114544244817823
1199 0.0121944302221628
1198 0.0129720728290969
1197 0.0129720728290969
1196 0.0132017006336564
1195 0.0140351734222598
1194 0.0149104768717626
1193 0.0155468457200025
1192 0.0164912913140421
1191 0.018228204476622
1190 0.0212808510175133
1189 0.0212808510175133
1188 0.0224824665371531
1187 0.0237389944743189
1186 0.022806096692366
1185 0.0207473849921732
1184 0.017147888588795
1183 0.013794729965721
1182 0.00928980516636896
1181 0.00562152235966118
1180 0.002366265808939
1179 0.00014281443215931
