1220653.1990441 2050601.77973856
3369 0.000100837131097485
3368 0.000333732002273357
3367 0.00071262021239772
3366 0.000986263704923864
3365 0.00143076768775798
3364 0.00191926545037621
3363 0.00210746821507782
3362 0.00284154167117649
3361 0.00325182818432381
3360 0.00391565075854011
3359 0.00439247820165792
3358 0.00489841825697717
3357 0.00543498536295128
3356 0.00600375435935066
3355 0.00660636167240278
3354 0.00692088319878348
3353 0.0075774537544452
3352 0.00763321448616766
3351 0.0079785844659266
3350 0.00833384755318867
3349 0.00869924171957065
3348 0.00946139619621495
3347 0.00985865354233151
3346 0.0102670360838372
3345 0.0106868030185165
3344 0.0111182178500958
3343 0.0115615484042524
3342 0.0123866428991722
3341 0.0133520589650333
3340 0.0138543619862152
3339 0.0148996063488615
3338 0.0160010164658369
3337 0.0171610300871562
3336 0.018382153481237
3335 0.0196669610182025
3334 0.0210180945720958
3333 0.0224382627327076
3332 0.0239302398177686
3331 0.0269133373064877
3330 0.0286201623017753
3329 0.0304094442470518
3328 0.0322842178609812
3327 0.034971347875865
3326 0.0381270268415464
3325 0.0403512280527712
3324 0.0426755235573721
3323 0.0451031818243067
3322 0.0463568030069559
3321 0.0480670371651058
3320 0.0507409161882004
3319 0.0521207248291056
3318 0.0549682217915403
3317 0.0564367701496735
3316 0.0589085072355258
3315 0.0604519084255047
3314 0.0620266239937533
3313 0.0620266239937533
3312 0.0620266239937533
3311 0.0620266239937533
3310 0.0620266239937533
3309 0.0620266239937533
3308 0.0604519084255047
3307 0.0579357599959205
3306 0.0564367701496735
3305 0.0535296835286615
3304 0.0521207248291056
3303 0.0493898292901728
3302 0.0480670371651058
3301 0.045504636992561
3300 0.0430503324993317
3299 0.0418626671958613
3298 0.0395642313068854
3297 0.0384526360696748
3296 0.0363026483364084
3295 0.0345533849119415
3294 0.0335496712502067
3293 0.0316103496196828
3292 0.029759205814807
3291 0.0279931314495651
3290 0.0263090744628537
3289 0.0239302398177686
3288 0.0217193774592213
3287 0.0196669610182025
3286 0.0177637937545041
3285 0.0160010164658369
3284 0.0143701131232926
3283 0.0128629143912083
3282 0.0119229634229183
3281 0.0114715991903418
3280 0.0110322777154001
3279 0.010604730788164
3278 0.010604730788164
3277 0.010604730788164
3276 0.0110322777154001
3275 0.0119229634229183
3274 0.0123866428991722
3273 0.0138543619862152
3272 0.0148996063488615
3271 0.0160010164658369
3270 0.0177637937545041
3269 0.018382153481237
3268 0.0196669610182025
3267 0.0203340693092429
3266 0.0217193774592213
3265 0.0224382627327076
3264 0.0231750992285785
3263 0.0231750992285785
3262 0.0239302398177686
3261 0.0247040413636937
3260 0.025496864676347
3259 0.0263090744628537
3258 0.0271410392744134
3257 0.0279931314495651
3256 0.028865727053707
3255 0.0306739510552389
3254 0.0319083465486865
3253 0.033869347296581
3252 0.0377055478872653
3251 0.0399285774570398
3250 0.04225272763176
3249 0.0446813455342283
3248 0.0472178155192051
3247 0.0485275618118546
3246 0.0498655549946853
3245 0.0512322266737521
3244 0.0526280099448101
3243 0.0540533392368434
3242 0.0540533392368434
3241 0.0555086501508113
3240 0.0569943792935978
3239 0.0569943792935978
3238 0.0585109641071547
3237 0.0585109641071547
3236 0.0600588426928295
3235 0.0616384536308763
3234 0.0632502357951481
3233 0.0639195735424648
3232 0.0655839868858357
3231 0.0672819004349551
3230 0.0690137584722208
3229 0.0707800047166573
3228 0.0725810821091162
3227 0.0754703422871933
3226 0.0773552639984307
3225 0.0792762870639773
3224 0.0792762870639773
3223 0.0792762870639773
3222 0.0792762870639773
3221 0.0812338420498592
3220 0.0812338420498592
3219 0.0832283574633741
3218 0.0852602595114526
3217 0.0873299718545817
3216 0.0894379153563494
3215 0.0937701637728179
3214 0.100565602233326
3213 0.105298637867353
3212 0.110197532011681
3211 0.117863498476649
3210 0.125919362346648
3209 0.134374460628868
3208 0.143237511146973
3207 0.151124496932014
3206 0.16221878355343
3205 0.168925268232275
3204 0.175824381822324
3203 0.179346642833585
3202 0.182917597877391
3201 0.182917597877391
3200 0.182917597877391
3199 0.179346642833585
3198 0.175824381822324
3197 0.172350649632009
3196 0.16554804710127
3195 0.16221878355343
3194 0.155703259614798
3193 0.149376844123071
3192 0.146283925437979
3191 0.140237322591723
3190 0.137283071564116
3189 0.134374460628868
3188 0.134374460628868
3187 0.134374460628868
3186 0.134374460628868
3185 0.134374460628868
3184 0.135932799411128
3183 0.138878134827392
3182 0.141869679267823
3181 0.146283925437979
3180 0.149376844123071
3179 0.152516535986808
3178 0.155703259614798
3177 0.158937263067534
3176 0.16221878355343
3175 0.16554804710127
3174 0.168925268232275
3173 0.175824381822324
3172 0.179346642833585
3171 0.186537399020025
3170 0.197691195695213
3169 0.205373457448542
3168 0.217267921153381
3167 0.225445354176313
3166 0.238083079438814
3165 0.251165439320805
3164 0.264689695937697
3163 0.28010619107847
3162 0.289638079984031
3161 0.299357314639951
3160 0.309261394510663
3159 0.314281879581246
3158 0.319347487853603
3157 0.324457812662797
3156 0.329612425953559
3155 0.334810878131687
3154 0.334810878131687
3153 0.336166247954027
3152 0.341392478238815
3151 0.346660897477306
3150 0.351970987355632
3149 0.357322207856395
3148 0.362713997167647
3147 0.36814577160252
3146 0.379126831315185
3145 0.389091979899998
3144 0.394736707852395
3143 0.406135595798232
3142 0.417675357831799
3141 0.429349636965011
3140 0.435235135834649
3139 0.441151717811129
3138 0.453074528659248
3137 0.459078901194929
3136 0.465110644402805
3135 0.471957872312351
3134 0.471957872312351
3133 0.478009167420093
3132 0.478768465769819
3131 0.472750222924607
3130 0.466756022542707
3129 0.460786858091343
3128 0.453956260894369
3127 0.44209180649769
3126 0.430345325327301
3125 0.424518540889775
3124 0.411888256447289
3123 0.400418159292026
3122 0.389091979899998
3121 0.377915535595951
3120 0.372385183571215
3119 0.362713997167647
3118 0.357322207856395
3117 0.357322207856395
3116 0.357322207856395
3115 0.356033322467034
3114 0.361443462137868
3113 0.366894283735384
3112 0.372385183571215
3111 0.383484691345646
3110 0.39360605438583
3109 0.405050682926466
3108 0.416638952199167
3107 0.43427665741332
3106 0.44619538041868
3105 0.458233872047262
3104 0.470384499914175
3103 0.481923039345215
3102 0.488118675491418
3101 0.494337829407303
3100 0.500579398991257
3099 0.500579398991257
3098 0.494337829407303
3097 0.481923039345215
3096 0.463487932090969
3095 0.445302056625857
3094 0.427391577878522
3093 0.403981096558055
3092 0.381155693832885
3091 0.364448808492419
3090 0.353517013025979
3089 0.342755661140592
3088 0.33216909010441
3087 0.326942603500532
3086 0.326942603500532
3085 0.326942603500532
3084 0.33216909010441
3083 0.337440271152281
3082 0.349378457272858
3081 0.360192181951695
3080 0.376721462617468
3079 0.39360605438583
3078 0.410827251768175
3077 0.428364496370746
3076 0.452200123824242
3075 0.470384499914175
3074 0.494989868797054
3073 0.513676329482881
3072 0.532528062866601
3071 0.551512726559148
3070 0.570596409592783
3069 0.583356454026218
3068 0.596133967417849
3067 0.608917851429302
3066 0.6216967598578
3065 0.634459113727269
3064 0.640830404527336
3063 0.653545746195703
3062 0.659886774426513
3061 0.672527906876238
3060 0.685104171832451
3059 0.691364081642654
3058 0.703819590346735
3057 0.710012021731775
3056 0.716178782481291
3055 0.721435905886663
3054 0.727497833814412
3053 0.727497833814412
3052 0.733529187723925
3051 0.733529187723925
3050 0.733529187723925
3049 0.727497833814412
3048 0.727497833814412
3047 0.721435905886663
3046 0.722318274347505
3045 0.716178782481291
3044 0.710012021731775
3043 0.703819590346735
3042 0.697603081302056
3041 0.69691411662017
3040 0.690723026342512
3039 0.690723026342512
3038 0.684510810107722
3037 0.684510810107722
3036 0.690723026342512
3035 0.690723026342512
3034 0.690723026342512
3033 0.69691411662017
3032 0.70308251985927
3031 0.709226668679091
3030 0.709226668679091
3029 0.715344990039015
3028 0.721435905886663
3027 0.727497833814412
3026 0.733529187723925
3025 0.732514929490627
3024 0.732514929490627
3023 0.738464326049624
3022 0.738464326049624
3021 0.732514929490627
3020 0.733529187723925
3019 0.727497833814412
3018 0.721435905886663
3017 0.715344990039015
3016 0.709226668679091
3015 0.70308251985927
3014 0.69691411662017
3013 0.690723026342512
3012 0.684510810107722
3011 0.684510810107722
3010 0.684510810107722
3009 0.684510810107722
3008 0.684510810107722
3007 0.690723026342512
3006 0.696196412363434
3005 0.709226668679091
3004 0.721435905886663
3003 0.733529187723925
3002 0.752550477544359
3001 0.770259536244281
3000 0.787592606851117
2999 0.804506224776673
2998 0.820957245008458
2997 0.836903023231948
2996 0.847232096819717
2995 0.862242977804006
2994 0.871910944364003
2993 0.881293803186298
2992 0.888042313692501
2991 0.896738711006279
2990 0.900969016782624
2989 0.905118977367785
2988 0.905118977367785
2987 0.905118977367785
2986 0.90342921288215
2985 0.899158712472241
2984 0.894808563282452
2983 0.890380113668734
2982 0.885874731446103
2981 0.876638733508559
2980 0.871910944364003
2979 0.862242977804006
2978 0.857305724430477
2977 0.852301598206198
2976 0.847232096819717
2975 0.842098730892302
2974 0.836903023231948
2973 0.836903023231948
2972 0.836903023231948
2971 0.842098730892302
2970 0.847232096819717
2969 0.852301598206198
2968 0.862242977804006
2967 0.871910944364003
2966 0.888111264684877
2965 0.897126973035071
2964 0.910055579900377
2963 0.922238009721456
2962 0.933639630352184
2961 0.94757096942841
2960 0.957027138853194
2959 0.965601838634522
2958 0.973269865198855
2957 0.976910690289633
2956 0.982643827098053
2955 0.987419541015905
2954 0.990064315206577
2953 0.992273687591853
2952 0.994044723902056
2951 0.994765107240575
2950 0.995375068874977
2949 0.995874405723783
2948 0.996262951475443
2947 0.996262951475443
2946 0.996262951475443
2945 0.996262951475443
2944 0.996262951475443
2943 0.996262951475443
2942 0.996262951475443
2941 0.996262951475443
2940 0.992896865131605
2939 0.993171692207388
2938 0.996540576680657
2937 0.996540576680657
2936 0.99670718882425
2935 0.996762732376553
2934 0.996762732376553
2933 1
2932 0.999831736129041
2931 0.999551359067699
2930 0.998654679113913
2929 0.998038676882455
2928 0.997311162614571
2927 0.996472380017154
2926 0.99552260992352
2925 0.993291415252241
2924 0.988796147496523
2923 0.987419541015905
2922 0.985934951952861
2921 0.984342871802967
2920 0.982643827098053
2919 0.980838379116
2918 0.978927123571729
2917 0.980008550588942
2916 0.977866873715155
2915 0.977866873715155
2914 0.975620397946418
2913 0.972564978263534
2912 0.972564978263534
2911 0.972564978263534
2910 0.972564978263534
2909 0.972564978263534
2908 0.97478974285769
2907 0.973738376659783
2906 0.975734737566244
2905 0.980838379116
2904 0.984342871802967
2903 0.985934951952861
2902 0.988796147496523
2901 0.990064315206577
2900 0.992273687591853
2899 0.996472380017154
2898 0.994044723902056
2897 0.995375068874977
2896 0.995874405723783
2895 0.996262951475443
2894 0.996540576680657
2893 0.996540576680657
2892 0.996540576680657
2891 0.993171692207388
2890 0.993171692207388
2889 0.992896865131605
2888 0.992512234592471
2887 0.992017927872625
2886 0.994765107240575
2885 0.993214158598148
2884 0.991223623517308
2883 0.988796147496523
2882 0.984342871802967
2881 0.980838379116
2880 0.976910690289633
2879 0.97023712651276
2878 0.96527524424135
2877 0.954102982802095
2876 0.94820570698594
2875 0.938648063695604
2874 0.931813696952598
2873 0.921867672632558
2872 0.914396494954368
2871 0.906586791454787
2870 0.898448260790404
2869 0.896738711006279
2868 0.892429367513125
2867 0.883578896168819
2866 0.87904048011436
2865 0.874428448555281
2864 0.871910944364003
2863 0.867111874314138
2862 0.862242977804006
2861 0.857305724430477
2860 0.852301598206198
2859 0.847232096819717
2858 0.840202590955195
2857 0.829843593368615
2856 0.819248766359758
2855 0.808430402478188
2854 0.797400929292621
2853 0.780488343362696
2852 0.763171660495812
2851 0.746571441130879
2850 0.722318274347505
2849 0.703819590346735
2848 0.685104171832451
2847 0.659886774426513
2846 0.640830404527336
2845 0.615308646004457
2844 0.596133967417849
2843 0.577140750659552
2842 0.564474744016054
2841 0.545538030819981
2840 0.539247551465303
2839 0.526706733176803
2838 0.520458830025441
2837 0.514227522836232
2836 0.514227522836232
2835 0.514227522836232
2834 0.514227522836232
2833 0.520458830025441
2832 0.526706733176803
2831 0.532970043129249
2830 0.539247551465303
2829 0.552160968586306
2828 0.558433423790482
2827 0.571002941846608
2826 0.577297412152174
2825 0.58989917057698
2824 0.596203769140895
2823 0.602509028739116
2822 0.615115987344773
2821 0.621414879398299
2820 0.627903861686849
2819 0.634237306514757
2818 0.640563290899701
2817 0.646880337622847
2816 0.653186957858115
2815 0.653186957858115
2814 0.659481651718668
2813 0.659481651718668
2812 0.665762908814872
2811 0.665762908814872
2810 0.665762908814872
2809 0.666214674036327
2808 0.666214674036327
2807 0.666643058161831
2806 0.666643058161831
2805 0.666643058161831
2804 0.66704864604758
2803 0.66704864604758
2802 0.66704864604758
2801 0.66704864604758
2800 0.66704864604758
2799 0.66704864604758
2798 0.66704864604758
2797 0.660630531165364
2796 0.660630531165364
2795 0.654199902866442
2794 0.647758322990721
2793 0.647758322990721
2792 0.641307341838161
2791 0.634848497587339
2790 0.634848497587339
2789 0.62838331572653
2788 0.6154399743527
2787 0.608964797424775
2786 0.596014777069254
2785 0.583074814825827
2784 0.570156217369037
2783 0.55084243283707
2782 0.525266000559028
2781 0.506259436029147
2780 0.48121299119434
2779 0.456569749627349
2778 0.432395621125888
2777 0.414609219413959
2776 0.408750640754208
2775 0.40292854142185
2774 0.397143707019972
2773 0.391396899507886
2772 0.384594131394844
2771 0.37890657910431
2770 0.37325985102935
2769 0.363258279446632
2768 0.352293043578959
2767 0.341500879209438
2766 0.329630632124115
2765 0.319172683251483
2764 0.314013772163863
2763 0.303838122233132
2762 0.295184944562276
2761 0.285412002773295
2760 0.269752112648231
2759 0.25136756254716
2758 0.230921436787254
2757 0.206390279034612
2756 0.183672970841278
2755 0.162746542966386
2754 0.143570056469489
2753 0.126087237869894
2752 0.115339332447771
2751 0.105290672197304
2750 0.0959165338087354
2749 0.0893129344196533
2748 0.0851075585310731
2747 0.0810557831867322
2746 0.0742624141605085
2745 0.0688280350381604
2744 0.0637075655693038
2743 0.0573473150151708
2742 0.0514941061602478
2741 0.0461189681033285
2740 0.0400287976989678
2739 0.0356255321249747
2738 0.0325786569616142
2737 0.0288356413478536
2736 0.0262539101881406
2735 0.0254342001302624
2734 0.0246342847187581
2733 0.0246342847187581
2732 0.0246342847187581
2731 0.0254342001302624
2730 0.0254342001302624
2729 0.0251697949454903
2728 0.0228546781293389
2727 0.020705420709021
2726 0.0174660115162863
2725 0.015158641712936
2724 0.0125962033954072
2723 0.010356611113941
2722 0.00877409068634815
2721 0.0070304452597858
2720 0.00580462666309574
2719 0.00471389364745174
2718 0.00397666083800398
2717 0.00330300414017316
2716 0.00288683859660858
2715 0.00249544221084574
2714 0.00230862639372971
2713 0.00230862639372971
2712 0.0021275225068078
2711 0.0021275225068078
2710 0.001951977548431
2709 0.00178184185197094
2708 0.00161696903895961
2707 0.00130244270749939
2706 0.000866649202986288
2705 0.00059859297767754
2704 0.000347357807885672
2703 0.0001120034998395
2630 1.00160577417877e-05
2629 0.000484055801044738
2628 0.00102416736939155
2627 0.00147739149787478
2626 0.00180447448916479
2625 0.00215283579556925
2624 0.00215283579556925
2623 0.00197592158336899
2622 0.00163834615025094
2621 0.00132146870907955
2620 0.000882520966199745
2619 0.000359647493580851
2618 1.00160577417877e-05
2578 0
2577 0.0001120034998395
2576 0.0001120034998395
2575 0
2558 0.00010473232770653
2557 0.000338751963918528
2556 0.000588509208819139
2555 0.000719577874091194
2554 0.000866649202986288
2553 0.00100729149578194
2552 0.00115251244822494
2551 0.00130244270749939
2550 0.00130244270749939
2549 0.00130244270749939
2548 0.00144171918179983
2547 0.00128795942257789
2546 0.000994696644788885
2545 0.000730457926203935
2544 0.000470932577874289
2543 0.0001120034998395
