1891116.69614474 2574116.08643015
1998 1.10557649874556e-05
1997 1.23492720942105e-05
1996 1.43430035197049e-05
1995 1.55336039784487e-05
1994 1.74704055013628e-05
1993 1.90635122169735e-05
1992 2.13913722322465e-05
1991 2.37088968440623e-05
1990 2.53253221652815e-05
1989 2.75392569902904e-05
1988 2.91098820412523e-05
1987 3.07600751722383e-05
1986 3.24932430741795e-05
1985 3.43129017276912e-05
1984 3.62226778586093e-05
1983 3.72125239468387e-05
1982 3.85812200179855e-05
1981 3.92645219603076e-05
1980 4.03276511834592e-05
1979 3.9985188792493e-05
1978 3.9985188792493e-05
1977 3.96692713581289e-05
1976 3.8619116472699e-05
1975 3.73154314282593e-05
1974 3.51047118969576e-05
1973 3.34730802214651e-05
1972 3.19334577505501e-05
1971 2.9651226230212e-05
1970 2.83148321966083e-05
1969 2.63104563865053e-05
1968 2.41883008016869e-05
1967 2.31163346326979e-05
1966 2.18431387496431e-05
1965 2.08845201225812e-05
1964 1.97244848743662e-05
1963 1.9166537904967e-05
1962 1.89317223113224e-05
1961 1.83933017835726e-05
1960 1.83933017835726e-05
1959 1.81790657954492e-05
1958 1.81790657954492e-05
1957 1.79798978620917e-05
1956 1.77955499629971e-05
1955 1.72844965211457e-05
1954 1.72844965211457e-05
1953 1.69628223655956e-05
1952 1.66599733609374e-05
1951 1.57120654317877e-05
1950 1.52566755971117e-05
1949 1.43816086645511e-05
1948 1.35523333234635e-05
1947 1.27667317977085e-05
1946 1.20227674679254e-05
1945 1.13184827334086e-05
1944 1.09806295445347e-05
1943 1.05220215731062e-05
1942 1.02055528286331e-05
1941 1.02055528286331e-05
1940 1.03323612935676e-05
1939 1.03323612935676e-05
1938 1.09806295445347e-05
1937 1.15259100562163e-05
1936 1.26163400090049e-05
1935 1.36503872016852e-05
1934 1.53703597942774e-05
1933 1.72844965211457e-05
1932 1.96090240723655e-05
1931 2.28602247542255e-05
1930 2.58645571907038e-05
1929 2.97095997207537e-05
1928 3.31449623888184e-05
1927 3.7933909386142e-05
1926 4.21971371636375e-05
1925 4.64418845127447e-05
1924 5.06846784243469e-05
1923 5.47596996537266e-05
1922 5.911927278907e-05
1921 6.21916422139492e-05
1920 6.54025034639916e-05
1919 6.64963440054305e-05
1918 6.76453588245457e-05
1917 6.71473032047331e-05
1916 6.71473032047331e-05
1915 6.66873286028773e-05
1914 6.54799564773476e-05
1913 6.54799564773476e-05
1912 6.43295119885376e-05
1911 6.43295119885376e-05
1910 6.43295119885376e-05
1909 6.27253947026577e-05
1908 6.32340365476063e-05
1907 6.32340365476063e-05
1906 6.21916422139492e-05
1905 6.21916422139492e-05
1904 6.06384551190153e-05
1903 6.06384551190153e-05
1902 5.911927278907e-05
1901 5.71260688094871e-05
1900 5.5682292155812e-05
1899 5.52178297233967e-05
1898 5.38146548625905e-05
1897 5.52178297233967e-05
1896 5.47867950279027e-05
1895 5.58085862226938e-05
1894 5.87457118441234e-05
1893 6.18172157585131e-05
1892 6.59692870887413e-05
1891 7.1664452165876e-05
1890 7.78046247632239e-05
1889 8.37138282331027e-05
1888 9.0006247689121e-05
1887 9.67011801474438e-05
1886 0.000107113169525733
1885 0.000112228865104717
1884 0.000120291297954288
1883 0.000125018832927769
1882 0.000127910113069124
1881 0.00013386231222512
1880 0.000137894520724265
1879 0.000144223989194929
1878 0.000146468225432625
1877 0.000148809090137653
1876 0.000152160519877533
1875 0.000155574806209306
1874 0.000162595352752506
1873 0.000166203323217068
1872 0.000173618956575697
1871 0.00018238779401332
1870 0.000189273222630094
1869 0.000197525774242872
1868 0.000206071257567565
1867 0.000220656991276836
1866 0.000229992518124027
1865 0.000238388461121322
1864 0.000243322651873091
1863 0.00025343783628971
1862 0.000258620562773982
1861 0.000263887862786197
1860 0.000269240595423825
1859 0.000267989005499556
1858 0.000261494372967722
1857 0.000255192766308587
1856 0.0002490811152959
1855 0.000239056941545585
1854 0.000229361103387155
1853 0.000215417439319459
1852 0.000203034640111118
1851 0.000190433757949778
1850 0.000175500783825395
1849 0.00016524260473454
1848 0.000154651418551166
1847 0.000147910347897918
1846 0.000141417100719007
1845 0.000137459395637976
1844 0.000137459395637976
1843 0.000138261299558933
1842 0.0001422914176928
1841 0.000145519670365781
1840 0.000155574806209306
1839 0.000162595352752506
1838 0.000177428346741437
1837 0.000188236847624768
1836 0.000204984008161053
1835 0.000222930864866231
1834 0.000237212191668327
1833 0.000257393909691165
1832 0.000278929473796641
1831 0.000303198694523872
1830 0.00032285191533156
1829 0.0003484845446884
1828 0.000368722448401625
1827 0.000389851580995387
1826 0.00040444242403216
1825 0.000427099633240489
1824 0.000442726092886528
1823 0.000458775740641359
1822 0.000475253339736815
1821 0.000490468952295943
1820 0.000507800241707049
1819 0.000523956095845232
1818 0.000540641058165957
1817 0.000559286673291397
1816 0.000567353157830653
1815 0.000585349734464905
1814 0.000605122555904794
1813 0.000616515762887237
1812 0.000638440382591454
1811 0.000650418770241969
1810 0.00067327718576762
1809 0.000684041904573202
1808 0.000696713804764063
1807 0.000707710508828394
1806 0.000718822602942691
1805 0.000731949664955492
1804 0.000731949664955492
1803 0.000718822602942691
1802 0.000718822602942691
1801 0.000707710508828394
1800 0.000696713804764063
1799 0.000687731434844452
1798 0.000675066431807765
1797 0.000664415627445165
1796 0.000652094548948215
1795 0.000641676375420014
1794 0.00063137341847057
1793 0.00063137341847057
1792 0.000621185486536427
1791 0.000622962145630583
1790 0.000621185486536427
1789 0.00063137341847057
1788 0.000641676375420014
1787 0.000640003059022257
1786 0.000650418770241969
1785 0.000671597604368901
1784 0.000682360996136986
1783 0.000693240506284128
1782 0.000715348125206695
1781 0.000726576286544849
1780 0.000737920670493324
1779 0.000737920670493324
1778 0.000747811092851291
1777 0.00074635242308532
1776 0.000733543293088418
1775 0.000722197535269023
1774 0.000710969084566151
1773 0.000690210302606385
1772 0.000668571937919486
1771 0.000638440382591454
1770 0.000607895078966262
1769 0.000579928207586826
1768 0.00054379201429382
1767 0.000516631329592705
1766 0.000490468952295943
1765 0.000465291555494549
1764 0.00044108439026354
1763 0.000417831400583314
1762 0.000402851032450075
1761 0.000395515336968573
1760 0.000388281715597036
1759 0.000388281715597036
1758 0.000394033988998077
1757 0.000399968692565721
1756 0.000407387952427241
1755 0.000428947609471273
1754 0.000446054712468682
1753 0.000470534346040329
1752 0.000506196602156123
1751 0.000542162267862785
1750 0.000579928207586826
1749 0.000628142973990466
1748 0.00067002883210122
1747 0.000713776282194903
1746 0.000759389120880856
1745 0.000806863864526208
1744 0.000843685356345744
1743 0.000868807749776081
1742 0.000894386572090829
1741 0.000920418339715597
1740 0.000919012600287157
1739 0.000930912224311029
1738 0.000929728623233597
1737 0.000943045047650181
1736 0.000943045047650181
1735 0.000943045047650181
1734 0.000943045047650181
1733 0.000944222526868883
1732 0.000957644778045708
1731 0.000971178357096368
1730 0.000998576833948941
1729 0.00101244030749173
1728 0.00104049188576853
1727 0.00106897074898103
1726 0.00109786969755302
1725 0.00112718091808469
1724 0.00115802851933128
1723 0.00118811048911638
1722 0.00121973825955838
1721 0.0012350945199078
1720 0.00125175377574741
1719 0.00126727213937287
1718 0.00126607985328652
1717 0.00126607985328652
1716 0.00124941391956546
1715 0.00123394887828122
1714 0.00123288941834708
1713 0.00121750074535739
1712 0.00121750074535739
1711 0.00121750074535739
1710 0.00121857573236938
1709 0.00123394887828122
1708 0.00124941391956546
1707 0.0012963463157767
1706 0.00134405334357682
1705 0.0014087931013033
1704 0.00149137730517562
1703 0.00157495378777496
1702 0.00167792772807401
1701 0.00178237615709528
1700 0.00188775728286486
1699 0.00199348798429855
1698 0.00209865348736498
1697 0.00220297671975047
1696 0.00228796016907882
1695 0.00235532067161022
1694 0.00242150441101681
1693 0.00247024485913022
1692 0.00251944467549124
1691 0.00255091662172855
1690 0.00256648527843147
1689 0.00256648527843147
1688 0.00258193807081277
1687 0.00258045016931016
1686 0.00256503765711773
1685 0.00256347578506376
1684 0.00254799094825944
1683 0.00253239368756919
1682 0.00253239368756919
1681 0.00251668722028135
1680 0.00250226235370502
1679 0.00250354788425897
1678 0.00248869393208967
1677 0.00248869393208967
1676 0.00247356901182562
1675 0.00247356901182562
1674 0.00247255703408987
1673 0.00247255703408987
1672 0.00247144895445972
1671 0.00247144895445972
1670 0.00247024485913022
1669 0.00248630338904299
1668 0.00248754822310421
1667 0.00248754822310421
1666 0.00248754822310421
1665 0.00250226235370502
1664 0.00250226235370502
1663 0.00248495956766435
1662 0.00248495956766435
1661 0.00246894484625265
1660 0.00245283384391773
1659 0.00242033595842276
1658 0.0023874918422228
1657 0.00235432741422605
1656 0.00232177455359613
1655 0.00228796016907882
1654 0.00223679197306474
1653 0.00220181514979881
1652 0.00215005594871783
1651 0.00211494028539644
1650 0.00208022248951682
1649 0.00202774904458014
1648 0.00199293178214192
1647 0.00197560053409406
1646 0.00194064913242295
1645 0.00192317192715188
1644 0.00190569749230351
1643 0.00190569749230351
1642 0.0018882286253161
1641 0.0018882286253161
1640 0.0018882286253161
1639 0.0018882286253161
1638 0.00190561389124413
1637 0.00190561389124413
1636 0.0019230839556929
1635 0.00194063007604401
1634 0.00195822319768098
1633 0.00197575270329232
1632 0.001993192293325
1631 0.00201052880593446
1630 0.00202797700849357
1629 0.00204513682577341
1628 0.00206216077735353
1627 0.00207946061272369
1626 0.00207946061272369
1625 0.00209673633090117
1624 0.00209673633090117
1623 0.00209673633090117
1622 0.00209673633090117
1621 0.00211398493117359
1620 0.00211447978781712
1619 0.00213174846647052
1618 0.00214953977002512
1617 0.00218399636977156
1616 0.00223610221559985
1615 0.00228714103838357
1614 0.00233763317143292
1613 0.00242033595842276
1612 0.00248495956766435
1611 0.00256180003025323
1610 0.00262236685091336
1609 0.00269516831059999
1608 0.00275084160430677
1607 0.00280645457930274
1606 0.00283213437748412
1605 0.00285711955455405
1604 0.00285711955455405
1603 0.00285711955455405
1602 0.00284471520848307
1601 0.00281937988378767
1600 0.00278010308763371
1599 0.00273936765534487
1598 0.00271342713655073
1597 0.00267031511684113
1596 0.00264252616803842
1595 0.00262756902036757
1594 0.00262756902036757
1593 0.00262756902036757
1592 0.00265566426097651
1591 0.00268482795989133
1590 0.00273936765534487
1589 0.00279336134455759
1588 0.00284471520848307
1587 0.00289324592810648
1586 0.00293877804635395
1585 0.00298114502226909
1584 0.00302019024405267
1583 0.00304720616451676
1582 0.00306889839278944
1581 0.00308437515365684
1580 0.0030917664758105
1579 0.00309892406614837
1578 0.00310584622079752
1577 0.00311253128937911
1576 0.00311599801915443
1575 0.00311599801915443
1574 0.00311599801915443
1573 0.0031092897375304
1572 0.00310584622079752
1571 0.00310584622079752
1570 0.00310584622079752
1569 0.0031021778092254
1568 0.00310883821151818
1567 0.0031152607782026
1566 0.00312144397731425
1565 0.00313686960388622
1564 0.00314757737336379
1563 0.00315729684722151
1562 0.00316609616018793
1561 0.00317649088928803
1560 0.00318459926705595
1559 0.00319271745210802
1558 0.00319699454063272
1557 0.00320166867175561
1556 0.00320231969529426
1555 0.00320231969529426
1554 0.00320231969529426
1553 0.00320075746114591
1552 0.00319440168226668
1551 0.00318679078588544
1550 0.00317944869521007
1549 0.00316981381493445
1548 0.00315790710259251
1547 0.0031487197278237
1546 0.0031437543984293
1545 0.00313854287914118
1544 0.00313854287914118
1543 0.0031437543984293
1542 0.00315343767417189
1541 0.00316195334094367
1540 0.00317525280966777
1539 0.00318002187909817
1538 0.00318578615153629
1537 0.00318514516118583
1536 0.00318256565761393
1535 0.00316910765656534
1534 0.0031537967548309
1533 0.00312907414802785
1532 0.00310492124773337
1531 0.00307295564035403
1530 0.00304967065181937
1529 0.00302437044184416
1528 0.00299710821870043
1527 0.0029715343391495
1526 0.00295097844061797
1525 0.00292961870956626
1524 0.00290747470485543
1523 0.00289611488019642
1522 0.00287283246826991
1521 0.00286091513932573
1520 0.00284881729026711
1519 0.00282693774524607
1518 0.00281426833721838
1517 0.00280402245070318
1516 0.00277775545445805
1515 0.00276668274309347
1514 0.00275310327090217
1513 0.00272330454964237
1512 0.00270930981337604
1511 0.00269294301352082
1510 0.0026787053095218
1509 0.00266206420771774
1508 0.00264759970583809
1507 0.00264759970583809
1506 0.00263300126186449
1505 0.00263300126186449
1504 0.00263300126186449
1503 0.00264759970583809
1502 0.00264759970583809
1501 0.00266206420771774
1500 0.00267639169440457
1499 0.00269057910940219
1498 0.00270462341389551
1497 0.00271852158782815
1496 0.00273227063097787
1495 0.00274586756402963
1494 0.00274586756402963
1493 0.00275930942964559
1492 0.00277259329353164
1491 0.00277259329353164
1490 0.00277259329353164
1489 0.00277259329353164
1488 0.00277525180418874
1487 0.00277525180418874
1486 0.00277525180418874
1485 0.00276437791712826
1484 0.00276437791712826
1483 0.00274842934836225
1482 0.00273478347217732
1481 0.00271852158782815
1480 0.00270462341389551
1479 0.00269057910940219
1478 0.00267639169440457
1477 0.00266432724190238
1476 0.00264981188503188
1475 0.00262038168300869
1474 0.00260547306532297
1473 0.00260547306532297
1472 0.00259043961114301
1471 0.00257333004763016
1470 0.00255810849517778
1469 0.00255810849517778
1468 0.00255810849517778
1467 0.00254277172742236
1466 0.00255810849517778
1465 0.00256001079074682
1464 0.00256001079074682
1463 0.00256001079074682
1462 0.00257333004763016
1461 0.00257333004763016
1460 0.00258843323473189
1459 0.00259043961114301
1458 0.00260547306532297
1457 0.00260547306532297
1456 0.00260547306532297
1455 0.00259232716090313
1454 0.00257712293974268
1453 0.00256180003025323
1452 0.00254636161710868
1451 0.00252912052197659
1450 0.00251351029111949
1449 0.00249779424917176
1448 0.00248351691244517
1447 0.00248351691244517
1446 0.00248351691244517
1445 0.00248351691244517
1444 0.00249938533044733
1443 0.00251351029111949
1442 0.00254462175011142
1441 0.00257528446703621
1440 0.00262038168300869
1439 0.00264981188503188
1438 0.00269057910940219
1437 0.00271852158782815
1436 0.00273478347217732
1435 0.00274842934836225
1434 0.00274842934836225
1433 0.00273478347217732
1432 0.0027209851227865
1431 0.00269057910940219
1430 0.00266206420771774
1429 0.00262038168300869
1428 0.00257712293974268
1427 0.00253081089394856
1426 0.00248351691244517
1425 0.00243532774491665
1424 0.00238633043065255
1423 0.00235325958873562
1422 0.00230310875742728
1421 0.00228531498983771
1420 0.00225063178211443
1419 0.00221673682761974
1418 0.00219971491089672
1417 0.00216553774922437
1416 0.00214898424679085
1415 0.00211447978781712
1414 0.00207985591891671
1413 0.00204513682577341
1412 0.00202774904458014
1411 0.00197550814321511
1410 0.00194064528332541
1409 0.0018882286253161
1408 0.00183588299884012
1407 0.00178368553795498
1406 0.00173170715050056
1405 0.00168001623072158
1404 0.0016286785357587
1403 0.00157775707526078
1402 0.00152731201420291
1401 0.0014949528562495
1400 0.00146192980337677
1399 0.00144551734911921
1398 0.00142807703634394
1397 0.00142807703634394
1396 0.00142704299764266
1395 0.00144344259252667
1394 0.0014764490705157
1393 0.00149397502745694
1392 0.00152731201420291
1391 0.00157857362623568
1390 0.00162939158177406
1389 0.00168062089028527
1388 0.00171444160041093
1387 0.0017663316368559
1386 0.0018184638304693
1385 0.00185352908379675
1384 0.00187093652331114
1383 0.00188848152533427
1382 0.00188848152533427
1381 0.00187093652331114
1380 0.00183613499667294
1379 0.00180106380124824
1378 0.00174900466316158
1377 0.00168001623072158
1376 0.0016286785357587
1375 0.00156088623415535
1374 0.00151061283888675
1373 0.0014444496786541
1372 0.00139446039586276
1371 0.00134615470281025
1370 0.00131434960344769
1369 0.00126727213937287
1368 0.00123763843668267
1367 0.0012070932770671
1366 0.00119058882525722
1365 0.00116056996776172
1364 0.00114437388866425
1363 0.00112959303382529
1362 0.00111627376344638
1361 0.00110317781238403
1360 0.00107597379374265
1359 0.00106174389065641
1358 0.00103359518865422
1357 0.00100586707693704
1356 0.000978565981521352
1355 0.000949995562580836
1354 0.000925267639986176
1353 0.000899280367945257
1352 0.000862999668187775
1351 0.000838148118887959
1350 0.000801720672583453
1349 0.000766319533794124
1348 0.000741392929434246
1347 0.000707710508828394
1346 0.000684041904573202
1345 0.000662628105465771
1344 0.000641676375420014
1343 0.000622962145630583
1342 0.000612885350883558
1341 0.000602922756546816
1340 0.000602922756546816
1339 0.000611112363366791
1338 0.000609448596762899
1337 0.000619518182985986
1336 0.000640003059022257
1335 0.000660950236193639
1334 0.000682360996136986
1333 0.000704236202556461
1332 0.000726576286544849
1331 0.000749381232146619
1330 0.000771083555712805
1329 0.000794821101970971
1328 0.000819022335314689
1327 0.000843685356345744
1326 0.000856189302959145
1325 0.000868807749776081
1324 0.00088154031225361
1323 0.00088154031225361
1322 0.00088154031225361
1321 0.000868807749776081
1320 0.000857732053646379
1319 0.000834508316711646
1318 0.000798054902135718
1317 0.000764424435401168
1316 0.000730050086197184
1315 0.00067327718576762
1314 0.00063137341847057
1313 0.000579928207586826
1312 0.000531487683240851
1311 0.000487397323114485
1310 0.000446054712468682
1309 0.000407387952427241
1308 0.000378326761236976
1307 0.000350880780321985
1306 0.000325001776170107
1305 0.000301873804867641
1304 0.000277740333750558
1303 0.00025625126461713
1302 0.000241026414147992
1301 0.000226539888564071
1300 0.000211808600962532
1299 0.000198760558875145
1298 0.000185557971555328
1297 0.000177682699974855
1296 0.000166389881411338
1295 0.000159197804248553
1294 0.000148896945835465
1293 0.00014234446465575
1292 0.000136035804790797
1291 0.000130626781780898
1290 0.000121920806275238
1289 0.000116394075526267
1288 0.000111731532881392
1287 0.000106607234415417
1286 0.000101684792410947
1285 9.69580214897187e-05
1284 9.24208359361555e-05
1283 8.80672528136684e-05
1282 8.13404032688755e-05
1281 7.7437868602299e-05
1280 7.36984884762072e-05
1279 6.96794727530662e-05
1278 6.46133434631818e-05
1277 6.14171184648905e-05
1276 5.68818541182015e-05
1275 5.26427079241592e-05
1274 4.86836204013048e-05
1273 4.61921611126814e-05
1272 4.29731384516853e-05
1271 3.8619116472699e-05
1270 3.56150734893073e-05
1269 3.30947244171132e-05
1268 2.9651226230212e-05
1267 2.65314010445382e-05
1266 2.37088968440623e-05
1265 2.11590491035681e-05
1264 1.86811340856008e-05
1263 1.61436094164101e-05
1262 1.43430035197049e-05
1261 1.24772534589278e-05
1260 1.07242703662456e-05
1249 1.06155427279574e-05
1248 1.12780323737311e-05
1247 1.19779984267346e-05
1246 1.2717300900401e-05
1245 1.31023052322233e-05
1244 1.34978756594999e-05
1243 1.39042663625098e-05
1242 1.43217365254305e-05
1241 1.43217365254305e-05
1240 1.43217365254305e-05
1239 1.43217365254305e-05
1238 1.43217365254305e-05
1237 1.39042663625098e-05
1236 1.33200291938598e-05
1235 1.29286436696603e-05
1234 1.29286436696603e-05
1233 1.25477427583088e-05
1232 1.23426134218644e-05
1231 1.19779984267346e-05
1230 1.1623216351601e-05
1229 1.12780323737311e-05
1228 1.0942216345341e-05
1227 1.06155427279574e-05
1226 1.0154766336852e-05
1215 1.00215039147354e-05
1214 1.06519968738129e-05
1213 1.16657844731225e-05
1212 1.27667317977085e-05
1211 1.43816086645511e-05
1210 1.57120654317877e-05
1209 1.76593363615294e-05
1208 1.98221924570501e-05
1207 2.15980570280892e-05
1206 2.39394160295549e-05
1205 2.6044901067505e-05
1204 2.83148321966083e-05
1203 2.99248222223093e-05
1202 3.19238655148948e-05
1201 3.37127866736568e-05
1200 3.46402794645267e-05
1199 3.55904012920273e-05
1198 3.65636165447006e-05
1197 3.65636165447006e-05
1196 3.72125239468387e-05
1195 3.82263102901879e-05
1194 3.92645219603076e-05
1193 3.96265722627319e-05
1192 4.06969460489642e-05
1191 4.21971371636375e-05
1190 4.4932966809489e-05
1189 4.4932966809489e-05
1188 4.61254262227195e-05
1187 4.73457101291746e-05
1186 4.68787472181235e-05
1185 4.52387613354369e-05
1184 4.21744329509014e-05
1183 3.8619116472699e-05
1182 3.32397084738156e-05
1181 2.78118891877221e-05
1180 2.13312510703338e-05
1179 1.45111799231515e-05
