1891116.69614474 2574116.08643015
2000 0
1999 0.000339647600626445
1998 0.000712134595985944
1997 0.00112031381656282
1996 0.00156724753066028
1995 0.00205621845544569
1994 0.00242831670680683
1993 0.00282419170198435
1992 0.00324516313994839
1991 0.00369260768358887
1990 0.00416796016390355
1989 0.00448169630963945
1988 0.00480734148218568
1987 0.00514528082269549
1986 0.00549590880234962
1985 0.00585962930893193
1984 0.00592782750187758
1983 0.00599669332190323
1982 0.00606623250686037
1981 0.00613645083194285
1980 0.00620735410965434
1979 0.00605229255138946
1978 0.00589950372294217
1977 0.00574895917943342
1976 0.00560063074815316
1975 0.00545449052735092
1974 0.00516866445758052
1973 0.00489126312812785
1972 0.0046220729517681
1971 0.00436088455414437
1970 0.00410749273082845
1969 0.00390214340340387
1968 0.00370195445590867
1967 0.00350681364036987
1966 0.00331661064007221
1965 0.00313123705070801
1964 0.00304447583165215
1963 0.00295891408114512
1962 0.00287453662556823
1961 0.00279132844238906
1960 0.00270927465960829
1959 0.00259440624419139
1958 0.00248165356241017
1957 0.00237098160556415
1956 0.00226235582563536
1955 0.002155742132415
1954 0.00197978098892181
1953 0.00180924532186603
1952 0.00164398144999493
1951 0.0014838394581654
1950 0.00132867312928802
1949 0.00124785815203094
1948 0.00116833749365552
1947 0.00109009292698401
1946 0.00101310643568672
1945 0.000937360212645697
1944 0.000962472236719988
1943 0.00098772076045764
1942 0.00101310643568672
1941 0.00103862991679145
1940 0.00106429186071848
1939 0.00126461594715168
1938 0.00147358152456638
1937 0.00169152453563789
1936 0.00191879197205305
1935 0.002155742132415
1934 0.00272937648406096
1933 0.00335718708515654
1932 0.00404353168074771
1931 0.00479303714078871
1930 0.00561060783565634
1929 0.00642959241948686
1928 0.00731539804693095
1927 0.00827259243751086
1926 0.00930597254376591
1925 0.010420568615667
1924 0.0110099592394231
1923 0.0116216476172259
1922 0.0122563295481913
1921 0.0129147159194569
1920 0.0135975327452415
1919 0.0140091921573056
1918 0.0144302576943334
1917 0.0148609181715832
1916 0.0153013652652641
1915 0.015751793524352
1914 0.0159743836801666
1913 0.0161995680729185
1912 0.016427372252003
1911 0.0166578219089522
1910 0.0168909428759712
1909 0.0171267611244212
1908 0.0173653027632509
1907 0.0176065940373746
1906 0.0178506613259956
1905 0.0180975311408777
1904 0.0184198304541606
1903 0.0187463511954062
1902 0.0190771377314923
1901 0.0194122347203102
1900 0.0197516871098814
1899 0.0202901958676746
1898 0.0208403927798267
1897 0.0214024963402308
1896 0.0219767279217726
1895 0.0225633117743419
1894 0.0236268776812815
1893 0.0247279510773881
1892 0.0258675485212175
1891 0.0270467001573378
1890 0.0282664492546539
1889 0.0295891823567896
1888 0.0309604084350587
1887 0.0323815399142073
1886 0.0338540121489008
1885 0.0353792828693763
1884 0.0366413432647097
1883 0.0379380607398522
1882 0.0392701415582144
1881 0.0406382976955732
1880 0.0420432465635692
1879 0.043431473635384
1878 0.0448566700060375
1877 0.0463195924618787
1876 0.0478210043710435
1875 0.0493616753724338
1874 0.051053601021242
1873 0.0527903336174062
1872 0.0545726789875819
1871 0.0564014431165044
1870 0.0582774315340589
1869 0.0598674410708055
1868 0.0614909514574626
1867 0.0631484391652289
1866 0.064840380801535
1865 0.066567252887438
1864 0.0673751215198264
1863 0.0681919767776635
1862 0.0690178978842734
1861 0.0698529642530413
1860 0.0706972554755844
1859 0.0697216401140373
1858 0.0687569723266606
1857 0.0678031750200552
1856 0.0668601706970819
1855 0.0659278814793407
1854 0.0634219656517577
1853 0.0609926353151968
1852 0.0586382138794834
1851 0.05635703101205
1850 0.0541474242111805
1849 0.0529185204613082
1848 0.0517114438612026
1847 0.05052592005312
1846 0.0493616753724338
1845 0.0482184369209374
1844 0.0495928350891112
1843 0.0509975607722351
1842 0.0524330859419862
1841 0.0538998840986748
1840 0.0553984300864805
1839 0.058756461713214
1838 0.0622706227189186
1837 0.0659457793491894
1836 0.0697867986879629
1835 0.0737985376843621
1834 0.0783853824453366
1833 0.08318687631194
1832 0.0882089484539459
1831 0.0934574137457003
1830 0.0989379502205302
1829 0.104570502876011
1828 0.110440976622224
1827 0.116554637095071
1826 0.122916557323317
1825 0.129531594097495
1824 0.134817071283854
1823 0.140262781684664
1822 0.145870983886761
1821 0.151643832120734
1820 0.157583368171211
1819 0.161984228693393
1818 0.166475312945083
1817 0.171057324611173
1816 0.175730927851649
1815 0.180496745461353
1814 0.184372750239649
1813 0.188307375642749
1812 0.192300625178449
1811 0.196352468937926
1810 0.20046284285743
1809 0.203098829844562
1808 0.205758044966641
1807 0.208440508955025
1806 0.211146239154222
1805 0.213875249474793
1804 0.21456114087329
1803 0.215248488077149
1802 0.215937291201235
1801 0.216627550346545
1800 0.217319265600163
1799 0.217218027084033
1798 0.217118179020402
1797 0.217019724260938
1796 0.216922665617706
1795 0.216827005863076
1794 0.216135317852774
1793 0.215445090666757
1792 0.214756324202707
1791 0.214069018344361
1790 0.21338317296156
1789 0.214069018344361
1788 0.214756324202707
1787 0.215445090666757
1786 0.216135317852774
1785 0.216827005863076
1784 0.221709730661226
1783 0.226664048286554
1782 0.231689935152522
1781 0.236787332483396
1780 0.241956145583047
1779 0.24270037011846
1778 0.243446049055844
1777 0.244193181934987
1776 0.244941768280045
1775 0.245691807599492
1774 0.236150214294744
1773 0.226856727305782
1772 0.217811341869391
1771 0.209013646820887
1770 0.20046284285743
1769 0.191419432868546
1768 0.182658891055753
1767 0.174179404970378
1766 0.165978719120777
1765 0.158054160792477
1764 0.154098220253787
1763 0.150212717469276
1762 0.146397281069614
1761 0.142651511067443
1760 0.138974979844544
1759 0.140843359282987
1758 0.142737239777234
1757 0.144656837026269
1756 0.146602363629659
1755 0.148574028895135
1754 0.156426650696541
1753 0.16457182140704
1752 0.173012019083918
1751 0.181749111384234
1750 0.19078431790028
1749 0.201119663226311
1748 0.211826308755728
1747 0.22290541335109
1746 0.234357242023862
1745 0.246181119000005
1744 0.252131809039848
1743 0.258176967988953
1742 0.264316423770954
1741 0.270549936798451
1740 0.276877198331472
1739 0.281571563114153
1738 0.286324125579907
1737 0.291134755964262
1736 0.296003290595468
1735 0.300929531108298
1734 0.306215978545076
1733 0.311554672812278
1732 0.316944812735233
1731 0.322385553264203
1730 0.327876005377775
1729 0.333328773946988
1728 0.338827699524164
1727 0.344372068210896
1726 0.349961136189882
1725 0.355594129698013
1724 0.361184611735038
1723 0.366818844009735
1722 0.372496173107601
1721 0.37821592029497
1720 0.383977381450956
1719 0.390596916830615
1718 0.397282071329462
1717 0.404031709042474
1716 0.410844624114403
1715 0.417719540070002
1714 0.42483185626648
1713 0.431989870711063
1712 0.439191824026203
1711 0.446435905233266
1710 0.453720252314891
1709 0.46834982640702
1708 0.483124689308735
1707 0.498029599631
1706 0.513048605624725
1705 0.528165068088344
1704 0.555285574520384
1703 0.582623182620726
1702 0.610074968742418
1701 0.637532127776615
1700 0.664880591937148
1699 0.686608689419413
1698 0.708132688664221
1697 0.729388721052361
1696 0.750311905904061
1695 0.770836665842408
1694 0.776730758243619
1693 0.7825624948231
1692 0.788329591718971
1691 0.794029786910975
1690 0.799660842203528
1689 0.799558717651032
1688 0.799455167244239
1687 0.799350191965255
1686 0.799243792811359
1685 0.799135970795052
1684 0.798278950911766
1683 0.797417891493736
1682 0.796552820881256
1681 0.795683767585668
1680 0.79481076028675
1679 0.794029786910975
1678 0.793239683559842
1677 0.792440541658971
1676 0.791632453676767
1675 0.79081551309479
1674 0.790732610603161
1673 0.790648350307308
1672 0.790562732840908
1671 0.79047575884947
1670 0.790387428990407
1669 0.788418214707637
1668 0.78644358792798
1667 0.784463613589117
1666 0.782478356675289
1665 0.780487882213789
1664 0.775489296378116
1663 0.770459525220425
1662 0.765399587394676
1661 0.760310502286411
1660 0.755193289676728
1659 0.748050132409021
1658 0.740848303087646
1657 0.733590776854549
1656 0.726280533385028
1655 0.71892055466096
1654 0.711379152380029
1653 0.703812330885905
1652 0.696223390727774
1651 0.688615593060975
1650 0.680992157234101
1649 0.674472028052226
1648 0.667940880764127
1647 0.661400461485096
1646 0.654852498192416
1645 0.648298700027066
1644 0.645050593621462
1643 0.64179637548559
1642 0.638536334893106
1641 0.63527076063086
1640 0.631999940941425
1639 0.630928034227532
1638 0.629853052766409
1637 0.628775110873729
1636 0.627694322724133
1635 0.626610802317458
1634 0.629893702463706
1633 0.633168837864884
1632 0.636435694750429
1631 0.639693758415739
1630 0.642942513440407
1629 0.648404780109083
1628 0.653859774992744
1627 0.659306546263095
1626 0.664744136178048
1625 0.670171581345534
1624 0.674505582419268
1623 0.67883197255842
1622 0.683150251381761
1621 0.687459916597654
1620 0.691760464096875
1619 0.6993086102113
1618 0.70683159008464
1617 0.714326560993791
1616 0.721790657307736
1615 0.729220992244287
1614 0.745848463235763
1613 0.76219890429877
1612 0.778238562830239
1611 0.793933827830071
1610 0.809251349313674
1609 0.818688980457738
1608 0.82796578496827
1607 0.837073878965102
1606 0.846005456423097
1605 0.854752800235683
1604 0.85315075333072
1603 0.85153714132453
1602 0.8499120565889
1601 0.848275592359742
1600 0.846627842723689
1599 0.845858829369291
1598 0.845085190441479
1597 0.844306951783886
1596 0.843524139446034
1595 0.842736779680919
1594 0.85239144076936
1593 0.86180472628768
1592 0.870966527823158
1591 0.87986695694263
1590 0.888496363735748
1589 0.897754551404578
1588 0.906681562499383
1587 0.915265694224123
1586 0.923495615740687
1585 0.931360393048192
1584 0.936221592345247
1583 0.940904252248817
1582 0.945405626404613
1581 0.949723082780504
1580 0.953854106397539
1579 0.956663105769034
1578 0.959401566541997
1577 0.962068683312486
1576 0.964663667448786
1575 0.96718574751179
1574 0.968803074202084
1573 0.970367899857518
1572 0.971879999491202
1571 0.973339158941437
1570 0.974745174930075
1569 0.977076832010535
1568 0.979298972772447
1567 0.981410827938647
1566 0.9834116653206
1565 0.985300790241437
1564 0.987923590549565
1563 0.99029151443407
1562 0.992402703774043
1561 0.994255499401796
1560 0.995848443275854
1559 0.996845309025853
1558 0.997759240988068
1557 0.998589884047039
1556 0.99933690644524
1555 1
1554 0.99933690644524
1553 0.998589884047039
1552 0.997759240988068
1551 0.996845309025853
1550 0.995848443275854
1549 0.995848443275854
1548 0.995848443275854
1547 0.995848443275854
1546 0.995848443275854
1545 0.995848443275854
1544 0.997337639460877
1543 0.99835545188028
1542 0.998901074361373
1541 0.998974387608525
1540 0.998575957911636
1539 0.997639995603848
1538 0.99587445190786
1537 0.993283720106083
1536 0.989874237452938
1535 0.985654458524286
1534 0.981305612729262
1533 0.976352557551869
1532 0.970804616077212
1531 0.96467219332067
1530 0.957966743714637
1529 0.951772557353972
1528 0.945174939774372
1527 0.938182821952929
1526 0.930805622077773
1525 0.923053224421785
1524 0.917866755867757
1523 0.912511386953647
1522 0.90699023323328
1521 0.901306509431188
1520 0.895463526102119
1519 0.890242224842135
1518 0.884902582937675
1517 0.879446999046273
1516 0.873877922554404
1515 0.868197851576081
1514 0.864697758810998
1513 0.861167585785705
1512 0.857607936633448
1511 0.854019417445223
1510 0.850402636078763
1509 0.848649352710876
1508 0.846888607821054
1507 0.845120462606216
1506 0.843344978424988
1505 0.841562216794171
1504 0.842326805052825
1503 0.843086725935739
1502 0.843841954468551
1501 0.84459246589437
1500 0.845338235676006
1499 0.847097149464321
1498 0.848848647109189
1497 0.850592667813869
1496 0.852329150948276
1495 0.854058036052482
1494 0.854058036052482
1493 0.854058036052482
1492 0.854058036052482
1491 0.854058036052482
1490 0.854058036052482
1489 0.852470694652072
1488 0.850871674941008
1487 0.84926106752438
1486 0.847638963895542
1485 0.846005456423097
1484 0.843216737166614
1483 0.840413156416297
1482 0.83759500672438
1481 0.834762580787514
1480 0.831916171387793
1479 0.829311062900713
1478 0.826685529735756
1477 0.82403983062348
1476 0.821374226501642
1475 0.818688980457738
1474 0.815762523593893
1473 0.812823636803863
1472 0.809872614018363
1471 0.806909748874712
1470 0.803935334660897
1469 0.80308860603341
1468 0.802237764379486
1467 0.801382837705737
1466 0.800523854194956
1465 0.799660842203528
1464 0.800523854194956
1463 0.801382837705737
1462 0.802237764379486
1461 0.80308860603341
1460 0.803935334660897
1459 0.804046130791424
1458 0.804155467114569
1457 0.804263342501208
1456 0.804369755838759
1455 0.804474706031141
1454 0.801590790109102
1453 0.798693691137351
1452 0.79578362590268
1451 0.792860811545177
1450 0.789925465531566
1449 0.788944269678458
1448 0.787961713685576
1447 0.786977805628593
1446 0.785992553586336
1445 0.785005965640684
1444 0.789925465531566
1443 0.79481076028675
1442 0.799660842203528
1441 0.804474706031141
1440 0.809251349313674
1439 0.811151360913673
1438 0.813045193491794
1437 0.814932783335851
1436 0.81681406682989
1435 0.818688980457738
1434 0.811989601168504
1433 0.805220545190979
1432 0.798384761610398
1431 0.791485201951364
1430 0.784524818038938
1429 0.774709376580078
1428 0.764756114666869
1427 0.754673318193128
1426 0.744469312838324
1425 0.734152452018864
1424 0.725715124158694
1423 0.717231183642966
1422 0.708704880338505
1421 0.700140431308811
1420 0.691542017500608
1419 0.681918393601117
1418 0.672240630804299
1417 0.662514748092642
1416 0.652746728653328
1415 0.642942513440407
1414 0.631987353785963
1413 0.621024602150384
1412 0.610061588384877
1411 0.599105496360705
1410 0.588163357261802
1409 0.577216112528768
1408 0.56627632499729
1407 0.555351214455937
1406 0.544447859402146
1405 0.533573189584635
1404 0.524925762769765
1403 0.516309447058507
1402 0.507727293093561
1401 0.499182280283361
1400 0.49067731551836
1399 0.488557665483522
1398 0.486440739432714
1397 0.484326580614558
1396 0.482215231983456
1395 0.480106736198617
1394 0.486440739432714
1393 0.49279964599536
1392 0.499182280283361
1391 0.505587443108552
1390 0.512013911959651
1389 0.517384680184594
1388 0.522768646805505
1387 0.528165068088344
1386 0.533573189584635
1385 0.538992246268231
1384 0.532521897777839
1383 0.526073065303928
1382 0.519647036267487
1381 0.513245069855886
1380 0.506868396793841
1379 0.497281909258701
1378 0.487746482213669
1377 0.478266107888785
1376 0.468844658958688
1375 0.459485886818825
1374 0.44910054857877
1373 0.438795807213355
1372 0.428576834879451
1371 0.418448604186216
1370 0.408415885489626
1369 0.398558682487206
1368 0.38880993834073
1367 0.379173286405117
1366 0.369652163282343
1365 0.360249809241351
1364 0.352815492307287
1363 0.345460609048236
1362 0.338186549316574
1361 0.330994624166322
1360 0.323886066416484
1359 0.315990024425719
1358 0.3082024827752
1357 0.300524848223684
1356 0.292958407236863
1355 0.285504327613488
1354 0.277454647975144
1353 0.26954915015944
1352 0.261788610848699
1351 0.254173639326789
1350 0.246704682058533
1349 0.241487261652934
1348 0.236340637862931
1347 0.231264941500841
1346 0.22626026714159
1345 0.221326673830812
1344 0.219930135694476
1343 0.218539402334584
1342 0.217154473575881
1341 0.215775349018858
1340 0.214402028041158
1339 0.215560464297589
1338 0.216730171379889
1337 0.217911194301721
1336 0.219103576716753
1335 0.220307360878385
1334 0.223824243752802
1333 0.22737765132069
1332 0.230967571366325
1331 0.234593982486296
1330 0.238256853953532
1329 0.23899380012033
1328 0.239732202757048
1327 0.240472061481036
1326 0.241213375894219
1325 0.241956145583047
1324 0.236150214294744
1323 0.230439241184098
1322 0.224823174044423
1321 0.219301900436674
1320 0.213875249474793
1319 0.205758044966641
1318 0.197850059934415
1317 0.190150645751721
1316 0.182658891055753
1315 0.175373633478808
1314 0.167812192092617
1313 0.160488734105995
1312 0.153400495989659
1311 0.14654445809762
1310 0.139917363308981
1309 0.131362335801615
1308 0.123193442857971
1307 0.115402881311298
1306 0.107982246925547
1305 0.100922602119066
1304 0.0916645714524918
1303 0.0830673510268648
1302 0.0751018214600594
1301 0.0677381419336831
1300 0.0609460296050281
1299 0.0557005690618646
1298 0.0508132565043164
1297 0.046266587616349
1296 0.0420432465635692
1295 0.0381261763517273
1294 0.0364589434596312
1293 0.034848835394556
1292 0.0332943675603857
1291 0.0317940726530438
1290 0.0303465014696516
1289 0.0295645498321636
1288 0.0287981864646026
1287 0.0280471705938141
1286 0.0273112633774522
1285 0.0265902279355248
1284 0.0258838293804101
1283 0.0251918348453655
1282 0.0245140135115514
1281 0.0238501366335915
1280 0.0231999775636918
1279 0.0216942253689027
1278 0.0202631461450342
1277 0.0189037592045235
1276 0.0176131576525608
1275 0.0163885094090286
1274 0.0139483336007043
1273 0.0117781349435313
1272 0.00985279498202551
1271 0.00814887733466024
1270 0.00664460480280788
1269 0.00536768610966094
1268 0.00424016221208501
1267 0.00324678561968998
1266 0.00237355220760309
1265 0.00160764260843619
1264 0.00132867312928802
1263 0.00106429186071848
1262 0.000813824951300744
1261 0.000576624310604647
1260 0.000352066935014455
1259 0.000287075042574081
1258 0.000223151267526972
1257 0.000160280059291511
1256 9.84460562972361e-05
1255 3.76340843541312e-05
1254 7.80625839534213e-05
1253 0.00011894308611794
1252 0.000160280059291511
1251 0.000202078008716705
1250 0.000244341476649554
1249 0.000287075042574081
1248 0.000330283323417335
1247 0.000373970973764494
1246 0.000418142686073961
1245 0.000462803190892944
1244 0.000471508136301717
1243 0.000480348778265258
1242 0.000489325633746519
1241 0.000498439226954487
1240 0.000507690089342698
1239 0.000475875275616366
1238 0.000444409090602345
1237 0.000413287981197154
1236 0.000382508425970141
1235 0.000352066935014455
1234 0.000338738037918837
1233 0.00032557807099071
1232 0.000312585611312964
1231 0.000299759252139915
1230 0.000287097602750382
1229 0.000256929686035971
1228 0.000227094804323141
1227 0.000197589528487203
1226 0.000168410460468088
1225 0.000139554233115921
1224 0.000147644834033255
1223 0.000155861906003245
1222 0.000164205945034738
1221 0.000172677454135954
1220 0.000181276943314988
1219 0.000278285370090321
1218 0.000377953130112292
1217 0.000480348778265258
1216 0.000585542445046199
1215 0.000693605865153904
1214 0.00098772076045764
1213 0.00130158985646595
1212 0.00163636863631772
1211 0.00199326725573718
1210 0.00237355220760309
1209 0.00276596314806647
1208 0.00318327978675656
1207 0.00362688833258756
1206 0.00409823739505226
1205 0.00459883971919639
1204 0.0048680051854653
1203 0.00514540553982685
1202 0.00543125567496205
1201 0.00572577478071557
1200 0.00602918638562602
1199 0.00592704715069633
1198 0.00582591276267977
1197 0.00572577478071557
1196 0.00562662481817045
1195 0.00552845454247549
1194 0.00503627670061787
1193 0.00457024532164686
1192 0.00412909260762831
1191 0.00371160277776785
1190 0.00331661064007221
1189 0.00256926654194274
1188 0.00189948680850792
1187 0.00130016205931954
1186 0.000764719837309381
1185 0.000287097602750382
