2317989.89453855 2105618.78501496
2009 0.000182754836628442
2008 0.000589373900304224
2007 0.0010689573914851
2006 0.00163294618369458
2005 0.00229425364901427
2004 0.00319055667618918
2003 0.00426088542435889
2002 0.00553448334345198
2001 0.00704450371446992
2000 0.00882832282377681
1999 0.0106180060713357
1998 0.0126793282331812
1997 0.0150476664793199
1996 0.0177618525157898
1995 0.0208642914575065
1994 0.0234143383579741
1993 0.0262071653170751
1992 0.0292600187706197
1991 0.0325906420816201
1990 0.0362171997484559
1989 0.0386456098215474
1988 0.0412015352012889
1987 0.0438896176249979
1986 0.0467145242460322
1985 0.0496809369535326
1984 0.0502792084677792
1983 0.0508847120133165
1982 0.051497495698139
1981 0.0521176070264166
1980 0.0527450928742156
1979 0.0514810871171138
1978 0.0502414358940483
1977 0.049025803843328
1976 0.0478338567098596
1975 0.0466652614436886
1974 0.0443968009102889
1973 0.0422177855106745
1972 0.0401256036226488
1971 0.0381176713899382
1970 0.0361914352013059
1969 0.0346468252285215
1968 0.033155756633544
1967 0.0317168063082189
1966 0.0303285694136268
1965 0.0289896600678544
1964 0.0283263845269426
1963 0.0276759569691687
1962 0.02703819671137
1961 0.026412923285238
1960 0.0257999565192995
1959 0.0249638387592975
1958 0.0241498775758694
1957 0.0233576300639081
1956 0.0225866562447969
1955 0.0218365192962054
1954 0.020701009728825
1953 0.0196161481586826
1952 0.0185799481153642
1951 0.0175904825392467
1950 0.0166458832424327
1949 0.0161429636361639
1948 0.015652049368268
1947 0.0151729049375574
1946 0.0147052979722814
1945 0.0142489992314422
1944 0.0143998563641769
1943 0.0145519531529723
1942 0.0147052979722814
1941 0.0148598992352051
1940 0.0150157653934948
1939 0.0162160337296486
1938 0.0174938642796494
1937 0.018853548818564
1936 0.0202995532676881
1935 0.0218365192962054
1934 0.0257907025818304
1933 0.0302943376672822
1932 0.0354037843818315
1931 0.0411778635854618
1930 0.0476774137341462
1929 0.0543264080354043
1928 0.0616961315715628
1927 0.0698388054667768
1926 0.0788067740413004
1925 0.0886519215602683
1924 0.0939193667327849
1923 0.0994250218076227
1922 0.105174942700123
1921 0.111175023234635
1920 0.117430969607111
1919 0.121185727466052
1918 0.125040750158737
1917 0.128997742599723
1916 0.13305838868616
1915 0.137224348197154
1914 0.139320043801318
1913 0.141439547254829
1912 0.143582873970539
1911 0.145750032322513
1910 0.147941023536423
1909 0.150155841583152
1908 0.152394473075778
1907 0.154656897170082
1906 0.156943085468679
1905 0.159253001928961
1904 0.162255247315056
1903 0.16529770387771
1902 0.16838053908758
1901 0.171503912006379
1900 0.174667973071364
1899 0.179692112120652
1898 0.184831028254655
1897 0.190085932192493
1896 0.195457977315493
1895 0.200948255816264
1894 0.210831463445797
1893 0.221019368306904
1892 0.231510151927965
1891 0.242301214169673
1890 0.253389150006002
1889 0.265487252426704
1888 0.277965616012932
1887 0.290822609242387
1886 0.304055497886531
1885 0.317660391527055
1884 0.328724515636384
1883 0.339995201089019
1882 0.351467655991475
1881 0.363136608679389
1880 0.374996302684706
1879 0.38678780957999
1878 0.398780096956688
1877 0.410967610042927
1876 0.423344249224773
1875 0.4359033617185
1874 0.449009375823768
1873 0.462231233935708
1872 0.475556658702477
1871 0.488972889684331
1870 0.502466704193314
1869 0.513979398683652
1868 0.525554790893358
1867 0.537185408725519
1866 0.548863550344008
1865 0.560581290919569
1864 0.566399339015645
1863 0.572240366842948
1862 0.57810333540862
1861 0.583987176661949
1860 0.589890793550989
1859 0.583928007297942
1858 0.577953694212551
1857 0.571969552324409
1856 0.565977271602534
1855 0.559978532844715
1854 0.542275110281173
1853 0.524719507109905
1852 0.507336432604611
1851 0.490149168132508
1850 0.473179543764462
1849 0.463758276077768
1848 0.454402782828796
1847 0.445116656357811
1846 0.4359033617185
1845 0.426766235629206
1844 0.437740032081836
1843 0.448822558305085
1842 0.460007981836932
1841 0.471290204950565
1840 0.48266286750302
1839 0.507582001828801
1838 0.532822870343269
1837 0.55830871082311
1836 0.583957683232571
1835 0.60968322805143
1834 0.637323736792625
1833 0.66474546170363
1832 0.691820471752404
1831 0.718418541956237
1830 0.744408229000959
1829 0.769936229433513
1828 0.79469063363016
1827 0.818542844789142
1826 0.841365949944692
1825 0.863035832786235
1824 0.879659030073276
1823 0.895495316453227
1822 0.910485321023371
1821 0.924571624576746
1820 0.937699122221349
1819 0.946770921263448
1818 0.955293314998201
1817 0.963246862584986
1816 0.970613086128734
1815 0.977374542650852
1814 0.980365810304665
1813 0.982930050106273
1812 0.985066393721071
1811 0.986774739046665
1810 0.988055741925232
1809 0.989642548928445
1808 0.991064479567792
1807 0.992320817617458
1806 0.993410929689242
1805 0.994334265764738
1804 0.994538984555093
1803 0.99473324383481
1802 0.994917037470337
1801 0.99509035965783
1800 0.995253204923455
1799 0.995982509737362
1798 0.996702889118661
1797 0.997414280391288
1796 0.998116621418836
1795 0.998809850618538
1794 0.99864525385397
1793 0.998470067693516
1792 0.998284297709473
1791 0.998087949810072
1790 0.997881030239169
1789 0.998087949810072
1788 0.998284297709473
1787 0.998470067693516
1786 0.99864525385397
1785 0.998809850618538
1784 0.999665127487999
1783 1
1782 0.999813945894659
1781 0.999107255352278
1780 0.997881030239169
1779 0.997663545575916
1778 0.997435502734406
1777 0.997196908963312
1776 0.996947771845501
1775 0.99668809929763
1774 0.99854592963918
1773 0.998599447370305
1772 0.996855918930922
1771 0.993332446606558
1770 0.988055741925232
1769 0.981215777848906
1768 0.972408804507221
1767 0.96168862182703
1766 0.94912027381853
1765 0.934779391374644
1764 0.927553241228508
1763 0.919875254536062
1762 0.911755914722028
1761 0.903206440305866
1760 0.894238757109965
1759 0.900662938652133
1758 0.906979058874845
1757 0.913181641012694
1756 0.919265222513606
1755 0.92522436480173
1754 0.940346947865772
1753 0.953514635644472
1752 0.964655728436824
1751 0.973714438967506
1750 0.980651369739516
1749 0.988467858568599
1748 0.993657418604109
1747 0.996178250118133
1746 0.996009996274131
1745 0.993154016865224
1744 0.9914438544459
1743 0.989049803497535
1742 0.985974042828822
1741 0.982220259122284
1740 0.977793643351502
1739 0.974817439102513
1738 0.971417579781077
1737 0.967596314862117
1736 0.963356663788103
1735 0.958702413930663
1734 0.95162838832518
1733 0.944237276685447
1732 0.936541578057465
1731 0.928554071645615
1730 0.920287777046056
1729 0.912282566239229
1728 0.904014991120801
1727 0.895495316453227
1726 0.886733964448664
1725 0.877741493368847
1724 0.868998473993879
1723 0.860015345763753
1722 0.850801364461006
1721 0.841365949944692
1720 0.831718670183541
1719 0.820940456519967
1718 0.809794678450467
1717 0.798298929509727
1716 0.786471494561738
1715 0.774331287453724
1714 0.7612434831218
1713 0.748013653226094
1712 0.734659132229013
1711 0.721197043220761
1710 0.707644264043782
1709 0.680444995331661
1708 0.652998035003154
1707 0.625425943252784
1706 0.597846192253017
1705 0.57037045726995
1704 0.521577872141395
1703 0.473670881811104
1702 0.427183592320118
1701 0.382575285170174
1700 0.340225395944887
1699 0.308117375179387
1698 0.277758544438826
1697 0.249234601816366
1696 0.222600204904471
1695 0.19788102533788
1694 0.191502104686546
1693 0.185304913406737
1692 0.17928667094977
1691 0.173444459549651
1690 0.167775239156142
1689 0.168095668328971
1688 0.168420097297709
1687 0.168748503077833
1686 0.169080862376804
1685 0.169417151595438
1684 0.170121567194718
1683 0.170833610512142
1682 0.171553337168869
1681 0.172280802677274
1680 0.173016062425929
1679 0.173444459549651
1678 0.173892285576078
1677 0.174359788445772
1676 0.174847213878707
1675 0.175354805188328
1674 0.175637654216181
1673 0.175924740084861
1672 0.17621604136181
1671 0.176511536281509
1670 0.176811202746775
1669 0.178982201288264
1668 0.181171808767137
1667 0.183380063469415
1666 0.18560700175477
1665 0.18785265802708
1664 0.19354889768366
1663 0.199362772726058
1662 0.205294652476385
1661 0.211344821896567
1660 0.217513478794918
1659 0.226042540936945
1658 0.234809090340071
1657 0.243814179645376
1656 0.253058508279392
1655 0.262542403446938
1654 0.273114360956086
1653 0.283919407290773
1652 0.294950660052301
1651 0.306200463739874
1650 0.317660391527055
1649 0.327428866238163
1648 0.337341137687622
1647 0.347392401929705
1646 0.357577542950538
1645 0.36789113516641
1644 0.372675676344928
1643 0.377504799721267
1642 0.382378262458771
1641 0.387295797871989
1640 0.392257114976631
1639 0.393511908043067
1638 0.394786500358788
1637 0.396081005666262
1636 0.397395527701428
1635 0.398730159830312
1634 0.393863015081469
1633 0.389055765514296
1632 0.384308731477325
1631 0.379622175205034
1630 0.374996302684706
1629 0.366505893206643
1628 0.358111926065075
1627 0.349816575202735
1626 0.341621887719502
1625 0.333529784663419
1624 0.327131174050098
1623 0.320800231555766
1622 0.314537769071434
1621 0.308344548500355
1620 0.302221282219402
1619 0.291364113431767
1618 0.280722278295598
1617 0.270300626512871
1616 0.260103462922508
1615 0.250134554104612
1614 0.229226234548213
1613 0.209534598951038
1612 0.191051225990107
1611 0.17375917166427
1610 0.157633965106629
1609 0.147941023536423
1608 0.138688964691109
1607 0.129869445360859
1606 0.121473318085291
1605 0.113490718907285
1604 0.114772884067604
1603 0.116072099855103
1602 0.117388551942222
1601 0.118722426276756
1600 0.120073909015973
1599 0.120622335937833
1598 0.121177506339277
1597 0.121739476359075
1596 0.122308302229306
1595 0.122884040264261
1594 0.114223480476006
1593 0.10604889861762
1592 0.0983437899226026
1591 0.0910911884816797
1590 0.0842737899565774
1589 0.0770679061083788
1588 0.0703544014835941
1587 0.0641110279708202
1586 0.0583153848304453
1585 0.0529450626644056
1584 0.0497667679094148
1583 0.0467504574663588
1582 0.0438896176249979
1581 0.0411778635854618
1580 0.0386089477890641
1579 0.036818198883463
1578 0.0350941532272992
1577 0.0334350324471873
1576 0.0318390678940716
1575 0.0303045027759274
1574 0.0293497538588913
1573 0.0284226381818802
1572 0.0275224352687067
1571 0.0266484387880448
1570 0.0257999565192995
1569 0.0243891344318801
1568 0.0230408203703029
1567 0.0217528002240728
1566 0.0205229071758168
1565 0.0193490224566658
1564 0.0176886961032775
1563 0.0161429636361639
1562 0.0147052979722814
1561 0.0133694251102998
1560 0.0121293244676173
1559 0.0114051695847428
1558 0.010714226123275
1557 0.0100552446694762
1556 0.00942700630229401
1555 0.00882832282377681
1554 0.00942700630229401
1553 0.0100552446694762
1552 0.010714226123275
1551 0.0114051695847428
1550 0.0121293244676173
1549 0.0121293244676173
1548 0.0121293244676173
1547 0.0121293244676173
1546 0.0121293244676173
1545 0.0121293244676173
1544 0.0106869616118348
1543 0.00938083477949247
1542 0.00819962489748064
1541 0.00713276636449503
1540 0.00617041926185825
1539 0.00496940853492752
1538 0.00393245292159723
1537 0.0030397720954918
1536 0.00227354297806429
1535 0.00161777383601555
1534 0.00112331491236767
1533 0.000693883410776265
1532 0.000321755754005896
1531 0
