342761.105922383 3084833.38842531
1279 0.000175229994583517
1278 0.000648951631524093
1277 0.001247379706364
1276 0.00199905465781843
1275 0.00293784675133045
1274 0.00581319488364266
1273 0.0102838736072541
1272 0.0170480572666493
1271 0.0270041356531198
1270 0.0412550142273604
1269 0.0602012966296149
1268 0.0855479739066052
1267 0.118548550292827
1266 0.160335860219457
1265 0.211756987013219
1264 0.23512700904497
1263 0.260102493339004
1262 0.286661359262263
1261 0.31476106206398
1260 0.344337167759615
1259 0.353485439577086
1258 0.362756101547589
1257 0.37214618175761
1256 0.38165251200222
1255 0.39127172693962
1254 0.384846546118284
1253 0.378471022257096
1252 0.37214618175761
1251 0.365873011997226
1250 0.359652461407116
1249 0.353485439577086
1248 0.347372817386743
1247 0.341315427162443
1246 0.335314062859473
1245 0.329369480268797
1244 0.330377133285996
1243 0.331387250247083
1242 0.332399462185464
1241 0.333413402827877
1240 0.334428708794532
1239 0.336352731139351
1238 0.338305201176915
1237 0.34028650648489
1236 0.342297033622775
1235 0.344337167759615
1234 0.348340399107578
1233 0.352344465320919
1232 0.356347996364675
1231 0.360349621520879
1230 0.364347970860588
1229 0.366479084751749
1228 0.368639706421492
1227 0.370830195876773
1226 0.373050910368189
1225 0.375302203962205
1224 0.376198310923815
1223 0.377094908295458
1222 0.377991635138661
1221 0.378888134299181
1220 0.379784052597378
1219 0.363408001938729
1218 0.347266285169587
1217 0.331387250247083
1216 0.315797562439169
1215 0.300522105201533
1214 0.267905424440419
1213 0.237552522795669
1212 0.209508564351377
1211 0.183779359379734
1210 0.160335860219457
1209 0.138081802283238
1208 0.118083121629317
1207 0.100258362045655
1206 0.0845008371131054
1205 0.0706841911833478
1204 0.0648158813151017
1203 0.0593431011878866
1202 0.0542473059495606
1201 0.0495100354808272
1200 0.0451130024372782
1199 0.0465419952424413
1198 0.0480074501709741
1197 0.0495100354808272
1196 0.0510504228637044
1195 0.052629287141237
1194 0.0634476492562152
1193 0.0758550013660785
1192 0.0899600323839425
1191 0.105854842892253
1190 0.123610366987653
1189 0.158491333838561
1188 0.199919564053566
1187 0.248135024179925
1186 0.303083047530436
1185 0.364347970860588
1184 0.464469806412556
1183 0.572061903784709
1182 0.680786328952603
1181 0.782860875756637
1180 0.869919847148122
1179 0.928177485405528
1178 0.96922863840089
1177 0.98981841327563
1176 0.987899184570564
1175 0.962931623194513
1174 0.948667480390611
1173 0.933010238133497
1172 0.916062148467663
1171 0.897928951494421
1170 0.878718867827476
1169 0.880434617835589
1168 0.882134915290664
1167 0.88381943083397
1166 0.885487835224189
1165 0.8871397994848
1164 0.882833275670283
1163 0.878521620736743
1162 0.874206015243454
1161 0.869887611428554
1160 0.865567533083418
1159 0.861727691659124
1158 0.857705385962698
1157 0.853501618270762
1156 0.84911758958422
1155 0.844554701032724
1154 0.841798451430154
1153 0.838981998524163
1152 0.836107247603078
1151 0.833176125858452
1150 0.830190578929574
1149 0.835768193176734
1148 0.841263355790309
1147 0.846673957498351
1146 0.851997911529098
1145 0.857233154946275
1144 0.863150618289377
1143 0.868733562223361
1142 0.873979448627324
1141 0.878886297332068
1140 0.883452679129774
1139 0.897973462245116
1138 0.911704933572436
1137 0.924584178659541
1136 0.936549465478594
1135 0.947540677424755
1134 0.959764726400952
1133 0.969994740371443
1132 0.97812775973318
1131 0.98407321452616
1130 0.987754363289749
1129 0.989982054902855
1128 0.991602147335993
1127 0.992602444483954
1126 0.992971950508015
1125 0.992700942448551
1124 0.99342658649314
1123 0.994115507631939
1122 0.994767628862047
1121 0.995382877260939
1120 0.995961184000053
1119 0.998651914093251
1118 1
1117 1
1116 0.998651914093251
1115 0.995961184000053
1114 0.985537621164757
1113 0.972946327797805
1112 0.958346671731382
1111 0.941906983852987
1110 0.923801777017275
1109 0.914391919107189
1108 0.904272324687067
1107 0.893468719116529
1106 0.882008344854342
1105 0.869919847148122
1104 0.874192699651611
1103 0.878463724608181
1102 0.882731833980576
1101 0.886995912043923
1100 0.89125481546535
1099 0.895507373424146
1098 0.899752387774031
1097 0.903988633249129
1096 0.908214857715206
1095 0.912429782467638
1094 0.891577813605458
1093 0.869887611428554
1092 0.847496868678497
1091 0.824538763449994
1090 0.801140963079912
1089 0.7859483709246
1088 0.770357021787861
1087 0.754402242921337
1086 0.738119605632012
1085 0.721544795157602
1084 0.732350554914453
1083 0.743172684040176
1082 0.754002808135329
1081 0.764832207349521
1080 0.775651819174409
1079 0.773382618394372
1078 0.771044203483853
1077 0.768636989574068
1076 0.766161439339014
1075 0.763618063190422
1074 0.713798437257789
1073 0.662805847966352
1072 0.611443093012683
1071 0.56044409020167
1070 0.510460878814957
1069 0.444324764041049
1068 0.38165251200222
1067 0.32348239724786
1066 0.270537941544896
1065 0.223240690843929
1064 0.182853882618108
1063 0.148082585441223
1062 0.1185778744515
1061 0.0938881012958196
1060 0.0735018593232391
1059 0.0570944795613679
1058 0.0436949890502957
1057 0.0329130054052461
1056 0.0243649188646992
1055 0.0176877644989615
1054 0.0138534825802632
1053 0.0107125848877391
1052 0.00815733455017821
1051 0.0060927191086476
1050 0.00443585892524189
1049 0.00337035027508124
1048 0.0024796472469216
1047 0.00173885252990314
1046 0.00112587498531068
1045 0.000621252926243545
1044 0.000590213789519912
1043 0.000560463034192505
1042 0.000531951111078263
1041 0.00050463074205453
1040 0.000478456811070554
1039 0.00051983726434605
1038 0.000562036837275582
1037 0.00060507004722892
1036 0.000648951631524093
1035 0.000693696549978602
1034 0.00089909298050118
1033 0.00112199761023974
1032 0.00136364905843202
1031 0.0016253479374736
1030 0.00190845761189019
1029 0.00216196101367593
1028 0.00243554571454581
1027 0.00273081881668274
1026 0.00304951251596858
1025 0.00339349304148067
1024 0.00432317451412648
1023 0.00541135856698621
1022 0.00668093855722442
1021 0.00815733455017821
1020 0.00986863408180007
1019 0.011381712059064
1018 0.0130712488812576
1017 0.014954060221598
1016 0.0170480572666493
1015 0.0193722526813768
1014 0.0215628538825607
1013 0.0239506364782823
1012 0.0265494721966829
1011 0.0293737887310481
1010 0.0324385470557148
1009 0.0335162238393307
1008 0.034622915620708
1007 0.035759212764061
1006 0.0369257111101967
1005 0.0381230117957188
1004 0.0358094938094813
1003 0.0336048717177616
1002 0.0315060055471075
1001 0.029509707161467
1000 0.0276127512867469
999 0.0249268973727291
998 0.0224497164893571
997 0.0201694001581706
996 0.0180743476527135
995 0.0161532129297617
994 0.0146614243702631
993 0.0132820152728897
992 0.0120078866815365
991 0.0108322615957897
990 0.00974868192447943
989 0.00800952105533096
988 0.00651117391819523
987 0.00522559287778845
986 0.00412709313895572
985 0.00319230413987344
984 0.0022501397093862
983 0.00149010067810118
982 0.000879296278325134
981 0.000390220027920156
980 0
