1220653.1990441 2050601.77973856
1560 1.4426354400063e-05
1559 1.54710447500617e-05
1558 1.89762914150799e-05
1557 1.9101791691389e-05
1556 2.04396167431228e-05
1555 2.04396167431228e-05
1554 2.04396167431228e-05
1553 1.78449104419385e-05
1552 1.65669635238364e-05
1551 1.54475888079429e-05
1550 1.25682741443456e-05
1540 1.35114215510304e-05
1539 1.90308689348278e-05
1538 2.63831789878783e-05
1537 3.62535846120217e-05
1536 4.65254768243414e-05
1535 6.30464910199318e-05
1534 7.98792696442091e-05
1533 0.000106511600668341
1532 0.000133218416666651
1531 0.000173078712670613
1530 0.000202654272310488
1529 0.000236528669274669
1528 0.00027518688359385
1527 0.000307835701511771
1526 0.000339613872074922
1525 0.000374135560868455
1524 0.000411575665389513
1523 0.000431446016537527
1522 0.000473601274063381
1521 0.000495932404076045
1520 0.000519130317699237
1519 0.000552757987954581
1518 0.000578300966469325
1517 0.000589536814684646
1516 0.000644760192523628
1515 0.000658541106448715
1514 0.000688387474734655
1513 0.000767821552173535
1512 0.000801359488318242
1511 0.000854343992229329
1510 0.000890585963752449
1509 0.0009481582181045
1508 0.000987185952518286
1507 0.000987185952518286
1506 0.00102745167161732
1505 0.00102745167161732
1504 0.00102745167161732
1503 0.000987185952518286
1502 0.000987185952518286
1501 0.0009481582181045
1500 0.000910346954244281
1499 0.000873730218899268
1498 0.000838285690016203
1497 0.000803990712168217
1496 0.000770822341897639
1495 0.000738757391717473
1494 0.000738757391717473
1493 0.000707772472733731
1492 0.000677844035855759
1491 0.000677844035855759
1490 0.000677844035855759
1489 0.000677844035855759
1488 0.000660792494899305
1487 0.000660792494899305
1486 0.000660792494899305
1485 0.000673911392146733
1484 0.000673911392146733
1483 0.000720915976565304
1482 0.000752589322352196
1481 0.000803990712168217
1480 0.000838285690016203
1479 0.000873730218899268
1478 0.000910346954244281
1477 0.000928028558031741
1476 0.000966694514583539
1475 0.00104778538544516
1474 0.00109025354029436
1473 0.00109025354029436
1472 0.00113403143477882
1471 0.00120130692040256
1470 0.0012480667999829
1469 0.0012480667999829
1468 0.0012480667999829
1467 0.00129618193800751
1466 0.0012480667999829
1465 0.00122559653340596
1464 0.00122559653340596
1463 0.00122559653340596
1462 0.00120130692040256
1461 0.00120130692040256
1460 0.0011558844209628
1459 0.00113403143477882
1458 0.00109025354029436
1457 0.00109025354029436
1456 0.00109025354029436
1455 0.00111333688257161
1454 0.00115813534150125
1453 0.00120429437721041
1452 0.00125183367032715
1451 0.00132263383620785
1450 0.00137324905588518
1449 0.00142528399377197
1448 0.00145615889241536
1447 0.00145615889241536
1446 0.00145615889241536
1445 0.00145615889241536
1444 0.0014029180190501
1443 0.00137324905588518
1442 0.0012734220542341
1441 0.00117913925890552
1440 0.00104778538544516
1439 0.000966694514583539
1438 0.000873730218899268
1437 0.000803990712168217
1436 0.000752589322352196
1435 0.000720915976565304
1434 0.000720915976565304
1433 0.000752589322352196
1432 0.000785369213532023
1431 0.000873730218899268
1430 0.0009481582181045
1429 0.00104778538544516
1428 0.00115813534150125
1427 0.00130077213289303
1426 0.00145615889241536
1425 0.00162473277747777
1424 0.0018068443844822
1423 0.0019359007371919
1422 0.00214107204752125
1421 0.00223634488612669
1420 0.00240848972666278
1419 0.00256169905421049
1418 0.00264050009488909
1417 0.00280243272452735
1416 0.00286216171442605
1415 0.003033242974926
1414 0.00320988820524824
1413 0.00339189412496976
1412 0.00348483408451573
1411 0.00377099599945856
1410 0.00396750492895718
1409 0.004255784589745
1408 0.00456897235387538
1407 0.00488903397955014
1406 0.00521426637958622
1405 0.00554279740979732
1404 0.00587260011828463
1403 0.00620151054653595
1402 0.00652724894329969
1401 0.00672908585139854
1400 0.00693733890256205
1399 0.00704003729682618
1398 0.00715966092985121
1397 0.00715966092985121
1396 0.00717648881373163
1395 0.00707211018010944
1394 0.00686024719066699
1393 0.00674147765435547
1392 0.00652724894329969
1391 0.0061959269506899
1390 0.00587091027615112
1389 0.0055448061112346
1388 0.00532350727554353
1387 0.00499695934357489
1386 0.00467497629236112
1385 0.00447623942259254
1384 0.00437269619017527
1383 0.00428453826227217
1382 0.00428453826227217
1381 0.00437269619017527
1380 0.00458057216842946
1379 0.00478168454128409
1378 0.00510539327603474
1377 0.00554279740979732
1376 0.00587260011828463
1375 0.00631055792345267
1374 0.00663471580853553
1373 0.00705662725079467
1372 0.00738167185276422
1371 0.00767910588094767
1370 0.00786941581873326
1369 0.00814108122596462
1368 0.00827950947591149
1367 0.00843902088852663
1366 0.00855118512290431
1365 0.00869833996426555
1364 0.00880493411860371
1363 0.00887282326148525
1362 0.0088990432543594
1361 0.00891821354409192
1360 0.00898399901735222
1359 0.00903466821290762
1358 0.00912692515052093
1357 0.00920675197752774
1356 0.00927380741399081
1355 0.00937976178654052
1354 0.0093685063062875
1353 0.00939574031709702
1352 0.0093552515827334
1351 0.00934854530948468
1350 0.00931341616569743
1349 0.00924852616909982
1348 0.00924189540336022
1347 0.00912692515052093
1346 0.00908169445166734
1345 0.00897567077332691
1344 0.00885787293185106
1343 0.00868747187156647
1342 0.00861996316941952
1341 0.00854987622445378
1340 0.00854987622445378
1339 0.00866020031217505
1338 0.00869833996426555
1337 0.00876798462086734
1336 0.0088990432543594
1335 0.00901867012702436
1334 0.0091263544686909
1333 0.00922163247622794
1332 0.00930409063991406
1331 0.00937336873233588
1330 0.00947586465598692
1329 0.00951856468748889
1328 0.00954713821859689
1327 0.00956145713337798
1326 0.00956324850707455
1325 0.00956145713337798
1324 0.00955608502538186
1323 0.00955608502538186
1322 0.00955608502538186
1321 0.00956145713337798
1320 0.00951524082081798
1319 0.00945752998044875
1318 0.00942115824080393
1317 0.00930245365744954
1316 0.00920675197752774
1315 0.00903018374430407
1314 0.00879471257433565
1313 0.00847382793643725
1312 0.00807945967590188
1311 0.00760222351450462
1310 0.00708648707584733
1309 0.00654415253035624
1308 0.00609905316956722
1307 0.00565025354859424
1306 0.0052031933579566
1305 0.00477215684208943
1304 0.00433374701576354
1303 0.00391972065598586
1302 0.00362109775752365
1301 0.00333396409896
1300 0.00304074771725683
1299 0.00277846664446077
1298 0.00251167614934275
1297 0.00235393778422859
1296 0.00212960595546533
1295 0.00198826199412465
1294 0.0017885142859349
1293 0.00166345015460336
1292 0.00154477196085562
1291 0.00144999312559098
1290 0.00129225971237046
1289 0.00119449525704401
1288 0.00111976258009844
1287 0.0010327111141053
1286 0.000951000793749787
1285 0.000874444067437468
1284 0.000802846132710472
1283 0.000736006638567818
1282 0.000630959374148129
1281 0.000575773002010007
1280 0.00052461918741434
1279 0.000466912414547838
1278 0.000403511515177248
1277 0.000365404970387493
1276 0.00031398542717591
1275 0.000268876750705395
1274 0.000229459333822509
1273 0.000206052975260589
1272 0.000180260831516354
1271 0.000144317328946567
1270 0.000121662467952673
1269 0.000106158515466116
1268 8.39011473300362e-05
1267 6.59139706071268e-05
1266 5.1473483382149e-05
1265 3.99563819492531e-05
1264 2.93406433855294e-05
1263 2.09745131893476e-05
1262 1.59262334102321e-05
1247 1.26148257047205e-05
1246 1.44665548074156e-05
1245 1.54836545196735e-05
1244 1.65663224923411e-05
1243 1.77183400895305e-05
1242 1.8943675179579e-05
1241 1.8943675179579e-05
1240 1.8943675179579e-05
1239 1.8943675179579e-05
1238 1.8943675179579e-05
1237 1.77183400895305e-05
1236 1.54475888079429e-05
1235 1.4426354400063e-05
1234 1.4426354400063e-05
1233 1.34677458359477e-05
1232 1.35114215510304e-05
1231 1.26148257047205e-05
1212 1.34770541248476e-05
1211 1.77340045533004e-05
1210 2.17041243855553e-05
1209 2.8267775750695e-05
1208 3.66008371712261e-05
1207 4.42554873005237e-05
1206 5.39661934957689e-05
1205 6.48787099000991e-05
1204 7.77379043072205e-05
1203 8.75348788497549e-05
1202 0.000102775621288339
1201 0.000115243074704648
1200 0.000121965819622095
1199 0.000129033377819002
1198 0.000136460393693332
1197 0.000136460393693332
1196 0.00013865349542727
1195 0.00014661372751407
1194 0.000154973470867052
1193 0.000161051226246789
1192 0.000170071324112861
1191 0.000186660026321029
1190 0.000215814877297243
1189 0.000215814877297243
1188 0.000227291122888248
1187 0.000239291819419862
1186 0.000230382011014421
1185 0.000210719913874087
1184 0.00017634227472584
1183 0.000144317328946567
1182 0.000101292232714558
1181 6.62576366237367e-05
1180 3.51677222316379e-05
1179 1.39322491185466e-05
