-382252.730402521 1346082.60856613
1890 1.09956726712702e-05
1889 1.22967820781082e-05
1888 1.37370470132918e-05
1887 1.53294836591369e-05
1886 1.80574533916789e-05
1885 1.93916459829177e-05
1884 2.15607398664604e-05
1883 2.27082701834743e-05
1882 2.35172447310498e-05
1881 2.52136249463846e-05
1880 2.65683053734198e-05
1879 2.84566057102561e-05
1878 2.89407179194153e-05
1877 2.94642203424257e-05
1876 3.04885386691305e-05
1875 3.15446778603561e-05
1874 3.37558127950077e-05
1873 3.49125487334878e-05
1872 3.73328394742954e-05
1871 4.05094318439959e-05
1870 4.26269194973227e-05
1869 4.5516347737917e-05
1868 4.85782868031526e-05
1867 5.42693405711251e-05
1866 5.78368585341863e-05
1865 6.07799972084441e-05
1864 6.27270185755955e-05
1863 6.67861000491682e-05
1862 6.89006868637743e-05
1861 7.10736880016674e-05
1860 7.33064155007385e-05
1859 7.24231465046125e-05
1858 6.94090622724612e-05
1857 6.65510738398175e-05
1856 6.38424709386539e-05
1855 5.9914750836053e-05
1854 5.62013202501497e-05
1853 5.10116595397281e-05
1852 4.67608513089326e-05
1851 4.2361808598377e-05
1850 3.75386991963016e-05
1849 3.44025628238189e-05
1848 3.10728676635488e-05
1847 2.90166059496045e-05
1846 2.70833566651237e-05
1845 2.57792832424419e-05
1844 2.57792832424419e-05
1843 2.61608531409279e-05
1842 2.75077545557222e-05
1841 2.84708957341407e-05
1840 3.15446778603561e-05
1839 3.37558127950077e-05
1838 3.85982403060607e-05
1837 4.20335695633465e-05
1836 4.79239852660886e-05
1835 5.45345810980223e-05
1834 6.00083381247767e-05
1833 6.80557553918317e-05
1832 7.70336578494375e-05
1831 8.80329513905643e-05
1830 9.74624189397408e-05
1829 0.000109642661995793
1828 0.000119616374022678
1827 0.000130356871720848
1826 0.000137965211462978
1825 0.000150083613632188
1824 0.000158653332669258
1823 0.000167632115147533
1822 0.000177034274108499
1821 0.000185121894133127
1820 0.000195356932630804
1819 0.000204312825440587
1818 0.000213765878187128
1817 0.000225339564888329
1816 0.000229694324053135
1815 0.000240455418391435
1814 0.000253243940378123
1813 0.000261448549234107
1812 0.000276906335195404
1811 0.0002859388912753
1810 0.000302731516075887
1809 0.000310297343959955
1808 0.000320380688327435
1807 0.000328278947785593
1806 0.000336331668194757
1805 0.000347147986481836
1804 0.000347147986481836
1803 0.000336331668194757
1802 0.000336331668194757
1801 0.000328278947785593
1800 0.000320380688327435
1799 0.000315121331204049
1798 0.000305040147999271
1797 0.000297594142258495
1796 0.000288044965286391
1795 0.000280920455394101
1794 0.000273939255678297
1793 0.000273939255678297
1792 0.000267099460940455
1791 0.000269261425506275
1790 0.000267099460940455
1789 0.000273939255678297
1788 0.000280920455394101
1787 0.000278842059653924
1786 0.0002859388912753
1785 0.000300570305729603
1784 0.000308108706248146
1783 0.000315798103686919
1782 0.000331637446910631
1781 0.000339791148152309
1780 0.000348103354926783
1779 0.000348103354926783
1778 0.000354384991258929
1777 0.00035235399829301
1776 0.000342080661543396
1775 0.000333838652940001
1774 0.00032575559807125
1773 0.00031182004888587
1772 0.00029669157042021
1771 0.000276906335195404
1770 0.000256546448968242
1769 0.000239204449278649
1768 0.00021724255522382
1767 0.000200648583243675
1766 0.000185121894133127
1765 0.000170612153743922
1764 0.000157069780908594
1763 0.000144446094167158
1762 0.000136517106722773
1761 0.000132693442261059
1760 0.000128961381820731
1759 0.000128961381820731
1758 0.000131366831025109
1757 0.000133910365528719
1756 0.000137778941378694
1755 0.000148711618145418
1754 0.000158576296809106
1753 0.000172282545128211
1752 0.000193665512531646
1751 0.000215441602302781
1750 0.000239204449278649
1749 0.000269978875798855
1748 0.000298556883615527
1747 0.000329521731007571
1746 0.000362995046872357
1745 0.000399095659961859
1744 0.00042796452033602
1743 0.000448090430825069
1742 0.000468935908269582
1741 0.000490513795963736
1740 0.00048818364665214
1739 0.000497066455256478
1738 0.000495084885017064
1737 0.000506288812186914
1736 0.000506288812186914
1735 0.000506288812186914
1734 0.000506288812186914
1733 0.00050828616986959
1732 0.00051969591481237
1731 0.000531297149047699
1730 0.000555079729730482
1729 0.000567263797935176
1728 0.000592223976819741
1727 0.000617981671143485
1726 0.000644545963255148
1725 0.000671925125867182
1724 0.000702505569478769
1723 0.000731551515682485
1722 0.000764035771523528
1721 0.000779293121464709
1720 0.000797573254208533
1719 0.00081325189732165
1718 0.000810433867431823
1717 0.000810433867431823
1716 0.000792141997490502
1715 0.000776680726341196
1714 0.000774267939348252
1713 0.00075902134314091
1712 0.00075902134314091
1711 0.00075902134314091
1710 0.000761428865855655
1709 0.000776680726341196
1708 0.000792141997490502
1707 0.000839785732584064
1706 0.000889323614000055
1705 0.000958320428673776
1704 0.00104927444823884
1703 0.00114306569496014
1702 0.00126511290547265
1701 0.00139407324595912
1700 0.00152946699973632
1699 0.00167067833578313
1698 0.00181828311610798
1697 0.00196840414383781
1696 0.00209667471074236
1695 0.00219952697787388
1694 0.00230296425122584
1693 0.00238069716977396
1692 0.00245868660735473
1691 0.00251052266952957
1690 0.00253638755187161
1689 0.00253638755187161
1688 0.00256220809389406
1687 0.00256156569865105
1686 0.00253582928166432
1685 0.00253521729495149
1684 0.00250952557082258
1683 0.00248379479020683
1682 0.00248379479020683
1681 0.00245803152456428
1680 0.00243250004941054
1679 0.002432728649018
1678 0.00240687999815319
1677 0.00240687999815319
1676 0.00238085998022392
1675 0.00238085998022392
1674 0.00238081900625728
1673 0.00238081900625728
1672 0.00238076548362276
1671 0.00238076548362276
1670 0.00238069716977396
1669 0.00240660473645693
1668 0.00240675278814247
1667 0.00240675278814247
1666 0.00240675278814247
1665 0.00243250004941054
1664 0.00243250004941054
1663 0.0024064335410807
1662 0.0024064335410807
1661 0.00238061167563375
1660 0.00235478302504802
1659 0.00230313036523261
1658 0.00225152486019204
1657 0.00220001464818652
1656 0.00214800464716488
1655 0.00209667471074236
1654 0.00202013741100244
1653 0.00197062492053137
1652 0.00189548843520396
1651 0.00184743789369503
1650 0.00179839185191371
1649 0.00172766608729256
1648 0.00167995597145627
1647 0.0016541532498021
1646 0.00160714677526146
1645 0.00158386145285999
1644 0.00156072601655041
1643 0.00156072601655041
1642 0.00153774379408736
1641 0.00153774379408736
1640 0.00153774379408736
1639 0.00153774379408736
1638 0.00155849336582925
1637 0.00155849336582925
1636 0.00157962357786303
1635 0.00160112948280459
1634 0.00162470457276143
1633 0.00165021251384545
1632 0.00167589093451322
1631 0.00170171675045078
1630 0.00172569796959846
1629 0.0017517123903031
1628 0.00177781457974736
1627 0.00180203119061086
1626 0.00180203119061086
1625 0.00182635994765704
1624 0.00182635994765704
1623 0.00182635994765704
1622 0.00182635994765704
1621 0.00185079652598067
1620 0.00184907716638597
1619 0.00187369181319948
1618 0.00189690988012012
1617 0.00194677105181933
1616 0.00202114486363908
1615 0.00209746646462439
1614 0.00217430998673374
1613 0.00230313036523261
1612 0.0024064335410807
1611 0.00253454966187973
1610 0.00263640269516973
1609 0.0027620189585629
1608 0.00286061602246721
1607 0.00295941752256149
1606 0.00300688226199521
1605 0.00305363557042966
1604 0.00305363557042966
1603 0.00305363557042966
1602 0.0030303513801476
1601 0.00298323528386743
1600 0.00291129798132934
1599 0.0028380148445196
1598 0.00279004651081805
1597 0.00271466024108828
1596 0.00266491119254988
1595 0.00263933596323031
1594 0.00263933596323031
1593 0.00263933596323031
1592 0.00268933634041287
1591 0.0027398912370943
1590 0.0028380148445196
1589 0.00293543606030853
1588 0.0030303513801476
1587 0.00312230810206937
1586 0.00321085670908922
1585 0.00329555448085135
1584 0.00337596914481744
1583 0.00343321716244551
1582 0.00348286005427682
1581 0.00351733521169165
1580 0.00353406372433053
1579 0.00355044529256072
1578 0.00356647436378259
1577 0.00358214548730149
1576 0.00358742475569685
1575 0.00358742475569685
1574 0.00358742475569685
1573 0.00357167579543907
1572 0.00356647436378259
1571 0.00356647436378259
1570 0.00356647436378259
1569 0.00356093862101881
1568 0.00357652724535405
1567 0.00359175424452443
1566 0.00360661442681106
1565 0.00364114522846728
1564 0.00366836369444761
1563 0.00369401029891521
1562 0.00372304944690629
1561 0.0037545938897058
1560 0.00378232957068003
1559 0.00380548101360597
1558 0.00382679632733876
1557 0.00383956434258611
1556 0.00384535396774916
1555 0.00384535396774916
1554 0.00384535396774916
1553 0.0038333213378954
1552 0.00381303088779353
1551 0.00379071284182672
1550 0.00376426690417948
1549 0.00373398153931166
1548 0.00369995257880866
1547 0.0036752392472836
1546 0.00366228706911745
1545 0.0036489438250596
1544 0.0036489438250596
1543 0.00366228706911745
1542 0.0036877958711135
1541 0.00371626618544373
1540 0.0037572458143024
1539 0.00378382542873172
1538 0.00381653093891075
1537 0.00383811181304196
1536 0.00385639267140745
1535 0.00385524360176028
1534 0.00384606336178434
1533 0.00382434780825202
1532 0.00379890374449633
1531 0.00375897831965023
1530 0.00373030687289159
1529 0.00369790125597002
1528 0.00366186281325955
1527 0.00362893170443871
1526 0.00360049329765442
1525 0.00357057484150994
1524 0.00353921704035693
1523 0.00352301157341171
1522 0.00348957477187879
1521 0.00347235463353613
1520 0.00345480762160597
1519 0.00342386810393607
1518 0.00340527516168895
1517 0.00339100753160849
1516 0.00335212861886812
1515 0.00333632371024358
1514 0.00331607629204509
1513 0.0032709846250506
1512 0.00325003128268484
1511 0.00322500239792784
1510 0.00320365312376552
1509 0.00317822915156215
1508 0.00315651937600468
1507 0.00315651937600468
1506 0.00313458421872114
1505 0.00313458421872114
1504 0.00313458421872114
1503 0.00315651937600468
1502 0.00315651937600468
1501 0.00317822915156215
1500 0.00319970680201134
1499 0.00322094562128411
1498 0.00324193894408663
1497 0.00326268014935833
1496 0.00328316266372723
1495 0.00330337996495905
1494 0.00330337996495905
1493 0.0033233255853976
1492 0.0033429931153939
1491 0.0033429931153939
1490 0.0033429931153939
1489 0.0033429931153939
1488 0.003347695280945
1487 0.003347695280945
1486 0.003347695280945
1485 0.00333225618206193
1484 0.00333225618206193
1483 0.00330787068465101
1482 0.00328754619362398
1481 0.00326268014935833
1480 0.00324193894408663
1479 0.00322094562128411
1478 0.00319970680201134
1477 0.00318206434549735
1476 0.00316024282662681
1475 0.00311592880404623
1474 0.00309344999980155
1473 0.00309344999980155
1472 0.0030707658469003
1471 0.00304472575238617
1470 0.0030217659013489
1469 0.0030217659013489
1468 0.0030217659013489
1467 0.00299862171917033
1466 0.0030217659013489
1465 0.00302480917503341
1464 0.00302480917503341
1463 0.00302480917503341
1462 0.00304472575238617
1461 0.00304472575238617
1460 0.00306749437743805
1459 0.0030707658469003
1458 0.00309344999980155
1457 0.00309344999980155
1456 0.00309344999980155
1455 0.00307384397043948
1454 0.00305085347240651
1453 0.00302767122335074
1452 0.00300430422812999
1451 0.00297811432611249
1450 0.0029545075005242
1449 0.00293073704536367
1448 0.00290912925385168
1447 0.00290912925385168
1446 0.00290912925385168
1445 0.00290912925385168
1444 0.00293316498342314
1443 0.0029545075005242
1442 0.00300155054220796
1441 0.00304788326035456
1440 0.00311592880404623
1439 0.00316024282662681
1438 0.00322094562128411
1437 0.00326268014935833
1436 0.00328754619362398
1435 0.00330787068465101
1434 0.00330787068465101
1433 0.00328754619362398
1432 0.00326695558738144
1431 0.00322094562128411
1430 0.00317822915156215
1429 0.00311592880404623
1428 0.00305085347240651
1427 0.0029807595042743
1426 0.00290912925385168
1425 0.00283615257197254
1424 0.0027620189585629
1423 0.00271204689277757
1422 0.00263640269516973
1421 0.00260999734372522
1420 0.00255837784215837
1419 0.00250765280309982
1418 0.0024822248115022
1417 0.00243127014035498
1416 0.00240601187599717
1415 0.0023547372406798
1414 0.00230345239970815
1413 0.00225220612894508
1412 0.00222661239312019
1411 0.00215001869458321
1410 0.00209916918482911
1409 0.00202220833064635
1408 0.00194677105181933
1407 0.00187212290474658
1406 0.00179839185191371
1405 0.00172569796959846
1404 0.0016541532498021
1403 0.00158386145285999
1402 0.00151491800961905
1401 0.00147230097401928
1400 0.0014278785298795
1399 0.00140592008233781
1398 0.00138141600845843
1397 0.00138141600845843
1396 0.00137885149665158
1395 0.00140071297713748
1394 0.00144495864437821
1393 0.00146974813321735
1392 0.00151491800961905
1391 0.00158617242248135
1390 0.00165629993392921
1389 0.00172766608729256
1388 0.00177403961819807
1387 0.00184743789369503
1386 0.00192179417593699
1385 0.00197310825544631
1384 0.00199817797371371
1383 0.00202448814291719
1382 0.00202448814291719
1381 0.00199817797371371
1380 0.0019481199149093
1379 0.00189690988012012
1378 0.00182285939338936
1377 0.00172569796959846
1376 0.0016541532498021
1375 0.00156072601655041
1374 0.00149225178367527
1373 0.00140324125359353
1372 0.00133566372256285
1371 0.00127225439498774
1370 0.00123092076122667
1369 0.00117036594993262
1368 0.00113386436288597
1367 0.00109530952450911
1366 0.00107339767397318
1365 0.00103602393631019
1364 0.0010148603064837
1363 0.000996676933276942
1362 0.000981501290410866
1361 0.000966737894180023
1360 0.000935046802392219
1359 0.000917916911408695
1358 0.000884275297468508
1357 0.000851458957958863
1356 0.000819468093989575
1355 0.000785106439349198
1354 0.000757957791031255
1353 0.000728433086449753
1352 0.000688993715685053
1351 0.000661469898825837
1350 0.000621675928865661
1349 0.00058364946589433
1348 0.000556112142170834
1347 0.000521029786114717
1346 0.000495714164964714
1345 0.000474050945375096
1344 0.000453116664769671
1343 0.000435621689041254
1342 0.00042575178709358
1341 0.000416055713764882
1340 0.000416055713764882
1339 0.000423054487073804
1338 0.000420525947090187
1337 0.000430346025923132
1336 0.000450516545731978
1335 0.000471405119718686
1334 0.000493024435777099
1333 0.000515386685928442
1332 0.000538503519543224
1331 0.000562385995767292
1330 0.000584388071727584
1329 0.000609801746343193
1328 0.000636012866663916
1327 0.000663029812144278
1326 0.000676842860718682
1325 0.000690860126368307
1324 0.000705082413167281
1323 0.000705082413167281
1322 0.000705082413167281
1321 0.000690860126368307
1320 0.000679594665050453
1319 0.000655067457601767
1318 0.000615365066965455
1317 0.000580455670707206
1316 0.000544228243352938
1315 0.000484790674118701
1314 0.000442918981664314
1313 0.000392106192226467
1312 0.000345937323753247
1311 0.000306069541484018
1310 0.000269978875798855
1309 0.000237424994328273
1308 0.000213765878187128
1307 0.000192092318115798
1306 0.000172282545128211
1305 0.000155591165595334
1304 0.000137778941378694
1303 0.000122855082150208
1302 0.000112589883724508
1301 0.000103070154583491
1300 9.33369139611479e-05
1299 8.523587160142e-05
1298 7.70139889405141e-05
1297 7.23815064705941e-05
1296 6.58898336692325e-05
1295 6.18512008943553e-05
1294 5.62013202501497e-05
1293 5.26923985930999e-05
1292 4.93785245722516e-05
1291 4.67608513089326e-05
1290 4.2361808598377e-05
1289 3.96374599556535e-05
1288 3.75386991963016e-05
1287 3.50976190093204e-05
1286 3.27994082315706e-05
1285 3.06368618290896e-05
1284 2.86030578480383e-05
1283 2.66913516958042e-05
1282 2.37068595883626e-05
1281 2.20909416122423e-05
1280 2.05751830588007e-05
1279 1.88978565948602e-05
1278 1.6953682601435e-05
1277 1.57604123894461e-05
1276 1.41132379732296e-05
1275 1.26243871611887e-05
1274 1.12802441121571e-05
1273 1.04582693579246e-05
1190 1.04200452114477e-05
1189 1.04200452114477e-05
1188 1.08181031117357e-05
1187 1.12300285478865e-05
1186 1.09956726712702e-05
1185 1.03799219056855e-05
