912584.528100657 229564.498043097
1305 1.07304777844644e-05
1304 1.19920578602186e-05
1303 1.35427573112839e-05
1302 1.4823319022056e-05
1301 1.62130691722975e-05
1300 1.75458218678668e-05
1299 1.91661332597144e-05
1298 2.07373966857716e-05
1297 2.19778558081346e-05
1296 2.39643371388479e-05
1295 2.53770501400732e-05
1294 2.76368274926283e-05
1293 2.92420986105702e-05
1292 3.09304857140684e-05
1291 3.29665068114478e-05
1290 3.58172880445029e-05
1289 3.78380309999382e-05
1288 4.02890327229193e-05
1287 4.25295628776426e-05
1286 4.48800576830087e-05
1285 4.73450198545602e-05
1284 4.99290851734472e-05
1283 5.26370235854914e-05
1282 5.65164434610457e-05
1281 5.95394301725263e-05
1280 6.27036242465819e-05
1279 6.55776949011576e-05
1278 7.08062899642728e-05
1277 7.44911393951273e-05
1276 8.03317556347366e-05
1275 8.65665419377617e-05
1274 9.32165551056882e-05
1273 9.7891282609887e-05
1272 0.000105888872704898
1271 0.0001165255458097
1270 0.000125091219609589
1269 0.000134960179995486
1268 0.000148004818432256
1267 0.000162098761557577
1266 0.000177303445751133
1265 0.000193681567618976
1264 0.000210280106797758
1263 0.00023407365828662
1262 0.000254658141923164
1261 0.0002836283026112
1260 0.000313856565756151
1259 0.000348022907852562
1258 0.000377742788545211
1257 0.00040002859243261
1256 0.000407679472444823
1255 0.000407679472444823
1254 0.00040002859243261
1253 0.000392489449445088
1252 0.00037943162977704
1251 0.000365092456799825
1250 0.00034438421703892
1249 0.000332788941661482
1248 0.000319883627448041
1247 0.000307379513233745
1246 0.000295268831526386
1245 0.000289358581395721
1244 0.000283543746160524
1243 0.000277823337640825
1242 0.000272196364919992
1241 0.000272196364919992
1240 0.000272196364919992
1239 0.000272196364919992
1238 0.000272196364919992
1237 0.000277823337640825
1236 0.000281985334114351
1235 0.000287783812308903
1234 0.000287783812308903
1233 0.000293677755903723
1232 0.000301275481617415
1231 0.000307379513233745
1230 0.000313581904049042
1229 0.000319883627448041
1228 0.000326285652122593
1227 0.000332788941661482
1226 0.000337691194287507
1225 0.00034438421703892
1224 0.000351181472081233
1223 0.000358083905642216
1222 0.000365092456799825
1221 0.000366857677750956
1220 0.000366857677750956
1219 0.000365092456799825
1218 0.000365092456799825
1217 0.000358083905642216
1216 0.000349550340651668
1215 0.000336089606568562
1214 0.000323042369692313
1213 0.000304229846621232
1212 0.000286303737645158
1211 0.000263734715802092
1210 0.000247772170468702
1209 0.000227722621901474
1208 0.000209023942859446
1207 0.000195847685568356
1206 0.000178293828480081
1205 0.000166744034959184
1204 0.000155828332260506
1203 0.000148890584056334
1202 0.000143140707481776
1201 0.000136693736338534
1200 0.000133563713942307
1199 0.000130494774769187
1198 0.000127486007549993
1197 0.000127486007549993
1196 0.000123690879533389
1195 0.000120812686915364
1194 0.000117991871302874
1193 0.00011881172322796
1192 0.000116034663159773
1191 0.000114164282768427
1190 0.000109738131560656
1189 0.000109738131560656
1188 0.00010715164792513
1187 0.000104617681927232
1186 0.000103765996057194
1185 0.000105474914280493
1184 0.000109138233505892
1183 0.0001165255458097
1182 0.000129758699783912
1181 0.000147942710304616
1180 0.000180341391093448
1179 0.000238924521656831
1178 0.000338987124582243
1177 0.000533383392765986
1176 0.000839154733668863
1175 0.00120999861892984
1174 0.00145216015211251
1173 0.00156250346671019
1172 0.00154386547670504
1171 0.00147029723209076
1170 0.00136371070642516
1169 0.00126139975607231
1168 0.00118083406036498
1167 0.00110269519109726
1166 0.00102797142636631
1165 0.000972664160631004
1164 0.000930213565554949
1163 0.000904383653533499
1162 0.00087922522772174
1161 0.000865880561220354
1160 0.000865880561220354
1159 0.000865880561220354
1158 0.00087922522772174
1157 0.000890769888193363
1156 0.000918130807922824
1155 0.000932011126012268
1154 0.000960170170686116
1153 0.000974448263988938
1152 0.00100529573394035
1151 0.00102197121117373
1150 0.00103887884147005
1149 0.00103887884147005
1148 0.00105601232841814
1147 0.00105601232841814
1146 0.00105601232841814
1145 0.00105601232841814
1144 0.00105601232841814
1143 0.00104346861392788
1142 0.00102871034627875
1141 0.00101407942822786
1140 0.000985201683899852
1139 0.00097095578454447
1138 0.000942851969207259
1137 0.000912847987896882
1136 0.000872440184861763
1135 0.000846159717400732
1134 0.000805414503086039
1133 0.000765988485776488
1132 0.000729947000315183
1131 0.000704536459587192
1130 0.000681706290477576
1129 0.000659401882748362
1128 0.000648445929174658
1127 0.000646554001527585
1126 0.000635734686766107
1125 0.000644787892236631
1124 0.000643148598298822
1123 0.000652570993297292
1122 0.000652570993297292
1121 0.00066224500559237
1120 0.000673439310807967
1119 0.000697630957431034
1118 0.000709228855735834
1117 0.000720960569506994
1116 0.000732826376526909
1115 0.000746372059119959
1114 0.0007585089241175
1113 0.00077078019421189
1112 0.000783186023242649
1111 0.000795726534298638
1110 0.000806849059287875
1109 0.000819658825026158
1108 0.000832603830526076
1107 0.000845684076524327
1106 0.000857478617000895
1105 0.000870830245672296
1104 0.000870830245672296
1103 0.000884317281899211
1102 0.000897939594794716
1101 0.000911697017930863
1100 0.000911697017930863
1099 0.000925589348846195
1098 0.000927001365667626
1097 0.000941025442225798
1096 0.000941025442225798
1095 0.000941025442225798
1094 0.000941025442225798
1093 0.000941025442225798
1092 0.000955183518671428
1091 0.000955183518671428
1090 0.000955183518671428
1089 0.000955183518671428
1088 0.000953777741097645
1087 0.000953777741097645
1086 0.000953777741097645
1085 0.000953777741097645
1084 0.000953777741097645
1083 0.000952502244195414
1082 0.000952502244195414
1081 0.00096680103329138
1080 0.00096680103329138
1079 0.000981233915418497
1078 0.000995800505056469
1077 0.00101050037777284
1076 0.00102533306978577
1075 0.00104154811289215
1074 0.00107186133329252
1073 0.00110269519109726
1072 0.00113404415692279
1071 0.00116590202949378
1070 0.00119826192478968
1069 0.00124772629441069
1068 0.00129827446124658
1067 0.00134987427044328
1066 0.00142024746454961
1065 0.00149137630397589
1064 0.00154654970710042
1063 0.0016214376798214
1062 0.00169772046681587
1061 0.00177525871161122
1060 0.00187371608701347
1059 0.00195351041088895
1058 0.00203402937064097
1057 0.00211508708971871
1056 0.00219648799569587
1055 0.00227802748090916
1054 0.00235949264937947
1053 0.00244035276005704
1052 0.00252086379615924
1051 0.00258076334570299
1050 0.00264013783821244
1049 0.00269888661718867
1048 0.00275594036780241
1047 0.00281301319434696
1046 0.0028505503788663
1045 0.00288764316800459
1044 0.0029060134684951
1043 0.00292558675821598
1042 0.00294374796137483
1041 0.00296177912534133
1040 0.00296177912534133
1039 0.00296177912534133
1038 0.00296177912534133
1037 0.00296177912534133
1036 0.00294374796137483
1035 0.00292558675821598
1034 0.00290729928607139
1033 0.00288888932268637
1032 0.0028517170631847
1031 0.00283296234874437
1030 0.00279408740909778
1029 0.00277506187288994
1028 0.00273672667348449
1027 0.00269710726263113
1026 0.00265818107284631
1025 0.00261896095826498
1024 0.00257947668808444
1023 0.00253975784442515
1022 0.00249983378679553
1021 0.00245973361745892
1020 0.00243962650670909
1019 0.00239931609120056
1018 0.00235911989403422
1017 0.00231854871013966
1016 0.00229824341787098
1015 0.00225761049835152
1014 0.00223728961305246
1013 0.00219665562531592
1012 0.00217634908464662
1011 0.00215605383443913
1010 0.00213577307515711
1009 0.00211550997374922
1008 0.00211574679452422
1007 0.00209554006435316
1006 0.00207568573249802
1005 0.00207568573249802
1004 0.00207568573249802
1003 0.00207568573249802
1002 0.00207568573249802
1001 0.00207568573249802
1000 0.00209554006435316
999 0.00211574679452422
998 0.00213577307515711
997 0.00215605383443913
996 0.00217622869509788
995 0.00219656922725042
994 0.00223727220183355
993 0.00225762806593595
992 0.00229824341787098
991 0.00233884201564989
990 0.00237911986543383
989 0.00239931609120056
988 0.00243962650670909
987 0.00248026735368764
986 0.00252036649558803
985 0.00254034670532724
984 0.00258015010925325
983 0.00261896095826498
982 0.00267768277523154
981 0.00271539145113451
980 0.00277275794594353
979 0.00282926020676416
978 0.00288479691349254
977 0.00292281065953298
976 0.00295883794869893
975 0.00297665309414138
974 0.00297665309414138
973 0.00297665309414138
972 0.00295716902158121
971 0.00293926686477253
970 0.00292123497575656
969 0.00288479691349254
968 0.0028663982144387
967 0.0028492729010302
966 0.00283060137895704
965 0.00283183544535422
964 0.0028505503788663
963 0.00288888932268637
962 0.00296305069474246
961 0.00306983835731197
960 0.00320320085051546
959 0.00335297123037477
958 0.00351290661052312
957 0.00364494351114485
956 0.00370862228293027
955 0.00371658422824649
954 0.00371428810346427
953 0.00371291110955872
952 0.00371428810346427
951 0.00371413679857697
950 0.00371245715790152
949 0.00370849539649283
948 0.00370151043973983
947 0.00368866697375605
946 0.00367081026437437
945 0.00365167281541591
944 0.00363426728270926
943 0.00360357270932882
942 0.00358029796321352
941 0.00355978474621104
940 0.00355096570840746
939 0.00354188045580578
938 0.00354188045580578
937 0.00355456511438751
936 0.00357199084204269
935 0.00359609078932206
934 0.00362123062946765
933 0.00364255222129555
932 0.0036671282407697
931 0.00368033430507839
930 0.00369112530851557
929 0.00369112530851557
928 0.00368033430507839
927 0.00366279684043934
926 0.00363069593030331
925 0.00358833192031119
924 0.00353607136161862
923 0.00347436239669404
922 0.00341609619413816
921 0.00336224310274327
920 0.00330799706248776
919 0.00325039393837774
918 0.00320511268313723
917 0.00317641791630393
916 0.0031605355370817
915 0.00314447626633651
914 0.00312824361399124
913 0.00312824361399124
912 0.00314213780111008
911 0.00314213780111008
910 0.00314213780111008
909 0.00314213780111008
908 0.00314213780111008
907 0.00312595274641064
906 0.00309527232445668
905 0.0030616502110556
904 0.00301005997922911
903 0.00293926686477253
902 0.00286484895572103
901 0.00279034598116169
900 0.00269382272998568
899 0.00259671524264843
898 0.00249803615351678
897 0.00241870660053044
896 0.0023785225532025
895 0.00233824534182669
894 0.00231808042664242
893 0.00231808042664242
892 0.00233800496821355
891 0.00237818246931657
890 0.00243826279786325
889 0.00249803615351678
888 0.00253766724027926
887 0.00259671524264843
886 0.00261724013182252
885 0.00263678882371454
884 0.00261724013182252
883 0.00259762510419321
882 0.00255740667738577
881 0.00249803615351678
880 0.00243826279786325
879 0.00237818246931657
878 0.00231788936330347
877 0.00225747578118202
876 0.00221712822369657
875 0.00221712822369657
874 0.00221712822369657
873 0.00223732455099936
872 0.00229790252299775
871 0.00235810381004005
870 0.00243826279786325
869 0.00251787586432218
868 0.00261627708960045
867 0.00271424634905042
866 0.00279034598116169
865 0.00286484895572103
864 0.00293751628891438
863 0.00299066893256219
862 0.00302540678460856
861 0.00304035861164882
860 0.00305730338941349
859 0.00307409317577002
858 0.00307409317577002
857 0.00305955266906102
856 0.00305955266906102
855 0.00305955266906102
854 0.00305955266906102
853 0.00304255554270014
852 0.00304255554270014
851 0.00304255554270014
850 0.00304035861164882
849 0.00304035861164882
848 0.00304035861164882
847 0.00304255554270014
846 0.00304255554270014
845 0.00302740614397412
844 0.00301005997922911
843 0.002992569280013
842 0.00295536837758642
841 0.00293751628891438
840 0.00291770982554483
839 0.00289965598959692
838 0.00288148006392177
837 0.00286318575389194
836 0.00286484895572103
835 0.00286484895572103
834 0.00286484895572103
833 0.00288148006392177
832 0.00289965598959692
831 0.00291576103714535
830 0.00295137367059818
829 0.00296898231749008
828 0.00300378601224709
827 0.00302326244342795
826 0.00304035861164882
825 0.00305730338941349
824 0.00305730338941349
823 0.00305730338941349
822 0.00305730338941349
821 0.00304035861164882
820 0.00302326244342795
819 0.00300601850234495
818 0.0029886304213718
817 0.00297308715540921
816 0.00293751628891438
815 0.00291953458950083
814 0.00290307708070468
813 0.00288319720274755
812 0.00286484895572103
811 0.00284477677022798
810 0.00284477677022798
809 0.00282625682776412
808 0.00280762964422015
807 0.00279034598116169
806 0.00275248080491437
805 0.0027334078709559
804 0.00267567244243434
803 0.00263678882371454
802 0.002577947416371
801 0.00251787586432218
800 0.00245822605967095
799 0.00237818246931657
798 0.00229776038955665
797 0.00221712822369657
796 0.00211626535178161
795 0.00203590641497064
794 0.00193618888543354
793 0.0018572223127985
792 0.00177915974156728
791 0.00170216193167997
790 0.00162760127199502
789 0.00157173218320603
788 0.00151667294427214
787 0.00149709129112843
786 0.0014789992265763
785 0.0014789992265763
784 0.0014789992265763
783 0.00151528143068687
782 0.00155194874989845
781 0.00159026783305201
780 0.00162760127199502
779 0.00168422598405242
778 0.00172130317872977
777 0.00175980442542997
776 0.0017782566801983
775 0.00179771169150705
774 0.0017782566801983
773 0.0017395506064736
772 0.00170216193167997
771 0.00164520288167433
770 0.0015704222240241
769 0.00149709129112843
768 0.00142532865285828
767 0.00133799265929644
766 0.00127013224934413
765 0.00121883178178125
764 0.0011718773553836
763 0.00112440288733378
762 0.00109522659073177
761 0.00107991700928465
760 0.00107991700928465
759 0.00107991700928465
758 0.00107991700928465
757 0.00109522659073177
756 0.00111066309210778
755 0.00112440288733378
754 0.00115592789835604
753 0.00117366300427988
752 0.00118972227166062
751 0.00120590343246343
750 0.00122220550103988
749 0.00123862744874924
748 0.00123862744874924
747 0.00125516820371326
746 0.00125345701806991
745 0.00123690011371973
744 0.00123690011371973
743 0.00122046264847445
742 0.00118972227166062
741 0.00115772657323641
740 0.00112816472619736
739 0.00109718899628223
738 0.00104968133644328
737 0.00100529573394035
736 0.000962084176652807
735 0.000920057928805856
734 0.000865880561220354
733 0.00082664704194355
732 0.000776204759085919
731 0.000729947000315183
730 0.000683740594596243
729 0.000639630297571605
728 0.00059561159237193
727 0.000555648795175806
726 0.000515910298960819
725 0.000479965537029558
724 0.000445944479844492
723 0.000421660564349102
722 0.000392489449445088
721 0.000370533453514123
720 0.000349550340651668
719 0.000337691194287507
718 0.000316671394571413
717 0.000304229846621232
716 0.000290782545590396
715 0.000284918519517251
714 0.000279150046084765
713 0.000273476119462196
712 0.000274832211673075
711 0.000274832211673075
710 0.000274832211673075
709 0.000280520719207151
708 0.000286303737645158
707 0.000298157305588444
706 0.000302801264550104
705 0.000315214186413313
704 0.000328029230721693
703 0.000341254239977224
702 0.000354896966102044
701 0.000376160971019581
700 0.000392489449445088
699 0.000407679472444823
698 0.000415442973201552
697 0.000429639538307617
696 0.0004377338951833
695 0.000454272124419615
694 0.000454272124419615
693 0.000462717647784999
692 0.000462717647784999
691 0.000455979934172963
690 0.000455979934172963
689 0.000447640469458129
688 0.000439417872073755
687 0.000423319967615421
686 0.000406045325053236
685 0.000383466039734655
684 0.000361877367276096
683 0.000342767805835455
682 0.000323042369692313
681 0.000304229846621232
680 0.000281985334114351
679 0.000265152734855389
678 0.000243985200996854
677 0.000224216972047746
676 0.000204552790512916
675 0.000183368072447147
674 0.000167766059902583
673 0.000153292426980564
672 0.000136693736338534
671 0.000124536507513361
670 0.000114164282768427
669 0.000102967803313946
668 9.11872729157487e-05
667 8.26201897291638e-05
666 7.47608719860746e-05
665 6.70059430122273e-05
664 6.09760557789845e-05
663 5.6413725917305e-05
662 5.07994186192602e-05
661 4.73755501918826e-05
660 4.25753559622004e-05
659 3.92637923755998e-05
658 3.48399680369452e-05
657 3.2068842175599e-05
656 2.94965811187205e-05
655 2.6080339968224e-05
654 2.39427642145392e-05
653 2.13383677749124e-05
652 1.97753583361422e-05
651 1.81140549851222e-05
650 1.65802040002419e-05
649 1.56241527928763e-05
648 1.4283745787046e-05
647 1.38607538221383e-05
646 1.28914252899348e-05
645 1.28914252899348e-05
644 1.25057264099241e-05
643 1.25057264099241e-05
642 1.26592985629088e-05
641 1.30488012203875e-05
640 1.30488012203875e-05
639 1.30488012203875e-05
638 1.28914252899348e-05
637 1.25057264099241e-05
636 1.19920578602186e-05
635 1.12791049757393e-05
634 1.02820696408992e-05
591 1.1205039268987e-05
590 1.22804260147256e-05
589 1.34491968804564e-05
588 1.4283745787046e-05
587 1.56241527928763e-05
586 1.68826124791323e-05
585 1.79094379975464e-05
584 1.95560219862385e-05
583 2.07285833880182e-05
582 2.13383677749124e-05
581 2.28525196544975e-05
580 2.35174552538271e-05
579 2.41997748128713e-05
578 2.41997748128713e-05
577 2.41997748128713e-05
576 2.35174552538271e-05
575 2.2606763050566e-05
574 2.13383677749124e-05
573 2.03590158940112e-05
572 1.86532199797284e-05
571 1.65802040002419e-05
570 1.49051162835332e-05
569 1.30488012203875e-05
568 1.1205039268987e-05
