-1546664.57537706 2417295.27500477
4413 1.19187117272338e-05
4412 1.5111806685616e-05
4411 1.82071913642161e-05
4410 2.18674371804672e-05
4409 2.61806956227917e-05
4408 3.12458856377746e-05
4407 3.56042174861711e-05
4406 4.42800740684556e-05
4405 5.01746736449028e-05
4404 5.67542136258926e-05
4403 6.15531256866251e-05
4402 6.67057314575939e-05
4401 6.94212708641428e-05
4400 7.22332621367798e-05
4399 7.21566852424151e-05
4398 7.50845572805151e-05
4397 7.50845572805151e-05
4396 7.50845572805151e-05
4395 7.50845572805151e-05
4394 7.50845572805151e-05
4393 7.50845572805151e-05
4392 7.81578033272708e-05
4391 7.50845572805151e-05
4390 7.50845572805151e-05
4389 7.50845572805151e-05
4388 7.50845572805151e-05
4387 7.81158112287827e-05
4386 7.81158112287827e-05
4385 7.81158112287827e-05
4384 8.45022940915825e-05
4383 8.45022940915825e-05
4382 8.45022940915825e-05
4381 8.78394213614629e-05
4380 8.78394213614629e-05
4379 8.78394213614629e-05
4378 8.78394213614629e-05
4377 8.78394213614629e-05
4376 8.78394213614629e-05
4375 8.78394213614629e-05
4374 8.45022940915825e-05
4373 8.12760880803403e-05
4372 7.81578033272708e-05
4371 7.51444926950232e-05
4370 7.22332621367798e-05
4369 6.67057314575939e-05
4368 6.15531256866251e-05
4367 5.67542136258926e-05
4366 5.22886161533893e-05
4365 5.01746736449028e-05
4364 4.81368008824692e-05
4363 4.61726872916019e-05
4362 4.42800740684556e-05
4361 4.61726872916019e-05
4360 4.81368008824692e-05
4359 5.01746736449028e-05
4358 5.22886161533893e-05
4357 5.67542136258926e-05
4356 6.40839099216245e-05
4355 7.23875178562386e-05
4354 7.82823041546119e-05
4353 8.45918534583212e-05
4352 9.48850682471768e-05
4351 0.000102335279139852
4350 0.000110285370929917
4349 0.00011876144233398
4348 0.000123205082964182
4347 0.000132520699273894
4346 0.000142430775096661
4345 0.000147617648083074
4344 0.000152963911991361
4343 0.00015847324053755
4342 0.000153403448010717
4341 0.000153403448010717
4340 0.000153403448010717
4339 0.000153403448010717
4338 0.000148008023907461
4337 0.000142774503619951
4336 0.000137699168322001
4335 0.000132778340093177
4334 0.000123385705789663
4333 0.000114568045109263
4332 0.000110366105714744
4331 0.000102358975257571
4330 9.48587021965419e-05
4329 8.78394213614629e-05
4328 8.12760880803403e-05
4327 7.81578033272708e-05
4326 7.22332621367798e-05
4325 6.65995495837212e-05
4324 6.14218793556969e-05
4323 5.8968545263624e-05
4322 5.66020290700613e-05
4321 5.43197620496785e-05
4320 5.43197620496785e-05
4319 5.44809911036104e-05
4318 5.44809911036104e-05
4317 5.44809911036104e-05
4316 5.21192299281348e-05
4315 5.67542136258926e-05
4314 5.67542136258926e-05
4313 5.67542136258926e-05
4312 5.91107515596173e-05
4311 5.91107515596173e-05
4310 5.91107515596173e-05
4309 5.91107515596173e-05
4308 5.91107515596173e-05
4307 5.91107515596173e-05
4306 5.91107515596173e-05
4305 5.91107515596173e-05
4304 5.91107515596173e-05
4303 6.15531256866251e-05
4302 6.40839099216245e-05
4301 6.67057314575939e-05
4300 7.22332621367798e-05
4299 7.81578033272708e-05
4298 8.45022940915825e-05
4297 9.48587021965419e-05
4296 0.000102484182932112
4295 0.000110554423614734
4294 0.000132778340093177
4293 0.000148008023907461
4292 0.000164695078671929
4291 0.000176679906693345
4290 0.000196024979520205
4289 0.000209879756906604
4288 0.000225896205795685
4287 0.000241577352338536
4286 0.000258143140117393
4285 0.000266768276775313
4284 0.000284724075268816
4283 0.000284724075268816
4282 0.000294063149287672
4281 0.000294063149287672
4280 0.000294063149287672
4279 0.000294063149287672
4278 0.000284724075268816
4277 0.000275627185807663
4276 0.000266768276775313
4275 0.000258143140117393
4274 0.000241577352338536
4273 0.000240033544663741
4272 0.000232179409663271
4271 0.000217106591738189
4270 0.000209879756906604
4269 0.000202853896872775
4268 0.000196024979520205
4267 0.000196024979520205
4266 0.000189388994759121
4265 0.000189388994759121
4264 0.000182941956861403
4263 0.000182941956861403
4262 0.000182941956861403
4261 0.000182941956861403
4260 0.000182941956861403
4259 0.000189388994759121
4258 0.000189388994759121
4257 0.000196024979520205
4256 0.000196024979520205
4255 0.000202853896872775
4254 0.000209879756906604
4253 0.000217106591738189
4252 0.000224538453072858
4251 0.000232179409663271
4250 0.000240033544663741
4249 0.000248104952879999
4248 0.000264916009204206
4247 0.000273663878959658
4246 0.000291864857434227
4245 0.000311033503361324
4244 0.000341672219080311
4243 0.000363402265574363
4242 0.000389700166972673
4241 0.000426531224837808
4240 0.000466014598912109
4239 0.000508249159063816
4238 0.000553327518864916
4237 0.000611133401483075
4236 0.000662355932113336
4235 0.000698186319191049
4234 0.000744220801595416
4233 0.000793758042951152
4232 0.000834414183946846
4231 0.000876468385097408
4230 0.000919923834592357
4229 0.000964780519200136
4228 0.00101103506562572
4227 0.00105868058749278
4226 0.00110770653895788
4225 0.0011580985759757
4224 0.00120983842624003
4223 0.00127268859433818
4222 0.00132681623464459
4221 0.00135434551458353
4220 0.00141031341423517
4219 0.00143874259956375
4218 0.0014964658274214
4217 0.00151728999116448
4216 0.00155530486542157
4215 0.00155530486542157
4214 0.00158512778453271
4213 0.00158512778453271
4212 0.00155530486542157
4211 0.00152574880713414
4210 0.0014964658274214
4209 0.00145864979356721
4208 0.00140118188906185
4207 0.00134492799619867
4206 0.00128992539018496
4205 0.00120983842624003
4204 0.00113273284526291
4203 0.00108302181543906
4202 0.00101103506562572
4201 0.000942177152763509
4200 0.000887592076188287
4199 0.000824018741710594
4198 0.00078341323044487
4197 0.000725151359167667
4196 0.000688058246889883
4195 0.000670030979606055
4194 0.000644947505659862
4193 0.000627874093692575
4192 0.000611133401483075
4191 0.000611133401483075
4190 0.000601334782348785
4189 0.000601334782348785
4188 0.000618001537421329
4187 0.000644947505659862
4186 0.000670030979606055
4185 0.000706431080755151
4184 0.000725151359167667
4183 0.000763640963433321
4182 0.00080353881322773
4181 0.000844853859688692
4180 0.000866044819405493
4179 0.000909495883145427
4178 0.000931756285933155
4177 0.000931756285933155
4176 0.000954373117599992
4175 0.000954373117599992
4174 0.000954373117599992
4173 0.000931756285933155
4172 0.000931756285933155
4171 0.000909495883145427
4170 0.000887592076188287
4169 0.000844853859688692
4168 0.000824018741710594
4167 0.00078341323044487
4166 0.000744220801595416
4165 0.000725151359167667
4164 0.000706431080755151
4163 0.000706431080755151
4162 0.000716612164888105
4161 0.000735380784423928
4160 0.0007544937357765
4159 0.000813911675809789
4158 0.000876468385097408
4157 0.000964780519200136
4156 0.00105868058749278
4155 0.0011580985759757
4154 0.00128992539018496
4153 0.00142976659247375
4152 0.00157705627058783
4151 0.00173105443198527
4150 0.00192340408042191
4149 0.00208868691698413
4148 0.00225713559768512
4147 0.00242705555437288
4146 0.00256497632085218
4145 0.00270218678874847
4144 0.00283776047704293
4143 0.00297073879996968
4142 0.00306818033004545
4141 0.00316319342034995
4140 0.00322497998485714
4139 0.00328537833907961
4138 0.00331501869104269
4137 0.00334426625070309
4136 0.00334426625070309
4135 0.00334426625070309
4134 0.00334426625070309
4133 0.00331501869104269
4132 0.00328537833907961
4131 0.00325536035507628
4130 0.00319425254704604
4129 0.00316319342034995
4128 0.00310014183968904
4127 0.00303594899528078
4126 0.00300346332640113
4125 0.00293779086610851
4124 0.00287128637349219
4123 0.00279969703321411
4122 0.00273277092955734
4121 0.0026991201325017
4120 0.00263151569320606
4119 0.00256360288989607
4118 0.00249549428214699
4117 0.00246140105186067
4116 0.00239320425413
4115 0.00235912714475708
4114 0.00228930911605296
4113 0.00225499871894483
4112 0.00222326008077161
4111 0.00218946571950206
4110 0.00215257117951412
4109 0.00211863661645108
4108 0.00208482544692374
4107 0.00205114894215527
4106 0.00201761811331125
4105 0.00201761811331125
4104 0.00201761811331125
4103 0.00205114894215527
4102 0.00208482544692374
4101 0.00211863661645108
4100 0.00218661760958491
4099 0.00225499871894483
4098 0.0023581071334116
4097 0.00246155315809069
4096 0.00256360288989607
4095 0.0026991201325017
4094 0.00279969703321411
4093 0.00293163412496532
4092 0.00306022003015738
4091 0.00318448855454198
4090 0.00329162821682463
4089 0.00340262964547781
4088 0.00353130582561581
4087 0.00360249010760236
4086 0.00368966560225937
4085 0.00376730966549043
4084 0.00383473832667523
4083 0.0038782404937093
4082 0.00394880755263546
4081 0.00396889142892835
4080 0.00399336071213439
4079 0.00401093108053116
4078 0.00401876492780993
4077 0.00402347257849544
4076 0.00402504302054362
4075 0.00402347257849544
4074 0.00402151038756702
4073 0.00401876492780993
4072 0.00401876492780993
4071 0.0040152378048856
4070 0.00401093108053116
4069 0.00400584727055096
4068 0.00399998934236744
4067 0.00399336071213439
4066 0.003985965241417
4065 0.00397780723344269
4064 0.00396889142892835
4063 0.00394880755263546
4062 0.00393765110636478
4061 0.00392576010335539
4060 0.00391314139477029
4059 0.00391314139477029
4058 0.00389980223567921
4057 0.00389980223567921
4056 0.00388575027810793
4055 0.00389980223567921
4054 0.00389980223567921
4053 0.00389980223567921
4052 0.00391314139477029
4051 0.00390375020601862
4050 0.00391543525078907
4049 0.00392639808431041
4048 0.00394613250066949
4047 0.00395489279315365
4046 0.00397017443102835
4045 0.00397668699437139
4044 0.00401093108053116
4043 0.00401876492780993
4042 0.00402347257849544
4041 0.00402504302054362
4040 0.00402347257849544
4039 0.00401876492780993
4038 0.0040152378048856
4037 0.00400584727055096
4036 0.00399336071213439
4035 0.00397780723344269
4034 0.00395922300148912
4033 0.00393765110636478
4032 0.00392576010335539
4031 0.00389980223567921
4030 0.00388575027810793
4029 0.00385554051616816
4028 0.00383939993304382
4027 0.00382258097757148
4026 0.00382468266484622
4025 0.00382468266484622
4024 0.00380623053210452
4023 0.00380623053210452
4022 0.00380623053210452
4021 0.00378711979143912
4020 0.00376815080938389
4019 0.00376815080938389
4018 0.00378694637824508
4017 0.00378694637824508
4016 0.00378694637824508
4015 0.00380509316992303
4014 0.00382258097757148
4013 0.00383939993304382
4012 0.00385554051616816
4011 0.00385554051616816
4010 0.00387099356372389
4009 0.00388575027810793
4008 0.00389980223567921
4007 0.00391314139477029
4006 0.00391314139477029
4005 0.00392576010335539
4004 0.00393765110636478
4003 0.00393765110636478
4002 0.00394880755263546
4001 0.00395922300148912
4000 0.00396889142892835
3999 0.00396889142892835
3998 0.00395489279315365
3997 0.003962908304446
3996 0.00397017443102835
3995 0.00399998934236744
3994 0.00400584727055096
3993 0.00401093108053116
3992 0.00401876492780993
3991 0.00402347257849544
3990 0.00400130083940238
3989 0.00399975802051292
3988 0.00399166797574854
3987 0.00399998934236744
3986 0.00397780723344269
3985 0.00394880755263546
3984 0.00391314139477029
3983 0.00385554051616816
3982 0.00380509316992303
3981 0.00372865580335343
3980 0.00366482102866754
3979 0.00359575905713208
3978 0.00350653911909041
3977 0.00342930646830529
3976 0.00338867177615299
3975 0.00333228265242703
3974 0.00327427534125287
3973 0.00321476773638383
3972 0.00315387911448628
3971 0.00309172974124593
3970 0.00302844048096047
3969 0.00296413241136185
3968 0.00286602440020666
3967 0.00279969703321411
3966 0.00273627063447657
3965 0.00266800080171547
3964 0.00259938107480743
3963 0.00253052737834273
3962 0.00249604834814917
3961 0.00242705555437288
3960 0.00239256909332054
3959 0.00232368282761723
3958 0.00229108018767232
3957 0.00225713559768512
3956 0.00222326008077161
3955 0.00222326008077161
3954 0.00222326008077161
3953 0.00225713559768512
3952 0.00229108018767232
3951 0.00232508154453451
3950 0.00239368112080463
3949 0.0024610779969726
3948 0.00256204011377132
3947 0.00266251939479807
3946 0.00276630144310233
3945 0.0028989264453497
3944 0.00299640623202743
3943 0.00309172974124593
3942 0.00318448855454198
3941 0.00327427534125287
3940 0.00336068679124734
3939 0.00338867177615299
3938 0.00342930646830529
3937 0.00342930646830529
3936 0.00342930646830529
3935 0.00340262964547781
3934 0.00336068679124734
3933 0.00330347393895537
3932 0.00321476773638383
3931 0.0031229544772518
3930 0.00302844048096047
3929 0.00293163412496532
3928 0.00279969703321411
3927 0.0026991201325017
3926 0.00259759074691987
3925 0.0025295661207783
3924 0.0024610779969726
3923 0.00239320425413
3922 0.00235912714475708
3921 0.00232508154453451
3920 0.00232508154453451
3919 0.00229108018767232
3918 0.00229108018767232
3917 0.00229108018767232
3916 0.00232508154453451
3915 0.00232633490366905
3914 0.00232633490366905
3913 0.00232633490366905
3912 0.00232633490366905
3911 0.00232633490366905
3910 0.00232508154453451
3909 0.00232508154453451
3908 0.00229108018767232
3907 0.00225713559768512
3906 0.00222326008077161
3905 0.00218946571950206
3904 0.00215576436681629
3903 0.00212216764033472
3902 0.00205533332793966
3901 0.0019890508205836
3900 0.0019561428947843
3899 0.00189084421515118
3898 0.00182629933247348
3897 0.0017625815102517
3896 0.00169975958191718
3895 0.00166870486276318
3894 0.00160734601290332
3893 0.00154703543537688
3892 0.00151728999116448
3891 0.00145864979356721
3890 0.00142976659247375
3889 0.00137290075801707
3888 0.00134492799619867
3887 0.0013077928611005
3886 0.00128033399830108
3885 0.00125320427119047
3884 0.00123620696727515
3883 0.00120983842624003
3882 0.00118380132328074
3881 0.0011580985759757
3880 0.00113273284526291
3879 0.00110770653895788
3878 0.00109338733963309
3877 0.00105868058749278
3876 0.00103468452630987
3875 0.00101103506562572
3874 0.000998267761387776
3873 0.000975339781280847
3872 0.000952754671262438
3871 0.000930513100138344
3870 0.000930513100138344
3869 0.000919359667642074
3868 0.000897810131147752
3867 0.000897810131147752
3866 0.000897810131147752
3865 0.000897810131147752
3864 0.000897810131147752
3863 0.000897810131147752
3862 0.000887062194703085
3861 0.000908615524775907
3860 0.000908615524775907
3859 0.000908615524775907
3858 0.000930513100138344
3857 0.000930513100138344
3856 0.000930513100138344
3855 0.000952754671262438
3854 0.000930513100138344
3853 0.000930513100138344
3852 0.000941247106855823
3851 0.000941247106855823
3850 0.000919359667642074
3849 0.000897810131147752
3848 0.000897810131147752
3847 0.000855725345076518
3846 0.000824467160444458
3845 0.000784454040838148
3844 0.000764960412119446
3843 0.000726993689620493
3842 0.00069037864223939
3841 0.000637961293082877
3840 0.000604663285629419
3839 0.000557140112185679
3838 0.000512461876237001
3837 0.000484218005075235
3836 0.000444101167232372
3835 0.000406601711556035
3834 0.000371623181919626
3833 0.00032873189767522
3832 0.000299238056632955
3831 0.000263275867919167
3830 0.000238686257873587
3829 0.00020887036297533
3828 0.000182215924623405
3827 0.000158964534206044
3826 0.000137699168322001
3825 0.000118906760242214
3824 0.000102358975257571
3823 9.12905224645125e-05
3822 7.81578033272708e-05
3821 6.94212708641428e-05
3820 5.91107515596173e-05
3819 5.22886161533893e-05
3818 4.61726872916019e-05
3817 4.27070164954898e-05
3816 3.926331901313e-05
3815 3.60694740818314e-05
3814 3.31098822987467e-05
3813 3.03696991152617e-05
3812 2.78348167827149e-05
3811 2.66401515084618e-05
3810 2.54918450645974e-05
3809 2.54918450645974e-05
3808 2.54918450645974e-05
3807 2.41454451619106e-05
3806 2.54918450645974e-05
3805 2.52463381648895e-05
3804 2.78348167827149e-05
3803 2.90774488154705e-05
3802 3.17132634146201e-05
3801 3.45613418178678e-05
3800 3.76361578354593e-05
3799 4.27070164954898e-05
3798 4.83770622291013e-05
3797 5.47048785017202e-05
3796 6.42740601966631e-05
3795 7.52844902994711e-05
3794 8.45918534583212e-05
3793 9.85492896564272e-05
3792 0.000114455998278451
3791 0.000132520699273894
3790 0.000152963911991361
3789 0.000169995968141214
3788 0.000188596907720711
3787 0.00020887036297533
3786 0.000230922038449945
3785 0.000246663963197843
3784 0.000254859162100907
3783 0.000270379155071355
3782 0.000270379155071355
3781 0.000261837452082078
3780 0.000254859162100907
3779 0.000238686257873587
3778 0.000223367305764382
3777 0.00020887036297533
3776 0.000195163708761494
3775 0.000176016891496127
3774 0.000164149344102795
3773 0.000147617648083074
3772 0.000132520699273894
3771 0.00011876144233398
3770 0.000110285370929917
3769 9.85492896564272e-05
3768 9.13394740945957e-05
3767 8.45918534583212e-05
3766 7.82823041546119e-05
3765 7.23875178562386e-05
3764 6.95886020403535e-05
3763 6.68850098633008e-05
3762 6.15531256866251e-05
3761 6.15531256866251e-05
3760 6.15531256866251e-05
3759 6.15531256866251e-05
3758 6.15531256866251e-05
3757 6.15531256866251e-05
3756 6.15531256866251e-05
3755 6.40839099216245e-05
3754 6.67057314575939e-05
3753 6.94212708641428e-05
3752 7.22332621367798e-05
3751 7.82823041546119e-05
3750 8.45918534583212e-05
3749 8.45022940915825e-05
3748 9.12905224645125e-05
3747 9.85471171560258e-05
3746 0.000106297535175392
3745 0.000110366105714744
3744 0.000118906760242214
3743 0.0001236835928645
3742 0.000133160096507304
3741 0.000138126343309223
3740 0.000143249528369973
3739 0.000153981799665168
3738 0.000153981799665168
3737 0.000159598533112301
3736 0.000165387496145829
3735 0.000170598913847113
3734 0.000170598913847113
3733 0.000164695078671929
3732 0.000158964534206044
3731 0.000153403448010717
3730 0.000142774503619951
3729 0.000128347070528817
3728 0.000114790824320132
3727 0.000102484182932112
3726 9.13345231582323e-05
3725 7.81158112287827e-05
3724 6.93292970487183e-05
3723 5.8968545263624e-05
3722 5.21192299281348e-05
3721 4.40860555185835e-05
3720 4.0700570015347e-05
3719 3.58140279421868e-05
3718 3.1458874519809e-05
3717 2.88256751392834e-05
3716 2.63922753229901e-05
3715 2.41454451619106e-05
3714 2.30880523253576e-05
3713 2.20726582344253e-05
3712 2.20726582344253e-05
3711 2.20726582344253e-05
3710 2.20726582344253e-05
3709 2.30880523253576e-05
3708 2.30880523253576e-05
3707 2.41454451619106e-05
3706 2.52463381648895e-05
3705 2.63922753229901e-05
3704 2.63922753229901e-05
3703 2.63922753229901e-05
3702 2.78348167827149e-05
3701 2.78348167827149e-05
3700 2.66401515084618e-05
3699 2.4388332446305e-05
3698 2.23096392566757e-05
3697 1.94908209896166e-05
3696 1.60233490755062e-05
3695 1.39273126878927e-05
3694 1.15212518529399e-05
