1675320.89448488 3285479.09817445
1267 1.54270713598184e-05
1266 2.37227035759162e-05
1265 3.59372365224582e-05
1264 4.7966186745884e-05
1263 7.83665127657534e-05
1262 0.00011407722487305
1261 0.000193560599288307
1260 0.000292811453396548
1259 0.000460912375379433
1258 0.000650795752968902
1257 0.000795944279522822
1256 0.000849682301034104
1255 0.000849682301034104
1254 0.000795944279522822
1253 0.000744942445157075
1252 0.00068901926159493
1251 0.000602038339168781
1250 0.000488534989343951
1249 0.000454156949652891
1248 0.000393651323023798
1247 0.000340060685049812
1246 0.0002927791153354
1245 0.000271321393021629
1244 0.000251224923035137
1243 0.000232421417339158
1242 0.000214844533688856
1241 0.000214844533688856
1240 0.000214844533688856
1239 0.000214844533688856
1238 0.000214844533688856
1237 0.000232421417339158
1236 0.000230169487402956
1235 0.000249128340763335
1234 0.000249128340763335
1233 0.000269415658437497
1232 0.000315668240761091
1231 0.000340060685049812
1230 0.00036603001574762
1229 0.000393651323023798
1228 0.000423001073939182
1227 0.000454156949652891
1226 0.000454884851364796
1225 0.000488534989343951
1224 0.000524220724247904
1223 0.000562026781858216
1222 0.000602038339168781
1221 0.000639807801665904
1220 0.000639807801665904
1219 0.000602038339168781
1218 0.000602038339168781
1217 0.000562026781858216
1216 0.000491423833716521
1215 0.000424762072519156
1214 0.000365839915897646
1213 0.000290478389492911
1212 0.000228803261938468
1211 0.000164382470443021
1210 0.000127085808543582
1209 8.90597026005663e-05
1208 6.15302659358409e-05
1207 4.61945818911957e-05
1206 2.71422393351643e-05
1205 1.98395764382628e-05
1204 1.43831109154781e-05
1203 1.15545183888967e-05
1202 1.09059330817381e-05
1180 1.37844012745747e-05
1179 5.5691520367925e-05
1178 0.000288499329729
1177 0.00172842009944123
1176 0.0061529859460017
1175 0.00987405348566025
1174 0.00957964166092841
1173 0.00886226476289158
1172 0.00900228131092486
1171 0.00948175964970202
1170 0.00986473318149347
1169 0.0098602247063463
1168 0.00947882243966881
1167 0.00895707031205895
1166 0.00826908627322009
1165 0.00757470073466696
1164 0.00711119796107477
1163 0.00675454387159354
1162 0.00640518127557662
1161 0.00624495478783173
1160 0.00624495478783173
1159 0.00624495478783173
1158 0.00640518127557662
1157 0.00659318547901968
1156 0.00691354041701202
1155 0.00706982609865834
1154 0.00737286733467667
1153 0.00751892724179306
1152 0.0077299874352556
1151 0.00778206639184529
1150 0.00781743263023858
1149 0.00781743263023858
1148 0.00783660687384093
1147 0.00783660687384093
1146 0.00783660687384093
1145 0.00783660687384093
1144 0.00783660687384093
1143 0.0076438322204453
1142 0.00753848476481776
1141 0.00742869575872388
1140 0.00719674938430176
1139 0.00707508522451995
1138 0.0068216440400302
1137 0.00660110669821976
1136 0.00617084237246133
1135 0.00587564445155739
1134 0.00542904963962907
1133 0.00495220180420054
1132 0.00448132513522278
1131 0.00414354491695788
1130 0.00383859815884018
1129 0.00354347270763501
1128 0.00339999480545168
1127 0.00335635019035091
1126 0.00321399500972059
1125 0.00331306180096494
1124 0.00327056666883548
1123 0.00337978787427931
1122 0.00337978787427931
1121 0.00349713198394732
1120 0.00365626889343024
1119 0.00401562486543489
1118 0.00418220823571372
1117 0.00435143809162888
1116 0.00452308348160679
1115 0.00471779992554804
1114 0.00489034138382038
1113 0.00506433988011487
1112 0.00523950815791161
1111 0.0054155454668411
1110 0.005588725385293
1109 0.00576948477015855
1108 0.0059502598311907
1107 0.00613069157419452
1106 0.0063214157833177
1105 0.00650416798210295
1104 0.00650416798210295
1103 0.00668551469037286
1102 0.00686504915493974
1101 0.00704235900105552
1100 0.00704235900105552
1099 0.0072170277517888
1098 0.00718485640637783
1097 0.00735214556682278
1096 0.00735214556682278
1095 0.00735214556682278
1094 0.00735214556682278
1093 0.00735214556682278
1092 0.00751596483528669
1091 0.00751596483528669
1090 0.00751596483528669
1089 0.00751596483528669
1088 0.00755676508206413
1087 0.00755676508206413
1086 0.00755676508206413
1085 0.00755676508206413
1084 0.00755676508206413
1083 0.00759391717490248
1082 0.00759391717490248
1081 0.00776218577776374
1080 0.00776218577776374
1079 0.00792609920235534
1078 0.00808522794822574
1077 0.00823914844434465
1076 0.00838744491114436
1075 0.00846926052297374
1074 0.00872718790513182
1073 0.00895707031205895
1072 0.00915630945356695
1071 0.00932261528598973
1070 0.00945404979479862
1069 0.00958254485718669
1068 0.00962576347800948
1067 0.00958254485718669
1066 0.00939279775591686
1065 0.00913728089035201
1064 0.00879458811988845
1063 0.00823914844434465
1062 0.00759391717490248
1061 0.00688598528440659
1060 0.00595498264857354
1059 0.00520527072978654
1058 0.00447633777563926
1057 0.00378720735054059
1056 0.0031523325224551
1055 0.0025814378134335
1054 0.00207973508258797
1053 0.00168867331412827
1052 0.00132305465992918
1051 0.00109028943688502
1050 0.000890424645223503
1049 0.000720682354936174
1048 0.000606166625074842
1047 0.000484140560750682
1046 0.000414728892001806
1045 0.000353879713102341
1044 0.000326409891578679
1043 0.000282646917797535
1042 0.00025974450593556
1041 0.00023845926006519
1040 0.00023845926006519
1039 0.00023845926006519
1038 0.00023845926006519
1037 0.00023845926006519
1036 0.00025974450593556
1035 0.000282646917797535
1034 0.000307261285485802
1033 0.00033368534843676
1032 0.00039236733433813
1031 0.000424833988959013
1030 0.000522320431950959
1029 0.000562959560221633
1028 0.000652050873609249
1027 0.000786749667233403
1026 0.000901378662667615
1025 0.00102875987060119
1024 0.00116965233857599
1023 0.00132475512486204
1022 0.00149468769612321
1021 0.00167996930708142
1020 0.00177849563985655
1019 0.00198750279121396
1018 0.00216552134070686
1017 0.00240714111708814
1016 0.00253415427276664
1015 0.00280039931069645
1014 0.00293951293272711
1013 0.00322931281464398
1012 0.00337978787427931
1011 0.00353381173940028
1010 0.00369123770082649
1009 0.00385190222625753
1008 0.00388598719668354
1007 0.00404744520495898
1006 0.00424114191565705
1005 0.00424114191565705
1004 0.00424114191565705
1003 0.00424114191565705
1002 0.00424114191565705
1001 0.00424114191565705
1000 0.00404744520495898
999 0.00388598719668354
998 0.00369123770082649
997 0.00353381173940028
996 0.00334157816344302
995 0.00318975209119719
994 0.00289777499503255
993 0.00275782740989134
992 0.00253415427276664
991 0.00228425555929467
990 0.00209802776910617
989 0.00198750279121396
988 0.00177849563985655
987 0.00154005607026867
986 0.00136392867332803
985 0.00128168464083597
984 0.00112845471436444
983 0.00102875987060119
982 0.000842519412091436
981 0.000769945930259237
980 0.000624684293114344
979 0.000502579284205313
978 0.000400951847740117
977 0.000320973443392427
976 0.000272741139884051
975 0.000251054170273833
974 0.000251054170273833
973 0.000251054170273833
972 0.000292811453396548
971 0.000317192926290177
970 0.000343283290556245
969 0.000400951847740117
968 0.000432715650420165
967 0.000439454697325046
966 0.0004742260275178
965 0.000448312203655519
964 0.000414728892001806
963 0.00033368534843676
962 0.00022411673494703
961 0.000121569847823983
960 5.08900701847478e-05
959 1.55116780988967e-05
