-1253322.06451142 4446777.46324632
3565 1.01221850273453e-05
3564 1.112649422718e-05
3563 1.18649274294012e-05
3562 1.26473967354443e-05
3561 1.34761710453133e-05
3560 1.43536120405047e-05
3559 1.52821764311877e-05
3558 1.62644181574421e-05
3557 1.6950372843965e-05
3556 1.73029905362095e-05
3555 1.6950372843965e-05
3554 1.66042160578826e-05
3553 1.66042160578826e-05
3552 1.62644181574421e-05
3551 1.6142625032377e-05
3550 1.64804597386742e-05
3549 1.6824628719003e-05
3548 1.78961662509728e-05
3547 1.86440974399024e-05
3546 1.94198885752419e-05
3545 2.02244218195841e-05
3544 2.02244218195841e-05
3543 1.98185064721692e-05
3542 1.88978098751308e-05
3541 1.77715268332945e-05
3540 1.74096927946152e-05
3539 1.70544785808113e-05
3538 1.70544785808113e-05
3537 1.74096927946152e-05
3536 1.74096927946152e-05
3535 1.69406544011242e-05
3534 1.65937565392129e-05
3533 1.62532489668672e-05
3532 1.59190301301705e-05
3531 1.59190301301705e-05
3530 1.55909997419637e-05
3529 1.55909997419637e-05
3528 1.54906961845164e-05
3527 1.51703673643217e-05
3526 1.48560097022624e-05
3525 1.41568431330282e-05
3524 1.35712542320737e-05
3523 1.29308193292414e-05
3522 1.21286622850718e-05
3521 1.18048205170078e-05
3520 1.14931981821013e-05
3519 1.14931981821013e-05
3518 1.11437098285627e-05
3517 1.10988821868992e-05
3516 1.08608750076641e-05
3515 1.06275010638429e-05
3514 1.03986812458215e-05
3513 1.01743375470629e-05
3495 1.04412528319354e-05
3494 1.11437098285627e-05
3493 1.1589118265761e-05
3492 1.20988646202783e-05
3491 1.26287948598701e-05
3490 1.34630543907074e-05
3489 1.43467059579288e-05
3488 1.56646435756445e-05
3487 1.70264667849243e-05
3486 1.84935841706654e-05
3485 2.09068893286953e-05
3484 2.35974978831009e-05
3483 2.71225734074354e-05
3482 3.05076346198369e-05
3481 3.42605541227492e-05
3480 3.76924296247081e-05
3479 4.06514493537934e-05
3478 4.20831032639492e-05
3477 4.28779081922217e-05
3476 4.13012021459689e-05
3475 3.97754282735945e-05
3474 3.68712970306122e-05
3473 3.48170229990953e-05
3472 3.29667372690599e-05
3471 3.17161661861274e-05
3470 3.05076346198369e-05
3469 2.99187632567923e-05
3468 2.92457473672389e-05
3467 2.81204662539365e-05
3466 2.75723361592639e-05
3465 2.76625285540361e-05
3464 2.71225734074354e-05
3463 2.71225734074354e-05
3462 2.71225734074354e-05
3461 2.76625285540361e-05
3460 2.82119847613678e-05
3459 2.93399602826678e-05
3458 3.05076346198369e-05
3457 3.23361219598093e-05
3456 3.43773814961786e-05
3455 3.71063468592726e-05
3454 4.10862575488145e-05
3453 4.52813874074717e-05
3452 4.89496481122876e-05
3451 5.38473269362565e-05
3450 5.78611335372781e-05
3449 6.35191088213353e-05
3448 6.84505975745753e-05
3447 7.37150513591126e-05
3446 7.89484753345681e-05
3445 8.489214202121e-05
3444 9.07815225853633e-05
3443 9.58719693424964e-05
3442 0.000102385744357731
3441 0.00010751067780599
3440 0.000111561932105912
3439 0.000117059055923278
3438 0.000118940626821127
3437 0.000120847183507624
3436 0.000121414715969299
3435 0.000121414715969299
3434 0.000119502918948269
3433 0.000117616117681865
3432 0.000115754080084398
3431 0.000112669176733287
3430 0.000109103968356369
3429 0.00010563326234064
3428 0.000102255236457448
3427 9.7898308200235e-05
3426 9.47331890196121e-05
3425 9.16545451738817e-05
3424 8.91898049862638e-05
3423 8.62678005802293e-05
3422 8.4837404429687e-05
3421 8.34271257094398e-05
3420 8.2036750688653e-05
3419 8.2036750688653e-05
3418 8.06660666390488e-05
3417 8.06660666390488e-05
3416 8.2036750688653e-05
3415 8.2036750688653e-05
3414 8.34271257094398e-05
3413 8.39549218774031e-05
3412 8.53708573867361e-05
3411 8.68069361639408e-05
3410 8.97403811103174e-05
3409 9.12381784189729e-05
3408 9.27569812309739e-05
3407 9.58584754873008e-05
3406 9.74416051127088e-05
3405 0.000100673730917347
3404 0.000103995156572447
3403 0.000105080787516168
3402 0.000108527568279709
3401 0.000112068063988761
3400 0.000115704089954351
3399 0.000119437470285467
3398 0.000123270036895022
3397 0.000127203628466824
3396 0.000131240089383368
3395 0.000136087345919278
3394 0.000140347356633951
3393 0.000144715798613456
3392 0.000146941258601959
3391 0.000152252957065173
3390 0.000156913200230542
3389 0.000161688307600339
3388 0.000164119507443018
3387 0.000169070340744928
3386 0.000174140602516805
3385 0.000176721086145079
3384 0.00018197388816132
3383 0.000184646656366009
3382 0.000190086046395815
3381 0.000192853113579045
3380 0.000198483099244006
3379 0.000201346457723151
3378 0.000208110139698126
3377 0.000214078737757363
3376 0.000221176728419111
3375 0.000224284435909613
3374 0.000230601895412397
3373 0.000237056773928832
3372 0.000243650680524108
3371 0.000253805670051347
3370 0.000260754002226729
3369 0.000271447771406814
3368 0.000278759930413239
3367 0.000290006178809128
3366 0.000297691011716517
3365 0.000309502550114515
3364 0.000321658998196045
3363 0.000328803408084262
3362 0.000342696999522408
3361 0.000351387431604722
3360 0.000364721116890149
3359 0.000373810275087068
3358 0.000383060456764081
3357 0.000392472445243183
3356 0.000402046959172432
3355 0.000411784650439646
3354 0.000416714872523218
3353 0.000426698400933301
3352 0.000430534990226388
3351 0.000435628153385763
3350 0.000440762683857996
3349 0.000445938626677489
3348 0.000456414905312322
3347 0.000461715306822489
3346 0.000467057251943354
3345 0.000472440760956734
3344 0.000477865849005835
3343 0.000483332526033411
3342 0.000490065463484296
3341 0.000501206210199871
3340 0.000506838710272152
3339 0.000518227870258865
3338 0.000529782386942401
3337 0.000541501953191487
3336 0.000553386169485441
3335 0.000565434542146649
3334 0.000577646481615454
3333 0.000590021300770154
3332 0.00060255821329486
3331 0.000622880157282964
3330 0.000635809423711929
3329 0.000648896422400341
3328 0.000662139891887409
3327 0.000676744967185465
3326 0.00069711128534867
3325 0.000710877099404751
3324 0.00072479149277355
3323 0.000738852595793963
3322 0.000745937548554708
3321 0.000759096695076324
3320 0.00077353347309457
3319 0.000780804576482987
3318 0.000795450745480931
3317 0.000802825202820015
3316 0.000811285435007277
3315 0.000818716846905235
3314 0.000826181209352295
3313 0.000826181209352295
3312 0.000826181209352295
3311 0.000826181209352295
3310 0.000826181209352295
3309 0.000826181209352295
3308 0.000818716846905235
3307 0.000810233491138411
3306 0.000802825202820015
3305 0.000788110434118265
3304 0.000780804576482987
3303 0.000766297417257025
3302 0.000759096695076324
3301 0.000744802360233196
3300 0.000730652614199465
3299 0.000723632601350942
3298 0.000709703512810652
3297 0.000702794902747396
3296 0.000689090662698357
3295 0.000681126730015295
3294 0.00067436381514304
3293 0.000660954022718228
3292 0.000647700157927861
3291 0.000634603579434026
3290 0.00062166553870457
3289 0.00060255821329486
3288 0.000583813578033159
3287 0.000565434542146649
3286 0.000547423508710473
3285 0.000529782386942401
3284 0.000512512605042506
3283 0.000495615123531339
3282 0.000484557237847517
3281 0.000479090449040281
3280 0.000473665094172307
3279 0.000468281165104152
3278 0.000468281165104152
3277 0.000468281165104152
3276 0.000473665094172307
3275 0.000484557237847517
3274 0.000490065463484296
3273 0.000506838710272152
3272 0.000518227870258865
3271 0.000529782386942401
3270 0.000547423508710473
3269 0.000553386169485441
3268 0.000565434542146649
3267 0.000571520106669231
3266 0.000583813578033159
3265 0.000590021300770154
3264 0.000596269548424376
3263 0.000596269548424376
3262 0.00060255821329486
3261 0.00060888718133354
3260 0.000615256332097915
3259 0.00062166553870457
3258 0.000628114667783615
3257 0.000634603579434026
3256 0.000641132127179932
3255 0.00065430751192496
3254 0.000666491822577773
3253 0.000679990226423714
3252 0.00070164520481428
3251 0.000715513537812866
3250 0.000729531267790793
3249 0.000743696482689158
3248 0.000758007156797016
3247 0.000765216376742487
3246 0.000772461149943061
3245 0.00077974119087391
3244 0.000787056206770446
3243 0.000794405897610364
3242 0.000794405897610364
3241 0.000801789956097084
3240 0.000809208067644596
3239 0.000809208067644596
3238 0.000816659910363725
3237 0.000816659910363725
3236 0.000824145155049844
3235 0.000831663465172037
3234 0.000839214496863737
3233 0.000845850325830807
3232 0.000853476532651661
3231 0.00086113460309925
3230 0.000868824163959138
3229 0.00087654483461079
3228 0.000884296227026958
3227 0.000892957494436824
3226 0.000900757037314357
3225 0.000908585876062516
3224 0.000908585876062516
3223 0.000908585876062516
3222 0.000908585876062516
3221 0.000916443593278396
3220 0.000916443593278396
3219 0.000924329764222015
3218 0.000932243956825769
3217 0.000940185731705559
3216 0.000948154642173567
3215 0.000964172046692838
3214 0.000988390084967197
3213 0.00100465776382591
3212 0.00102101864054786
3211 0.0010457256565135
3210 0.00107061868708181
3209 0.00109568278757718
3208 0.0011209024608849
3207 0.00114585569323352
3206 0.00117174384368298
3205 0.00118879186069352
3204 0.00120588176264471
3203 0.00121444077354185
3202 0.00122300826747298
3201 0.00122300826747298
3200 0.00122300826747298
3199 0.00121444077354185
3198 0.00120588176264471
3197 0.00119733190394168
3196 0.00118026229019049
3195 0.00117174384368298
3194 0.00115474289705295
3193 0.00113779410748538
3192 0.0011293408336847
3191 0.00111247959626512
3190 0.00110407284047415
3189 0.00109568278757718
3188 0.00109568278757718
3187 0.00109568278757718
3186 0.00109568278757718
3185 0.00109568278757718
3184 0.00110357719388333
3183 0.00111200149709288
3182 0.00112044210413768
3181 0.0011293408336847
3180 0.00113779410748538
3179 0.00114626166863247
3178 0.00115474289705295
3177 0.00116323716631392
3176 0.00117174384368298
3175 0.00118026229019049
3174 0.00118879186069352
3173 0.00120588176264471
3172 0.00121444077354185
3171 0.00123158356945152
3170 0.0012573494879898
3169 0.00127455317723148
3168 0.00130038421463772
3167 0.00131761352365716
3166 0.0013434557882043
3165 0.00136927814859806
3164 0.00139506017187042
3163 0.00142050093647584
3162 0.00143755575886168
3161 0.00145456732626393
3160 0.00147152929219346
3159 0.00147998967781637
3158 0.00148843526112616
3157 0.00149686523564646
3156 0.0015052787923176
3155 0.00151367511962032
3154 0.00151367511962032
3153 0.00151310567418528
3152 0.00152145831498117
3151 0.00152979203149563
3150 0.00153810600961756
3149 0.00154639943331808
3148 0.00155467148477922
3147 0.00156292134452373
3146 0.00157935120344338
3145 0.00159651073813309
3144 0.0016046634060323
3143 0.00162088657162241
3142 0.00163699462923826
3141 0.00165298091542721
3140 0.0016609263109474
3139 0.00166883876367756
3138 0.00168456150895671
3137 0.00169237013669035
3136 0.001700142492292
3135 0.00170668341818294
3134 0.00170668341818294
3133 0.0017143547095777
3132 0.00171309692576159
3131 0.00170545233832274
3130 0.00169776988990081
3129 0.00169005040092358
3128 0.00168344546035717
3127 0.00166777501462268
3126 0.00165196951479653
3125 0.00164401819106553
3124 0.00162895540526834
3123 0.00161278896110098
3122 0.00159651073813309
3121 0.00158012738682335
3120 0.00157189836254797
3119 0.00155467148477922
3118 0.00154639943331808
3117 0.00154639943331808
3116 0.00154639943331808
3115 0.00154707182570461
3114 0.00155536975610112
3113 0.00156364554344004
3112 0.00157189836254797
3111 0.00158833178837026
3110 0.00160548999253933
3109 0.00162176404160412
3108 0.00163792304178817
3107 0.00166193117286937
3106 0.0016777732416527
3105 0.00169347681423149
3104 0.00170903520090619
3103 0.00172561144237009
3102 0.00173328023767216
3101 0.00174090852643543
3100 0.00174849547532489
3099 0.00174849547532489
3098 0.00174090852643543
3097 0.00172561144237009
3096 0.00170237037256628
3095 0.00167879487340517
3094 0.00165490762774517
3093 0.00162261230251932
3092 0.00158985701352025
3091 0.00156502102261841
3090 0.00154834789830218
3089 0.00153158990843664
3088 0.00151475368367108
3087 0.00150630829655353
3086 0.00150630829655353
3085 0.00150630829655353
3084 0.00151475368367108
3083 0.00152318116221458
3082 0.00153937689242856
3081 0.00155604438437159
3080 0.00158087783312832
3079 0.00160548999253933
3078 0.00162985834128668
3077 0.00165396029527028
3076 0.00168564275831798
3075 0.00170903520090619
3074 0.00173968972623415
3073 0.00176224998728075
3072 0.00178441636334824
3071 0.00180616674497629
3070 0.00182747923178407
3069 0.00184143357645929
3068 0.00185517732288607
3067 0.00186870418339236
3066 0.00188200793554294
3065 0.00189508242688463
3064 0.00190153179740827
3063 0.00191425102637934
3062 0.0019205193955245
3061 0.00193286996014189
3060 0.00194496744785316
3059 0.00195091949271479
3058 0.00196262664710033
3057 0.00196838036051334
3056 0.00197406657811652
3055 0.00197758782340804
3054 0.00198311670064723
3053 0.00198311670064723
3052 0.00198857627260539
3051 0.00198857627260539
3050 0.00198857627260539
3049 0.00198311670064723
3048 0.00198311670064723
3047 0.00197758782340804
3046 0.00197968461823625
3045 0.00197406657811652
3044 0.00196838036051334
3043 0.00196262664710033
3042 0.00195680612621359
3041 0.00195479264191811
3040 0.00194892733244501
3039 0.00194892733244501
3038 0.0019429968017725
3037 0.0019429968017725
3036 0.00194892733244501
3035 0.00194892733244501
3034 0.00194892733244501
3033 0.00195479264191811
3032 0.0019605920331614
3031 0.00196632481550313
3030 0.00196632481550313
3029 0.00197199030476702
3028 0.00197758782340804
3027 0.00198311670064723
3026 0.00198857627260539
3025 0.0019863759949837
3024 0.0019863759949837
3023 0.00199174520393503
3022 0.00199174520393503
3021 0.0019863759949837
3020 0.00198857627260539
3019 0.00198311670064723
3018 0.00197758782340804
3017 0.00197199030476702
3016 0.00196632481550313
3015 0.0019605920331614
3014 0.00195479264191811
3013 0.00194892733244501
3012 0.0019429968017725
3011 0.0019429968017725
3010 0.0019429968017725
3009 0.0019429968017725
3008 0.0019429968017725
3007 0.00194892733244501
3006 0.00195271935083831
3005 0.00196632481550313
3004 0.00197758782340804
3003 0.00198857627260539
3002 0.00200672878141838
3001 0.00202209505422731
3000 0.00203679545879559
2999 0.00205081380741046
2998 0.00206413458741406
2997 0.00207674298978974
2996 0.0020847458430644
2995 0.00209613603795786
2994 0.00210331457902906
2993 0.0021101569626974
2992 0.0021140501119534
2991 0.00212018642077773
2990 0.00212312550298797
2989 0.00212597803999612
2988 0.00212597803999612
2987 0.00212597803999612
2986 0.00212577008463408
2985 0.00212281967555268
2984 0.00211978277047432
2983 0.00211665975251348
2982 0.00211345101526019
2981 0.00210677800911622
2980 0.00210331457902906
2979 0.00209613603795786
2978 0.00209242182629536
2977 0.00208862493658221
2976 0.0020847458430644
2975 0.00208078502964621
2974 0.00207674298978974
2973 0.00207674298978974
2972 0.00207674298978974
2971 0.00208078502964621
2970 0.0020847458430644
2969 0.00208862493658221
2968 0.00209613603795786
2967 0.00210331457902906
2966 0.00211597233659428
2965 0.002122327693686
2964 0.00213121162068387
2963 0.00213930768567316
2962 0.00214660664157942
2961 0.00215508432154686
2960 0.00216049242547439
2959 0.00216507911222447
2958 0.00216883909773206
2957 0.0021690378934156
2956 0.00217112450979484
2955 0.0021723774430157
2954 0.00217274882132799
2953 0.00217274882132799
2952 0.0021723774430157
2951 0.00217205253906466
2950 0.00217163487681442
2949 0.00217112450979484
2948 0.00217052150340799
2947 0.00217052150340799
2946 0.00217052150340799
2945 0.00217052150340799
2944 0.00217052150340799
2943 0.00217052150340799
2942 0.00217052150340799
2941 0.00217052150340799
2940 0.00216770382522796
2939 0.00216701096557461
2938 0.00216982593491422
2937 0.00216982593491422
2936 0.0021690378934156
2935 0.00216815747983697
2934 0.00216815747983697
2933 0.00216990793775389
2932 0.00216883909773206
2931 0.00216767791223596
2930 0.00216507911222447
2929 0.00216364183078514
2928 0.00216211286995248
2927 0.00216049242547439
2926 0.00215878070470996
2925 0.00215508432154686
2924 0.00215044025519542
2923 0.00214837351796372
2922 0.00214621704638722
2921 0.0021439711147559
2920 0.0021416360085416
2919 0.0021392120243376
2918 0.00213669946979582
2917 0.00213669712652816
2916 0.00213399832401284
2915 0.00213399832401284
2914 0.00213121162068387
2913 0.00212863362516017
2912 0.00212863362516017
2911 0.00212863362516017
2910 0.00212863362516017
2909 0.00212863362516017
2908 0.0021314099352071
2907 0.00213142205061394
2906 0.00213401283701154
2905 0.0021392120243376
2904 0.0021439711147559
2903 0.00214621704638722
2902 0.00215044025519542
2901 0.00215241699503243
2900 0.00215609948685529
2899 0.00216049242547439
2898 0.00215941911589495
2897 0.00216237418777881
2896 0.00216371453573787
2895 0.0021649631927403
2894 0.00216611999912087
2893 0.00216611999912087
2892 0.00216611999912087
2891 0.00216331945253669
2890 0.00216331945253669
2889 0.00216216714485185
2888 0.00216092334194572
2887 0.0021595882024504
2886 0.0021609423201843
2885 0.00215780476943187
2884 0.00215430348572065
2883 0.00215044025519542
2882 0.0021439711147559
2881 0.0021392120243376
2880 0.00213409866356176
2879 0.00212577008463408
2878 0.00211978277047432
2877 0.00210757220035705
2876 0.00210075593807429
2875 0.00208990465033063
2874 0.00208225779877169
2873 0.00207175598567573
2872 0.00206349393467917
2871 0.00205491538660555
2870 0.00204602456829149
2869 0.00204387484521935
2868 0.00203921934365414
2867 0.00202968057354723
2866 0.0020247984722861
2865 0.00201984201877131
2864 0.00201704613037621
2863 0.00201192383158186
2862 0.00200672878141838
2861 0.00200146161117796
2860 0.00199612295974315
2859 0.00199071347345791
2858 0.00198311670064723
2857 0.00197199030476702
2856 0.0019605920331614
2855 0.00194892733244501
2854 0.00193700175315192
2853 0.00191863662251135
2852 0.00189971671531369
2851 0.00188200793554294
2850 0.00185517732288607
2849 0.00183448233350512
2848 0.00181332063700323
2847 0.00178441636334824
2846 0.00176224998728075
2845 0.00173208595618177
2844 0.00170903520090619
2843 0.00168456150895671
2842 0.00166883876367756
2841 0.00164500341039935
2840 0.00163699462923826
2839 0.00162088657162241
2838 0.00161278896110098
2837 0.0016046634060323
2836 0.0016046634060323
2835 0.0016046634060323
2834 0.0016046634060323
2833 0.00161278896110098
2832 0.00162088657162241
2831 0.00162895540526834
2830 0.00163699462923826
2829 0.00165196951479653
2828 0.00165988873224858
2827 0.00167562753337457
2826 0.00168344546035717
2825 0.00169897422927059
2824 0.00170668341818294
2823 0.0017143547095777
2822 0.00172958030505555
2821 0.00173713296506223
2820 0.00174596846904283
2819 0.00175346372495043
2818 0.0017609160984275
2817 0.00176832477058465
2816 0.0017756889246695
2815 0.0017756889246695
2814 0.00178300774621526
2813 0.00178300774621526
2812 0.0017902804231894
2811 0.0017902804231894
2810 0.0017902804231894
2809 0.00179171379831415
2808 0.00179171379831415
2807 0.00179310259457228
2806 0.00179310259457228
2805 0.00179310259457228
2804 0.00179444656958249
2803 0.00179444656958249
2802 0.00179444656958249
2801 0.00179444656958249
2800 0.00179444656958249
2799 0.00179444656958249
2798 0.00179444656958249
2797 0.00178710166799355
2796 0.00178710166799355
2795 0.00177971039348632
2794 0.0017722735714082
2793 0.0017722735714082
2792 0.00176479202953159
2791 0.00175726659790186
2790 0.00175726659790186
2789 0.00174969810868546
2788 0.00173443529585392
2787 0.00172674264581303
2786 0.00171123905401198
2785 0.00169558334918814
2784 0.00167978227696349
2783 0.00165582288985074
2782 0.0016234313784576
2781 0.00159883309704513
2780 0.00156567251015906
2779 0.00153214648763575
2778 0.00149830842160185
2777 0.00147275691987079
2776 0.0014642111791408
2775 0.00145565250684069
2774 0.00144708171154914
2773 0.00143849959865863
2772 0.00143017283193714
2771 0.00142154857698735
2770 0.00141291550137336
2769 0.00139544722102566
2768 0.00137817484511386
2767 0.00136088245234336
2766 0.00134362787619058
2765 0.00132627244676051
2764 0.0013175938947574
2763 0.00130023884992553
2762 0.00128298230541356
2761 0.0012656878668942
2760 0.00123959462011512
2759 0.00120507745819678
2758 0.0011625069157017
2757 0.00111153411942807
2756 0.00106115439543852
2755 0.00101149300171991
2754 0.00096266617713044
2753 0.000914780862158021
2752 0.000883428896031441
2751 0.000852565388661333
2750 0.000822214936757014
2749 0.000799802511977336
2748 0.000785032743304464
2747 0.000770403364205382
2746 0.000747720565355557
2745 0.000726352476951881
2744 0.000705321710531044
2743 0.000677816201424138
2742 0.000650934813151707
2741 0.000624689078497489
2740 0.000592790542223151
2739 0.00056800821423589
2738 0.000549855177415591
2737 0.000526233115966786
2736 0.000508954849305407
2735 0.000503279095310566
2734 0.000497645212185676
2733 0.000497645212185676
2732 0.000497645212185676
2731 0.000503279095310566
2730 0.000503279095310566
2729 0.000498794958689726
2728 0.000482144930580142
2727 0.000465870580361837
2726 0.000439580460232503
2725 0.000419296384222827
2724 0.000394870662557325
2723 0.000371468778901967
2722 0.000353476495794021
2721 0.000331885782396833
2720 0.0003153228163496
2719 0.000299380640165286
2718 0.000287825390786672
2717 0.000276609202640965
2716 0.000269317792254584
2715 0.00026217354009974
2714 0.000258656136667473
2713 0.000258656136667473
2712 0.000255174964359926
2711 0.000255174964359926
2710 0.000251729832553521
2709 0.000248320548582118
2708 0.000244946917797469
2707 0.000238305827644822
2706 0.000228606617771828
2705 0.000222313052393636
2704 0.000216155612614741
2703 0.000210132614260888
2702 0.000201346457723151
2701 0.000195652057700502
2700 0.000186485910952958
2699 0.000179332106278873
2698 0.000171590429529527
2697 0.000163310808871972
2696 0.000156123411426298
2695 0.000149194519120427
2694 0.000144715798613456
2693 0.000140347356633951
2692 0.000138203912807472
2691 0.000136087345919278
2690 0.000133997425189656
2689 0.000134723910309023
2688 0.000130610440696998
2687 0.000128592761966221
2686 0.000126600815108123
2685 0.000123939447422408
2684 0.000120094722476279
2683 0.000118209685597047
2682 0.000116349227829619
2681 0.000114513121252703
2680 0.000112701138416961
2679 0.000110913052376415
2678 0.000110913052376415
2677 0.000110913052376415
2676 0.000110913052376415
2675 0.000110913052376415
2674 0.000110913052376415
2673 0.000110913052376415
2672 0.000109148636719252
2671 0.000107407665598027
2670 0.000107407665598027
2669 0.000105689913759261
2668 0.000102323170058456
2667 9.74416051127088e-05
2666 9.27569812309739e-05
2665 8.82633723694277e-05
2664 8.39549218774031e-05
2663 8.25589164431502e-05
2662 8.1182628879161e-05
2661 8.39549218774031e-05
2660 8.68069361639408e-05
2659 9.12381784189729e-05
2658 9.74416051127088e-05
2657 0.000102323170058456
2656 0.000107407665598027
2655 0.000112701138416961
2654 0.000114513121252703
2653 0.000114513121252703
2652 0.000114513121252703
2651 0.000112701138416961
2650 0.000110913052376415
2649 0.000110913052376415
2648 0.000110913052376415
2647 0.000112701138416961
2646 0.000116349227829619
2645 0.000118209685597047
2644 0.000122004566828548
2643 0.000125899593400508
2642 0.000131933919963309
2641 0.000138203912807472
2640 0.000142517908264742
2639 0.000149194519120427
2638 0.000156123411426298
2637 0.000160885903440126
2636 0.000165765126695295
2635 0.000173306843637394
2634 0.000178485905486333
2633 0.000183788086462117
2632 0.000191976150191879
2631 0.000200451326468303
2630 0.000209219579433609
2629 0.00022137662631122
2628 0.000234078790691466
2627 0.00024397115382487
2626 0.000250743264462974
2625 0.000257658981897736
2624 0.000257658981897736
2623 0.000254183074918168
2622 0.000247339356199733
2621 0.000240638459123981
2620 0.000230851411514052
2619 0.000218286787290171
2618 0.000209219579433609
2617 0.000200451326468303
2616 0.000189215190976835
2615 0.000173306843637394
2614 0.000158490180900672
2613 0.000140347356633951
2612 0.000122004566828548
2611 0.000108046427972944
2610 9.42970073625258e-05
2609 8.73671193542268e-05
2608 8.31015347816656e-05
2607 8.17194465529259e-05
2606 8.17194465529259e-05
2605 8.45033683902484e-05
2604 8.88294629250919e-05
2603 9.48869735703125e-05
2602 9.96547301325167e-05
2601 0.00010632250947904
2600 0.000113358498996065
2599 0.000118885774455168
2598 0.000124634371298209
2597 0.000130610440696998
2596 0.000136820159966081
2595 0.000143269724040852
2594 0.000149965336513996
2593 0.000156913200230542
2592 0.000161688307600339
2591 0.000166580109197905
2590 0.000169070340744928
2589 0.000169070340744928
2588 0.000171590429529527
2587 0.000174140602516805
2586 0.000176721086145079
2585 0.000179332106278873
2584 0.000184646656366009
2583 0.000187350634748254
2582 0.000192853113579045
2581 0.000198483099244006
2580 0.000201346457723151
2579 0.000204242351629287
2578 0.000207170998378971
2577 0.000210132614260888
2576 0.000210132614260888
2575 0.000207170998378971
2574 0.000204242351629287
2573 0.000198483099244006
2572 0.000195652057700502
2571 0.000190086046395815
2570 0.000187350634748254
2569 0.000182856706221121
2568 0.000182856706221121
2567 0.00018020854364782
2566 0.00018020854364782
2565 0.00018020854364782
2564 0.000182856706221121
2563 0.000185535834420153
2562 0.000188246150697408
2561 0.000190987876722047
2560 0.000196566440474669
2559 0.00020227328146222
2558 0.000208110139698126
2557 0.000214078737757363
2556 0.000220180779075671
2555 0.000223282367621407
2554 0.000228606617771828
2553 0.000231804967539317
2552 0.000235037969608247
2551 0.000238305827644822
2550 0.000238305827644822
2549 0.000238305827644822
2548 0.000239304273240196
2547 0.000236030682303417
2546 0.000229587721630494
2545 0.000225442715011534
2544 0.000219217421539804
2543 0.000210132614260888
2542 0.000204242351629287
2541 0.000198483099244006
2540 0.000192853113579045
2539 0.000184646656366009
2538 0.00018197388816132
2537 0.000176721086145079
2536 0.000174140602516805
2535 0.000171590429529527
2534 0.000171590429529527
2533 0.000171590429529527
2532 0.000171590429529527
2531 0.000174140602516805
2530 0.000176721086145079
2529 0.000176721086145079
2528 0.000179332106278873
2527 0.00018197388816132
2526 0.000185535834420153
2525 0.000185535834420153
2524 0.000188246150697408
2523 0.000188246150697408
2522 0.000185535834420153
2521 0.000182856706221121
2520 0.000179332106278873
2519 0.000176721086145079
2518 0.000174140602516805
2517 0.000169070340744928
2516 0.000166580109197905
2515 0.000161688307600339
2514 0.000159286281400733
2513 0.000157731503540171
2512 0.000155380624429633
2511 0.000153058225924292
2510 0.000153058225924292
2509 0.000153058225924292
2508 0.000155380624429633
2507 0.000155380624429633
2506 0.000157731503540171
2505 0.000160111091204765
2504 0.000159286281400733
2503 0.000160111091204765
2502 0.000160111091204765
2501 0.000160111091204765
2500 0.000157731503540171
2499 0.000155380624429633
2498 0.00015076407984437
2497 0.0001440488717789
2496 0.000135476928852798
2495 0.000127327766411738
2494 0.000119586786100013
2493 0.000112239458785324
2492 0.0001035869102638
2491 9.70727682317659e-05
2490 8.94168645995944e-05
2489 8.36646769112431e-05
2488 7.95589047382109e-05
2487 7.56254539494039e-05
2486 7.18587626718874e-05
2485 7.06393078614505e-05
2484 6.9437572413919e-05
2483 6.9437572413919e-05
2482 7.06393078614505e-05
2481 7.18587626718874e-05
2480 7.4351633521209e-05
2479 7.50978486246237e-05
2478 7.76895525680913e-05
2477 8.0356893038273e-05
2476 8.22765925467511e-05
2475 8.50725347328008e-05
2474 8.50725347328008e-05
2473 8.65003771007595e-05
2472 8.50725347328008e-05
2471 8.50725347328008e-05
2470 8.36646769112431e-05
2469 8.0356893038273e-05
2468 7.90136645841606e-05
2467 7.6917802487969e-05
2466 7.4351633521209e-05
2465 7.18587626718874e-05
2464 6.9437572413919e-05
2463 6.70864633597388e-05
2462 6.59366945506642e-05
2461 6.48038547268319e-05
2460 6.3687749268849e-05
2459 6.25881847728365e-05
2458 6.25881847728365e-05
2457 6.25881847728365e-05
2456 6.3687749268849e-05
2455 6.3687749268849e-05
2454 6.48038547268319e-05
2453 6.48038547268319e-05
2452 6.59366945506642e-05
2451 6.70864633597388e-05
2450 6.70864633597388e-05
2449 6.82533569765692e-05
2448 6.9437572413919e-05
2447 6.9437572413919e-05
2446 7.06393078614505e-05
2445 7.06393078614505e-05
2444 7.06393078614505e-05
2443 7.06393078614505e-05
2442 7.01347772245606e-05
2441 7.01347772245606e-05
2440 7.01347772245606e-05
2439 7.06393078614505e-05
2438 7.06393078614505e-05
2437 6.9437572413919e-05
2436 6.9437572413919e-05
2435 6.82533569765692e-05
2434 6.70864633597388e-05
2433 6.70864633597388e-05
2432 6.54547118177439e-05
2431 6.43274236896687e-05
2430 6.32168350925459e-05
2429 6.21227522847915e-05
2428 6.25881847728365e-05
2427 6.15049690623525e-05
2426 6.04379111998474e-05
2425 5.93868214976601e-05
2424 5.93868214976601e-05
2423 5.93868214976601e-05
2422 5.83515115285564e-05
2421 5.83515115285564e-05
2420 5.83515115285564e-05
2419 5.79076477761124e-05
2418 5.79076477761124e-05
2417 5.79076477761124e-05
2416 5.79076477761124e-05
2415 5.79076477761124e-05
2414 5.68932316036573e-05
2413 5.68932316036573e-05
2412 5.7331794135818e-05
2411 5.6327483442885e-05
2410 5.53383948625598e-05
2409 5.53383948625598e-05
2408 5.43643451057739e-05
2407 5.34051521899281e-05
2406 5.20480203768834e-05
2405 5.11230766605305e-05
2404 5.0212413523183e-05
2403 4.93158541065834e-05
2402 4.88257632489113e-05
2401 4.88257632489113e-05
2400 4.79519638513379e-05
2399 4.79519638513379e-05
2398 4.79519638513379e-05
2397 4.79519638513379e-05
2396 4.88257632489113e-05
2395 4.88257632489113e-05
2394 4.97133554419031e-05
2393 5.06149144223482e-05
2392 5.15306155300705e-05
2391 5.24606354468059e-05
2390 5.29874228776043e-05
2389 5.39414637086436e-05
2388 5.49103237496141e-05
2387 5.58941852064519e-05
2386 5.68932316036573e-05
2385 5.79076477761124e-05
2384 5.93868214976601e-05
2383 6.04379111998474e-05
2382 6.15049690623525e-05
2381 6.15049690623525e-05
2380 6.25881847728365e-05
2379 6.21227522847915e-05
2378 6.25881847728365e-05
2377 6.21227522847915e-05
2376 6.21227522847915e-05
2375 6.21227522847915e-05
2374 6.21227522847915e-05
2373 6.10449827655666e-05
2372 6.10449827655666e-05
2371 6.04379111998474e-05
2370 5.83515115285564e-05
2369 5.7331794135818e-05
2368 5.6327483442885e-05
2367 5.43643451057739e-05
2366 5.24606354468059e-05
2365 5.06149144223482e-05
2364 4.88257632489113e-05
2363 4.6245054245782e-05
2362 4.34202718131173e-05
2361 4.10880300136233e-05
2360 3.92020969725908e-05
2359 3.70728280323555e-05
2358 3.43919749855511e-05
2357 3.18831198502551e-05
2356 2.95370285689831e-05
2355 2.68198068506108e-05
2354 2.45678000908415e-05
2353 2.22593854510599e-05
2352 2.0146229123061e-05
2351 1.82141146693302e-05
2350 1.64496272985078e-05
2349 1.48401317715641e-05
2348 1.33737484605957e-05
2347 1.20393278855848e-05
2346 1.08264240336659e-05
