717647.689454057 2260436.45497346
1303 1.16551278455703e-05
1302 1.32419688061838e-05
1301 1.50242591069205e-05
1300 1.66925801682863e-05
1299 1.88963927319844e-05
1298 2.09952234775996e-05
1297 2.27728909775845e-05
1296 2.56959790609535e-05
1295 2.78289513339427e-05
1294 3.13288788628879e-05
1293 3.38774358361347e-05
1292 3.66108499806938e-05
1291 4.0141443612822e-05
1290 4.4985060974584e-05
1289 4.84975766343909e-05
1288 5.30560994645843e-05
1287 5.71128558456144e-05
1286 6.14423735472947e-05
1285 6.60598587616783e-05
1284 7.09811197825403e-05
1283 7.62225723298853e-05
1282 8.35884739926953e-05
1281 8.96482262649357e-05
1280 9.60885289285282e-05
1279 0.000101725071422996
1278 0.00011268940398677
1277 0.000120555437664888
1276 0.00013324253660765
1275 0.000147061701218682
1274 0.000162090247320572
1273 0.000172820565122318
1272 0.000191870267562084
1271 0.000217218244564996
1270 0.000238021357588236
1269 0.000262852595717099
1268 0.0002956318988
1267 0.000331690102017161
1266 0.000371240994519929
1265 0.000414497141039434
1264 0.000458447760126673
1263 0.000523033999722027
1262 0.000579598694212922
1261 0.00066042951493629
1260 0.000745110712623806
1259 0.000841699157326126
1258 0.000925891673478474
1257 0.000988950259840641
1256 0.00101060497365187
1255 0.00101060497365187
1254 0.000988950259840641
1253 0.00096761348600036
1252 0.000930776112458654
1251 0.000890290321797887
1250 0.00083190152974633
1249 0.000799556270652375
1248 0.000763346584241463
1247 0.000728341058311644
1246 0.000694525366702484
1245 0.000678058839858792
1244 0.000661883760016161
1243 0.00064599795299221
1242 0.000630399168457773
1241 0.000630399168457773
1240 0.000630399168457773
1239 0.000630399168457773
1238 0.000630399168457773
1237 0.00064599795299221
1236 0.000657100303840881
1235 0.000673239071035711
1234 0.000673239071035711
1233 0.000689670591618526
1232 0.000711285435406229
1231 0.000728341058311644
1230 0.000745694162034095
1229 0.000763346584241463
1228 0.000781300070423203
1227 0.000799556270652375
1226 0.000813057978678487
1225 0.00083190152974633
1224 0.000851053929444649
1223 0.000870516467484506
1222 0.000890290321797887
1221 0.000895428647387916
1220 0.000895428647387916
1219 0.000890290321797887
1218 0.000890290321797887
1217 0.000870516467484506
1216 0.000846233207301012
1215 0.000808279720957096
1214 0.000771562455509784
1213 0.00071877595110768
1212 0.000668691810611264
1211 0.00060601709055932
1210 0.000562005682751279
1209 0.00050718227313351
1208 0.000456602791750613
1207 0.000421338475216786
1206 0.000374366274718544
1205 0.000344233487100808
1204 0.000316094497549614
1203 0.00029839870801918
1202 0.000284399484695784
1201 0.000268221692207814
1200 0.000260422266192319
1199 0.000252811470984061
1198 0.000245386057734907
1197 0.000245386057734907
1196 0.000235550084693467
1195 0.000228532392392862
1194 0.000221690164332159
1193 0.000224189817725715
1192 0.000217473716431953
1191 0.0002135055864601
1190 0.000203459443330605
1189 0.000203459443330605
1188 0.000197303787267224
1187 0.000191305768100828
1186 0.000188758021083191
1185 0.000192271452361248
1184 0.000199989352700549
1183 0.000217218244564996
1182 0.000248656479479348
1181 0.000293400209723362
1180 0.000376515799133363
1179 0.000534072611404565
1178 0.000814484300167526
1177 0.00136891939158405
1176 0.00220557146667088
1175 0.003100159525323
1174 0.00359529043381113
1173 0.00379539390140875
1172 0.00376274998100881
1171 0.0036293048138021
1170 0.00342099865138088
1169 0.00320723680255905
1168 0.00302661153040873
1167 0.0028467079413179
1166 0.00266825695434643
1165 0.00252895264266412
1164 0.00242434496181323
1163 0.0023571615411544
1162 0.00229111752653556
1161 0.002257305345405
1160 0.002257305345405
1159 0.002257305345405
1158 0.00229111752653556
1157 0.00232292711875179
1156 0.00239153789608825
1155 0.00242604775486303
1154 0.00249543335466846
1153 0.0025302913318273
1152 0.00260142291235403
1151 0.00263742999167884
1150 0.00267321868056309
1149 0.00267321868056309
1148 0.00270873899859427
1147 0.00270873899859427
1146 0.00270873899859427
1145 0.00270873899859427
1144 0.00270873899859427
1143 0.00267501556161267
1142 0.00264061890990421
1141 0.00260627903136002
1140 0.00253780685479334
1139 0.00250369280522562
1138 0.00243575322372598
1137 0.00236587303772497
1136 0.00226516184390027
1135 0.00219877857006637
1134 0.00209713332670965
1133 0.00199667768640294
1132 0.00190138277410801
1131 0.00183519897511383
1130 0.00177365023272666
1129 0.00171313105107389
1128 0.00168326913218026
1127 0.00167932012761187
1126 0.00164966988632293
1125 0.00167560594263213
1124 0.00167213432557853
1123 0.00169899620528394
1122 0.00169899620528394
1121 0.00172648283417681
1120 0.00175716493847822
1119 0.00182205600096829
1118 0.0018534784907249
1117 0.0018851537690323
1116 0.00191707635884209
1115 0.00195193801395525
1114 0.00198426782849821
1113 0.00201682490146371
1112 0.00204960293054834
1111 0.00208259540842662
1110 0.00211347254207965
1109 0.0021469555112979
1108 0.00218063451140041
1107 0.00221450220787996
1106 0.00224671895702834
1105 0.00228102466567792
1104 0.00228102466567792
1103 0.00231549793884036
1102 0.0023501306224367
1101 0.00238491436567721
1100 0.00238491436567721
1099 0.00241984062329604
1098 0.00242123503833179
1097 0.00245620149308306
1096 0.00245620149308306
1095 0.00245620149308306
1094 0.00245620149308306
1093 0.00245620149308306
1092 0.0024912908480966
1091 0.0024912908480966
1090 0.0024912908480966
1089 0.0024912908480966
1088 0.00249008554292062
1087 0.00249008554292062
1086 0.00249008554292062
1085 0.00249008554292062
1084 0.00249008554292062
1083 0.00248897758050809
1082 0.00248897758050809
1081 0.002524366670124
1080 0.002524366670124
1079 0.0025598639230325
1078 0.00259545982978976
1077 0.0026311447020003
1076 0.00266690867584907
1075 0.00270329367888096
1074 0.00277492787752841
1073 0.0028467079413179
1072 0.0029185481836088
1071 0.00299036061618557
1070 0.00306205511039289
1069 0.00316917376077427
1068 0.00327550124939765
1067 0.00338071185477684
1066 0.00351868132289167
1065 0.00365575789756434
1064 0.0037543669923796
1063 0.00388160172370039
1062 0.00400325315411763
1061 0.00411853698495819
1060 0.00425253239722951
1059 0.00435076044931482
1058 0.00444028193381982
1057 0.00452047169406889
1056 0.00459076218255013
1055 0.00465065014495265
1054 0.00469970261794875
1053 0.00473076203003018
1052 0.00475703586473111
1051 0.00476912675695065
1050 0.00477463277145232
1049 0.00477353106024586
1048 0.00475817562578407
1047 0.00474396832100817
1046 0.00473089154066603
1045 0.00471495775080965
1044 0.0047059283810359
1043 0.00470354775037774
1042 0.0046930669152893
1041 0.00468188908842781
1040 0.00468188908842781
1039 0.00468188908842781
1038 0.00468188908842781
1037 0.00468188908842781
1036 0.0046930669152893
1035 0.00470354775037774
1034 0.00471332680890482
1033 0.00472239961998264
1032 0.00473841020594225
1031 0.00474534063801763
1030 0.00474942764180808
1029 0.00475416413478716
1028 0.00476146027229851
1027 0.00475746590164749
1026 0.00475892011710358
1025 0.00475746590164749
1024 0.00475310592098289
1023 0.00474584816407839
1022 0.00473570591877496
1021 0.00472269773124752
1020 0.00471512612907202
1019 0.00469786516194433
1018 0.00468576529111137
1017 0.0046628275231515
1016 0.00465033096007509
1015 0.00462331076468152
1014 0.00460879933229985
1013 0.00457780645382821
1012 0.00456133891175968
1011 0.00454423369274486
1010 0.00452649842405683
1009 0.00450814099305953
1008 0.00450109589162711
1007 0.00448222052198906
1006 0.00445533155694968
1005 0.00445533155694968
1004 0.00445533155694968
1003 0.00445533155694968
1002 0.00445533155694968
1001 0.00445533155694968
1000 0.00448222052198906
999 0.00450109589162711
998 0.00452649842405683
997 0.00454423369274486
996 0.00456804943922278
995 0.00458459458539933
994 0.00461573404030222
993 0.00463031433527047
992 0.00465033096007509
991 0.00467464075305163
990 0.00468818365109181
989 0.00469786516194433
988 0.00471512612907202
987 0.00473778867654659
986 0.00474942764180808
985 0.00475416413478716
984 0.00476146027229851
983 0.00475746590164749
982 0.00475855652157203
981 0.00474660313749555
980 0.00473685837532753
979 0.00472066154246777
978 0.00469807897603335
977 0.00468818365109181
976 0.00466674055553211
975 0.00465498868733057
974 0.00465498868733057
973 0.00465498868733057
972 0.00465819860069516
971 0.00466920291310089
970 0.00467952080310281
969 0.00469807897603335
968 0.00470631085725283
967 0.00472269773124752
966 0.00472955870468664
965 0.00473778867654659
964 0.00473089154066603
963 0.00472239961998264
962 0.00468847620979648
961 0.00461232835921313
960 0.00447074148772387
959 0.00423778468809222
958 0.00385787246043131
957 0.00335131364776389
956 0.00284603921374525
955 0.0025218861461729
954 0.00241546121822826
953 0.00238025402828971
952 0.00241546121822826
951 0.00248707361561304
950 0.00255901875372787
949 0.00266690867584907
948 0.00277492787752841
947 0.00291846830314613
946 0.00306087395976369
945 0.00320250320891284
944 0.00330769786696938
943 0.00344363648462405
942 0.00354496355205342
941 0.00360806173063801
940 0.00364075591843994
939 0.00367318943866241
938 0.00367318943866241
937 0.00364427577103435
936 0.00357830789626741
935 0.00347761556596738
934 0.00337715903892279
933 0.00323625928282556
932 0.00306017937109622
931 0.00288266869920181
930 0.00267060904017754
929 0.00246068250536469
928 0.00225491685473281
927 0.00205226784139224
926 0.00185948635119528
925 0.00167560594263213
924 0.00150165695152663
923 0.00133841104460533
922 0.00121093378442516
921 0.00111902882713292
920 0.0010279445759702
919 0.000941986438735153
918 0.000880865340186329
917 0.000837456625502025
916 0.000818363488892194
915 0.000799583925796656
914 0.000781116392022019
913 0.000781116392022019
912 0.000803786845548247
911 0.000803786845548247
910 0.000803786845548247
909 0.000803786845548247
908 0.000803786845548247
907 0.000785297350688933
906 0.000745110712623806
905 0.000710332052917787
904 0.00066042951493629
903 0.000598027255938392
902 0.000543915767389064
901 0.000490338115053976
900 0.000432845082144733
899 0.000377720109742309
898 0.000328374088080217
897 0.000289859925712358
896 0.000273384020749293
895 0.000257688304557209
894 0.000250124789266425
893 0.000250124789266425
892 0.000260422266192319
891 0.000276213008741609
890 0.000301371025998275
889 0.000328374088080217
888 0.000347444972908078
887 0.000377720109742309
886 0.000384868972866528
885 0.000395606338817132
884 0.000384868972866528
883 0.000374366274718544
882 0.000357310910712587
881 0.000328374088080217
880 0.000301371025998275
879 0.000276213008741609
878 0.000252811470984061
877 0.000231078445669975
876 0.000215020190583799
875 0.000215020190583799
874 0.000215020190583799
873 0.000221690164332159
872 0.000242746468958013
871 0.000268221692207814
870 0.000301371025998275
869 0.000337800457162738
868 0.000388269870645012
867 0.000440967095669511
866 0.000490338115053976
865 0.000543915767389064
864 0.000601885901286843
863 0.0006483503054112
862 0.000680786406551153
861 0.00070178365238941
860 0.00071877595110768
859 0.000736068571548894
858 0.000736068571548894
857 0.000714411871722182
856 0.000714411871722182
855 0.000714411871722182
854 0.000714411871722182
853 0.000697449376242436
852 0.000697449376242436
851 0.000697449376242436
850 0.00070178365238941
849 0.00070178365238941
848 0.00070178365238941
847 0.000697449376242436
846 0.000697449376242436
845 0.00067676449456757
844 0.00066042951493629
843 0.000644390707482171
842 0.000617085292496661
841 0.000601885901286843
840 0.000591065627357516
839 0.000576396032215663
838 0.000562005682751279
837 0.000547891896997588
836 0.000543915767389064
835 0.000543915767389064
834 0.000543915767389064
833 0.000562005682751279
832 0.000576396032215663
831 0.000595427112401029
830 0.000625692046096779
829 0.000641252063106851
828 0.000673239071035711
827 0.000685089644339498
826 0.00070178365238941
825 0.00071877595110768
824 0.00071877595110768
823 0.00071877595110768
822 0.00071877595110768
821 0.00070178365238941
820 0.000685089644339498
819 0.000668691810611264
818 0.000652587952857146
817 0.0006325726033612
816 0.000601885901286843
815 0.000586971889566113
814 0.000568553783270992
813 0.000557989519994566
812 0.000543915767389064
811 0.000534051936489861
810 0.000534051936489861
809 0.000520483009316567
808 0.00050718227313351
807 0.000490338115053976
806 0.000465138837288258
805 0.000452926065465531
804 0.000417798038951986
803 0.000395606338817132
802 0.000364094981394082
801 0.000337800457162738
800 0.000310162659260386
799 0.000276213008741609
798 0.000245386057734907
797 0.000215020190583799
796 0.000184143204562289
795 0.000162222728729893
794 0.000137982898045244
793 0.000120895727288946
792 0.000105667922440377
791 9.21344211542362e-05
790 8.14049831994796e-05
789 7.32369914313396e-05
788 6.57991092576781e-05
787 6.24175160491371e-05
786 6.01917955885097e-05
785 6.01917955885097e-05
784 6.01917955885097e-05
783 6.47157251841868e-05
782 6.95374846063224e-05
781 7.58757297525943e-05
780 8.14049831994796e-05
779 9.0361098485393e-05
778 9.5367629794776e-05
777 0.000102131948514185
776 0.000104242403757404
775 0.000107850114644502
774 0.000104242403757404
773 9.73405266666312e-05
772 9.21344211542362e-05
771 8.30022044336398e-05
770 7.20650663815805e-05
769 6.24175160491371e-05
768 5.39305312794161e-05
767 4.47727244894066e-05
766 3.84743617572499e-05
765 3.36659210273185e-05
764 3.05093540938646e-05
763 2.71128355364068e-05
762 2.55675324338347e-05
761 2.45705776675304e-05
760 2.45705776675304e-05
759 2.45705776675304e-05
758 2.45705776675304e-05
757 2.55675324338347e-05
756 2.66009232481874e-05
755 2.71128355364068e-05
754 2.93368061347496e-05
753 3.1122376305907e-05
752 3.2355854566962e-05
751 3.36331423909909e-05
750 3.49555760376833e-05
749 3.63245235687388e-05
748 3.63245235687388e-05
747 3.77413852562004e-05
746 3.70293675303459e-05
745 3.563324076619e-05
744 3.563324076619e-05
743 3.42845543170193e-05
742 3.2355854566962e-05
741 2.99314027337505e-05
740 2.8276423993952e-05
739 2.61357058983163e-05
738 2.26815018850597e-05
737 2.00939268346016e-05
736 1.77773834344477e-05
735 1.5706552771133e-05
734 1.32876192232739e-05
733 1.17026328721097e-05
