140620.134386185 -165781.21903409
1308 1.07089064195384e-05
1307 1.18692655322516e-05
1306 1.31430291937931e-05
1305 1.465259261154e-05
1304 1.6070057843473e-05
1303 1.77446640119766e-05
1302 1.9102419563817e-05
1301 2.05532255188845e-05
1300 2.19580330881553e-05
1299 2.3603315994059e-05
1298 2.5210341758513e-05
1297 2.64390628746066e-05
1296 2.83828289729887e-05
1295 2.97486904474561e-05
1294 3.19076446708003e-05
1293 3.34234877923018e-05
1292 3.50031175557887e-05
1291 3.68455387688873e-05
1290 3.94532482355884e-05
1289 4.12813536993514e-05
1288 4.34252304710628e-05
1287 4.54130779884585e-05
1286 4.74807937686968e-05
1285 4.96310232608432e-05
1284 5.18664727247362e-05
1283 5.41899093913353e-05
1282 5.75491441644715e-05
1281 6.00957400982294e-05
1280 6.27402989098458e-05
1279 6.51868156887423e-05
1278 6.9487640231602e-05
1277 7.24900699119118e-05
1276 7.72046728749037e-05
1275 8.21824376213406e-05
1274 8.74348991491997e-05
1273 9.10949776901631e-05
1272 9.7223975653846e-05
1271 0.00010537388973514
1270 0.000111862672347657
1269 0.00011917465367983
1268 0.00012884708338386
1267 0.000139174025941007
1266 0.000150187812997273
1265 0.000161921344248456
1264 0.000173793343092819
1263 0.000190478894716895
1262 0.000204757202890539
1261 0.000224532198145593
1260 0.000245049035588339
1259 0.00026788564736029
1258 0.000287553928936595
1257 0.000302301547269469
1256 0.000307347726008517
1255 0.000307347726008517
1254 0.000302301547269469
1253 0.000297320856744721
1252 0.000288545192911746
1251 0.000279018325321496
1250 0.000265198580936361
1249 0.000257288290244697
1248 0.000248606899217062
1247 0.000240162540658788
1246 0.000231951026282566
1245 0.000227931272046708
1244 0.000223968150779989
1243 0.000220061134885844
1242 0.00021620969624993
1241 0.00021620969624993
1240 0.00021620969624993
1239 0.00021620969624993
1238 0.00021620969624993
1237 0.000220061134885844
1236 0.000223042342613031
1235 0.000226996740240396
1234 0.000226996740240396
1233 0.000231007781277416
1232 0.000236027940433327
1231 0.000240162540658788
1230 0.00024435535219545
1229 0.000248606899217062
1228 0.000252917704693025
1227 0.000257288290244697
1226 0.000260715422860223
1225 0.000265198580936361
1224 0.000269743106186166
1223 0.000274349515904405
1222 0.000279018325321496
1221 0.000280056062977088
1220 0.000280056062977088
1219 0.000279018325321496
1218 0.000279018325321496
1217 0.000274349515904405
1216 0.000268783647585079
1215 0.000259772067261185
1214 0.000251003985054564
1213 0.000238299243582918
1212 0.000226118694112378
1211 0.000210668610810145
1210 0.000199655404558554
1209 0.000185709596448774
1208 0.000172576579741755
1207 0.000163239857980784
1206 0.000150795235226098
1205 0.000142448383613582
1204 0.000134492727951784
1203 0.000129399511707556
1202 0.000125049504090941
1201 0.000120265571383775
1200 0.00011793234958781
1199 0.000115637640886994
1198 0.000113380961279835
1197 0.000113380961279835
1196 0.00011062463378653
1195 0.000108449469596777
1194 0.00010631085607138
1193 0.000106834299859155
1192 0.000104724954132843
1191 0.00010319702418288
1190 9.97070416537457e-05
1189 9.97070416537457e-05
1188 9.77229309122733e-05
1187 9.57727308853518e-05
1186 9.5221112444136e-05
1185 9.66394520243259e-05
1184 9.96417611961441e-05
1183 0.00010537388973514
1182 0.000115530799867993
1181 0.000129195844189829
1180 0.000152906023448267
1179 0.000194364832835891
1178 0.000262582194084466
1177 0.000390017622076004
1176 0.000584404684313475
1175 0.000817814104264302
1174 0.00097135133431156
1173 0.00104198231894314
1172 0.00103001566893526
1171 0.000982926760476746
1170 0.000915123889019056
1169 0.000850351735144593
1168 0.000799548070145977
1167 0.000750303908964815
1166 0.000703242308225061
1165 0.000668399201168318
1164 0.000641636566606842
1163 0.000625326001282231
1162 0.000609418553779839
1161 0.000600990005593165
1160 0.000600990005593165
1159 0.000600990005593165
1158 0.000609418553779839
1157 0.000616735022466271
1156 0.000633999564724938
1155 0.000642755836585259
1154 0.000660516936017863
1153 0.000669521945855725
1152 0.000688985785746607
1151 0.000699525302954386
1150 0.000710227226462082
1149 0.000710227226462082
1148 0.000721090017231145
1147 0.000721090017231145
1146 0.000721090017231145
1145 0.000721090017231145
1144 0.000721090017231145
1143 0.000713189552073993
1142 0.000703851386646104
1141 0.000694595248827135
1140 0.000676328988784614
1139 0.000667318798175838
1138 0.000649544022526843
1137 0.000630585524616916
1136 0.000605032450800747
1135 0.000588404127356003
1134 0.000562659344883725
1133 0.000537739613985155
1132 0.000514873000355633
1131 0.000498804053992886
1130 0.000484281280520143
1129 0.000470071529763933
1128 0.000463083216835298
1127 0.000461962162998184
1126 0.000455056226775942
1125 0.00046091685349896
1124 0.000459947626217865
1123 0.000466024961703688
1122 0.000466024961703688
1121 0.000472249641935623
1120 0.000479372681885077
1119 0.000494689438427722
1118 0.00050205317163027
1117 0.000509496583893018
1116 0.000517019975460491
1115 0.000525549301699265
1114 0.000533236608318614
1113 0.000541004616013199
1112 0.000548853582272087
1111 0.000556783753974873
1110 0.000563855447651654
1109 0.000571946254713113
1108 0.000580119073863653
1107 0.000588374109859338
1106 0.000595843671433557
1105 0.000604261921117112
1104 0.000604261921117112
1103 0.000612763060292088
1102 0.000621347247960657
1101 0.000630014630599418
1100 0.000630014630599418
1099 0.000638765341949219
1098 0.000639640848378627
1097 0.000648476128243034
1096 0.000648476128243034
1095 0.000648476128243034
1094 0.000648476128243034
1093 0.000648476128243034
1092 0.000657394825026417
1091 0.000657394825026417
1090 0.000657394825026417
1089 0.000657394825026417
1088 0.000656517220811507
1087 0.000656517220811507
1086 0.000656517220811507
1085 0.000656517220811507
1084 0.000656517220811507
1083 0.000655721909082763
1082 0.000655721909082763
1081 0.000664722502302224
1080 0.000664722502302224
1079 0.000673806958561984
1078 0.000682975346744618
1077 0.00069222772174357
1076 0.000701564124259791
1075 0.000711782547574254
1074 0.000730875435450901
1073 0.000750303908964815
1072 0.000770067625570279
1071 0.000790165993931333
1070 0.000810598167932669
1069 0.000841869820856622
1068 0.0008738851193654
1067 0.000906637809437929
1066 0.000951441626952622
1065 0.000996778292476112
1064 0.00103217170047681
1063 0.0010804343787915
1062 0.00112988862567375
1061 0.0011804936997816
1060 0.00124529795547411
1059 0.00129831657184459
1058 0.00135231766404267
1057 0.00140723826609973
1056 0.00146301017385014
1055 0.00151955999431886
1054 0.00157680922200058
1053 0.0016349869491253
1052 0.00169332431252726
1051 0.0017373659010884
1050 0.00178160951040421
1049 0.00182601285500896
1048 0.00187061476574316
1047 0.00191515179523482
1046 0.00194485930183277
1045 0.00197456354168295
1044 0.00198941003329837
1043 0.00200433291108029
1042 0.00201918435589598
1041 0.00203402619289341
1040 0.00203402619289341
1039 0.00203402619289341
1038 0.00203402619289341
1037 0.00203402619289341
1036 0.00201918435589598
1035 0.00200433291108029
1034 0.00198947366986551
1033 0.00197460843166551
1032 0.00194486709994822
1031 0.0019299945422676
1030 0.00190030117056431
1029 0.00188545492627556
1028 0.00185578237791646
1027 0.00182629322054429
1026 0.00179674667158601
1025 0.00176726333741012
1024 0.00173785590424745
1023 0.00170853679571602
1022 0.00167931816562724
1021 0.00165021189122662
1020 0.00163570452186012
1019 0.00160678843038678
1018 0.00157757579202231
1017 0.00154892177845558
1016 0.00153465528640425
1015 0.00150624979642973
1014 0.00149211332632147
1013 0.00146397910888912
1012 0.00144998377172909
1011 0.00143603785602109
1010 0.00142214251717401
1009 0.00140829889057967
1008 0.00140890509566988
1007 0.00139512688700302
1006 0.00138208537722806
1005 0.00138208537722806
1004 0.00138208537722806
1003 0.00138208537722806
1002 0.00138208537722806
1001 0.00138208537722806
1000 0.00139512688700302
999 0.00140890509566988
998 0.00142214251717401
997 0.00143603785602109
996 0.00144946372857289
995 0.00146347141164009
994 0.00149163094643601
993 0.00150578038600662
992 0.00153465528640425
991 0.00156322905104817
990 0.0015923824981432
989 0.00160678843038678
988 0.00163570452186012
987 0.0016644092083144
986 0.00169360689699305
985 0.00170824670889135
984 0.00173760078919496
983 0.00176726333741012
982 0.00181151284715953
981 0.00184122163914257
980 0.00188559682539647
979 0.00193002358061273
978 0.00197445573045159
977 0.00200415851744483
976 0.00203377200406083
975 0.00204856213726221
974 0.00204856213726221
973 0.00204856213726221
972 0.0020336251608293
971 0.00201884601662672
970 0.0020040568656132
969 0.00197445573045159
968 0.00195964731012384
967 0.00194484908709547
966 0.00193001491431271
965 0.00193000508277557
964 0.00194485930183277
963 0.00197460843166551
962 0.00203413426574162
961 0.00212317779121909
960 0.00224072956415231
959 0.00238430881312713
958 0.00256172144047489
957 0.00274921934940746
956 0.00290108155036454
955 0.00298396772995471
954 0.00300918084502092
953 0.00301727613397985
952 0.00300918084502092
951 0.0029915334395763
950 0.00297316476778372
949 0.00294497850271867
948 0.00291542957226032
947 0.00287451362159323
946 0.00283148252934766
945 0.002787962701811
944 0.00275406518932672
943 0.00270595464965748
942 0.0026698154309684
941 0.00264390924070905
940 0.00263148911952991
939 0.00261897414685178
938 0.00261897414685178
937 0.00263277031627568
936 0.00265756519247044
935 0.00269401203965306
934 0.00273089487861441
933 0.00277531376758725
932 0.00282990620737071
931 0.002879536782703
930 0.00293669019169589
929 0.00298867793220399
928 0.00303518790469852
927 0.00307819503908986
926 0.00311301547040416
925 0.00314159689689905
924 0.00316376104937276
923 0.0031793689304135
922 0.00318729508545724
921 0.0031877645266048
920 0.0031877645266048
919 0.00318478252071702
918 0.00318059379392694
917 0.0031793689304135
916 0.00317722759649546
915 0.00317490169537062
914 0.00317239163457363
913 0.00317239163457363
912 0.00317241842006419
911 0.00317241842006419
910 0.00317241842006419
909 0.00317241842006419
908 0.00317241842006419
907 0.00316991428204859
906 0.00316682082419202
905 0.00316051906412782
904 0.00314970566599748
903 0.0031327747737015
902 0.00311067730485523
901 0.00308819669517476
900 0.00305392871560307
899 0.00301802923652852
898 0.00297820084871896
897 0.00294572231657856
896 0.00292751451622097
895 0.00290873861456101
894 0.00289914148870806
893 0.00289914148870806
892 0.0029067261263254
891 0.00292545716153329
890 0.00295248693289866
889 0.00297820084871896
888 0.00299459329367415
887 0.00301802923652852
886 0.0030278290172773
885 0.00303518790469852
884 0.0030278290172773
883 0.00302031129877433
882 0.00300256031056379
881 0.00297820084871896
880 0.00295248693289866
879 0.00292545716153329
878 0.00289715185454542
877 0.00286761295325406
876 0.00284912783143779
875 0.00284912783143779
874 0.00284912783143779
873 0.00285939554930506
872 0.00288940701207517
871 0.00291616174659066
870 0.00295248693289866
869 0.00298647301885222
868 0.00302552853794704
867 0.00306301056380628
866 0.00308819669517476
865 0.00311067730485523
864 0.00313039048570984
863 0.00314332615476589
862 0.00315105790481091
861 0.00315203823765692
860 0.00315544519918198
859 0.00315867138985913
858 0.00315867138985913
857 0.00315806968387217
856 0.00315806968387217
855 0.00315806968387217
854 0.00315806968387217
853 0.0031546541077506
852 0.0031546541077506
851 0.0031546541077506
850 0.00315203823765692
849 0.00315203823765692
848 0.00315203823765692
847 0.0031546541077506
846 0.0031546541077506
845 0.0031534907591835
844 0.00314970566599748
843 0.0031457408150558
842 0.00313487981350758
841 0.00313039048570984
840 0.00312318159075717
839 0.00311835237565923
838 0.00311334882102909
837 0.00310817179047426
836 0.00311067730485523
835 0.00311067730485523
834 0.00311067730485523
833 0.00311334882102909
832 0.00311835237565923
831 0.00312046988845288
830 0.00312957755197655
829 0.00313386733198817
828 0.00314191507839457
827 0.0031484510981307
826 0.00315203823765692
825 0.00315544519918198
824 0.00315544519918198
823 0.00315544519918198
822 0.00315544519918198
821 0.00315203823765692
820 0.0031484510981307
819 0.00314468440433816
818 0.00314073881072142
817 0.00313919195270067
816 0.00313039048570984
815 0.00312572474785072
814 0.00312324542813656
813 0.00311586730486341
812 0.00311067730485523
811 0.00310282217655547
810 0.00310282217655547
809 0.00309730090053024
808 0.00309160891208848
807 0.00308819669517476
806 0.00307593767013325
805 0.00306955708445835
804 0.00304942421967592
803 0.00303518790469852
802 0.00301263602190076
801 0.00298647301885222
800 0.00296120638680315
799 0.00292545716153329
798 0.00288744050423471
797 0.00284912783143779
796 0.00279588547049207
795 0.00275111073657069
794 0.00269260325358204
793 0.00264390924070905
792 0.00259366730075077
791 0.00254199995370167
790 0.00248796563268628
789 0.00244754577867914
788 0.00240651752000626
787 0.00239358174730747
786 0.00237969138301693
785 0.00237969138301693
784 0.00237969138301693
783 0.002407412368864
782 0.00243488651200907
781 0.00246108927753212
780 0.00248796563268628
779 0.00252772420990708
778 0.00255504365814885
777 0.00258087927152782
776 0.00259487065979403
775 0.00260759563105721
774 0.00259487065979403
773 0.00256915511917011
772 0.00254199995370167
771 0.00250238862665469
770 0.00244852609704184
769 0.00239358174730747
768 0.00233768149566655
767 0.00226665336150221
766 0.00220906078064706
765 0.00216588479129673
764 0.00212167765166789
763 0.00207764970092972
762 0.00204800637795153
761 0.00203328994259166
760 0.00203328994259166
759 0.00203328994259166
758 0.00203328994259166
757 0.00204800637795153
756 0.00206270887345679
755 0.00207764970092972
754 0.0021070222080814
753 0.00212134283979378
752 0.00213594808713529
751 0.00215052830827881
750 0.00216508162383129
749 0.00217960614635539
748 0.00217960614635539
747 0.00219409998075739
746 0.00219457181016395
745 0.00218005034925545
744 0.00218005034925545
743 0.00216549830605423
742 0.00213594808713529
741 0.00210671443722011
740 0.0020771216836784
739 0.00204778905211456
738 0.00200382249195051
737 0.00195956172002452
736 0.00191527175683054
735 0.00187099927691601
734 0.00181207511475858
733 0.00176801866650293
732 0.00170954026867489
731 0.00165191942130091
730 0.00159440145274522
729 0.00153745167046224
728 0.00148044286179997
727 0.00142480463292272
726 0.00136917713573148
725 0.00131517087054021
724 0.00126211309217205
723 0.00122297788919717
722 0.00117271242325816
721 0.00113501724347207
720 0.00109795654193776
719 0.00107475022114891
718 0.00103764571623881
717 0.00101404482811416
716 0.000989626763472103
715 0.0009780883231096
714 0.000966627871050968
713 0.000955245826315673
712 0.000956386620813068
711 0.000956386620813068
710 0.000956386620813068
709 0.000967762846419335
708 0.000979217210072951
707 0.00100235864974959
706 0.00101293583930742
705 0.00103655136988693
704 0.00106046932158236
703 0.00108468535251611
702 0.00110919480955859
701 0.0011464982171353
700 0.00117271242325816
699 0.00119818561758642
698 0.00121102288446093
697 0.0012359585250142
696 0.00124900387636441
695 0.00127528530113823
694 0.00127528530113823
693 0.00128851961173368
692 0.00128851961173368
691 0.00127618367524054
690 0.00127618367524054
689 0.00126302439357081
688 0.00124992781232768
687 0.00122392621657662
686 0.00119721406743497
685 0.00115907381728145
684 0.00112155803298807
683 0.00108574705634875
682 0.00104955941467755
681 0.00101404482811416
680 0.000968971785170384
679 0.000935097008203473
678 0.000891038180308218
677 0.000848263790341341
676 0.000805516280640773
675 0.000755512119302102
674 0.000716999150021095
673 0.000679813965559447
672 0.000635197496725502
671 0.000600990005593165
670 0.000569351120102724
669 0.000536496509822578
668 0.000498804053992886
667 0.000470071529763933
666 0.000442580381203601
665 0.000415225029192914
664 0.00039122922180459
663 0.000373187865759786
662 0.000350133857387092
661 0.000334638418922952
660 0.000313489955471383
659 0.000298327783519926
658 0.000278042890749068
657 0.000264247159158908
656 0.000251003985054564
655 0.000233344572623476
654 0.000221358726075169
653 0.000206160879263101
652 0.000196090895595437
651 0.000185709596448774
650 0.000175785488467896
649 0.00016941635541901
648 0.000160222537174468
647 0.000157251805583235
646 0.000150795235226098
645 0.000150795235226098
644 0.000147968631717777
643 0.000147968631717777
642 0.000148613953468764
641 0.000151448031294808
640 0.000151448031294808
639 0.000151448031294808
638 0.000150795235226098
637 0.000147968631717777
636 0.000144593020058049
635 0.000139174025941007
634 0.000131366205926156
633 0.000121533145155811
632 0.000112836824725947
631 0.000102141391843612
630 9.09319251672218e-05
629 8.20626856415291e-05
628 7.20119331147941e-05
627 6.33980827964476e-05
626 5.6920745640686e-05
625 5.21637597686456e-05
624 4.77596064349346e-05
623 4.46748285756918e-05
622 4.29939778804152e-05
621 4.11036346929436e-05
620 4.01863429333311e-05
619 4.01863429333311e-05
618 4.11036346929436e-05
617 4.11036346929436e-05
616 4.17673018192808e-05
615 4.27173184095395e-05
614 4.46748285756918e-05
613 4.56829610731053e-05
612 4.7006520868315e-05
611 4.7006520868315e-05
610 4.80598408062534e-05
609 4.91338942721899e-05
608 5.02290177894015e-05
607 5.1030515367142e-05
606 5.33190514510761e-05
605 5.5697187037804e-05
604 5.78462440006407e-05
603 6.07337527209688e-05
602 6.33980827964476e-05
601 6.75856681902568e-05
600 7.39504905755464e-05
599 7.87299435542581e-05
598 8.37742557797456e-05
597 9.09319251672218e-05
596 9.81124937916699e-05
595 0.000104208320149279
594 0.000112836824725947
593 0.000119700363156875
592 0.000129993365463527
591 0.000137717714352321
590 0.000145824394776001
589 0.00015432714310351
588 0.000160222537174468
587 0.00016941635541901
586 0.00017832249106583
585 0.00018497310036516
584 0.000195331251040297
583 0.000202497726831001
582 0.000206160879263101
581 0.000214448015253045
580 0.000218282475589148
579 0.000222172524440513
578 0.000222172524440513
577 0.000222172524440513
576 0.000218282475589148
575 0.000213649685981733
574 0.000206160879263101
573 0.000199655404558554
572 0.000189118523165508
571 0.000175785488467896
570 0.000163970251164019
569 0.000151448031294808
568 0.000137717714352321
567 0.000125049504090941
566 0.000113380961279835
565 0.000102141391843612
564 9.28013805638469e-05
563 8.37742557797456e-05
562 7.39504905755464e-05
561 6.69492090666886e-05
560 6.01667765628406e-05
559 5.39927164468996e-05
558 4.83816583380528e-05
557 4.39676535589002e-05
556 3.92872277593035e-05
555 3.50538297943259e-05
554 3.19643781643727e-05
553 2.91199940818917e-05
552 2.58837355684293e-05
551 2.3530925413246e-05
550 2.13720064181786e-05
549 1.9242241315883e-05
548 1.77446640119766e-05
547 1.6070057843473e-05
546 1.48034372438459e-05
545 1.36340785464265e-05
544 1.26333869852738e-05
543 1.17809039541857e-05
542 1.09058280014851e-05
