-1050190.40781296 3447954.58631337
1367 1.01661329572213e-05
1366 1.02960830108613e-05
1365 1.15733691153598e-05
1364 1.17613586077059e-05
1363 1.24664201531576e-05
1362 1.37643473932104e-05
1361 1.52156860586364e-05
1360 1.78030981832126e-05
1359 1.88195894665818e-05
1358 2.1013123749157e-05
1357 2.34372272980942e-05
1356 2.61130131054052e-05
1355 2.7919225577049e-05
1354 3.23120058976137e-05
1353 3.58855905314338e-05
1352 4.35736402084051e-05
1351 4.82202301227484e-05
1350 5.60239145488469e-05
1349 6.49352991968658e-05
1348 6.91360107914826e-05
1347 7.99161582588623e-05
1346 8.52291577923896e-05
1345 9.37212278309615e-05
1344 0.000102948256250936
1343 0.000116234548691429
1342 0.000121660569979921
1341 0.000127305816058418
1340 0.000127305816058418
1339 0.000118280085940755
1338 0.000115149565078697
1337 0.000109932058662272
1336 0.000100113845986215
1335 9.10733865207682e-05
1334 8.27592186724318e-05
1333 7.51222926109244e-05
1332 6.81159535472554e-05
1331 6.16959141383576e-05
1330 5.41303380602631e-05
1329 4.88853127160347e-05
1328 4.41001550923626e-05
1327 3.97398201020159e-05
1326 3.77085913897815e-05
1325 3.57713835215084e-05
1324 3.392440042964e-05
1323 3.392440042964e-05
1322 3.392440042964e-05
1321 3.57713835215084e-05
1320 3.8989165263728e-05
1319 4.47753465696615e-05
1318 5.21564618205083e-05
1317 6.268587929055e-05
1316 7.2576712479587e-05
1315 8.93864473550138e-05
1314 0.000107853371881873
1313 0.000132119663380577
1312 0.000161528642093547
1311 0.000200974016397261
1310 0.000248345137878722
1309 0.000304787247556472
1308 0.000357279394664201
1307 0.000416980159589984
1306 0.000484528197129644
1305 0.000568218476099523
1304 0.000645676701037201
1303 0.00074047007209813
1302 0.000818233894875787
1301 0.000901937737989553
1300 0.000983026114598949
1299 0.00107894515478462
1298 0.00117294086183085
1297 0.00124473865263527
1296 0.00135792876356324
1295 0.00143705484624034
1294 0.00156121817974168
1293 0.00164760936603989
1292 0.00173685123932332
1291 0.00183672456081128
1290 0.00197957149978782
1289 0.00207805452431378
1288 0.00218642909790238
1287 0.00228941668267075
1286 0.00239462961166947
1285 0.00250193437999815
1284 0.00261118439792139
1283 0.00272222006108089
1282 0.0028875189783534
1281 0.00300287469705832
1280 0.00311939485951687
1279 0.00323474654277792
1278 0.00341326984921286
1277 0.0035328187009735
1276 0.00371230082740564
1275 0.00389116673274058
1274 0.00406847250260116
1273 0.00418532861874295
1272 0.00435246554288347
1271 0.00457404369478746
1270 0.00473386728374738
1269 0.00487666431899946
1268 0.00506734802792938
1267 0.00524245663571336
1266 0.00539989361891261
1265 0.00553773034959387
1264 0.0056721603666068
1263 0.00578674560685891
1262 0.00585095294739423
1261 0.00587533344384416
1260 0.00587935902329882
1259 0.00582202205565834
1258 0.00574343712175818
1257 0.00568561389506119
1256 0.00566341197046292
1255 0.00566341197046292
1254 0.00568561389506119
1253 0.00570636288541119
1252 0.0057203399948995
1251 0.00575103667482693
1250 0.00578576738222925
1249 0.00577593275095817
1248 0.00578513253571659
1247 0.00578820238575639
1246 0.00578513253571659
1245 0.00578129751263155
1244 0.00577593275095817
1243 0.00576904251454883
1242 0.00576063227580879
1241 0.00576063227580879
1240 0.00576063227580879
1239 0.00576063227580879
1238 0.00576063227580879
1237 0.00576904251454883
1236 0.00580127050099963
1235 0.00580670640094437
1234 0.00580670640094437
1233 0.00581059230483536
1232 0.00578743477056147
1231 0.00578820238575639
1230 0.00578743477056147
1229 0.00578513253571659
1228 0.00578129751263155
1227 0.00577593275095817
1226 0.00579428896349829
1225 0.00578576738222925
1224 0.00577571257880399
1223 0.0057641325935562
1222 0.00575103667482693
1221 0.00572635423478433
1220 0.00572635423478433
1219 0.00575103667482693
1218 0.00575103667482693
1217 0.0057641325935562
1216 0.00579950059859871
1215 0.00581830977326877
1214 0.00583088310122441
1213 0.005837967534766
1212 0.00583088310122441
1211 0.00579950059859871
1210 0.00575973275085504
1209 0.00568561389506119
1208 0.00558827030926603
1207 0.00550075084517602
1206 0.00538341489901884
1205 0.00526826994941901
1204 0.00514298418473413
1203 0.0050542425427713
1202 0.00494862707916721
1201 0.00485341327614392
1200 0.00480455054635838
1199 0.00475489655237889
1198 0.00470448612622863
1197 0.00470448612622863
1196 0.00466331976362866
1195 0.00461098368698455
1194 0.00455799520930526
1193 0.0045490679999436
1192 0.00449598445106349
1191 0.00443389506085311
1190 0.00431825312954828
1189 0.00431825312954828
1188 0.00426418675005213
1187 0.00420968053055182
1186 0.00421635373417639
1185 0.00427821316113816
1184 0.00440232441614671
1183 0.00457404369478746
1182 0.00485456049074271
1181 0.00516632406168341
1180 0.0055586148914512
1179 0.00591718077884876
1178 0.00596037477935544
1177 0.00523344945330845
1176 0.00371497660373768
1175 0.00224714998449882
1174 0.00156874953339383
1173 0.00132199720823606
1172 0.00136121709967952
1171 0.00152572446608001
1170 0.00179904655520823
1169 0.00209828065122089
1168 0.00237079850061379
1167 0.00265132520555215
1166 0.00294133780374111
1165 0.00318058195473255
1164 0.00335650347976371
1163 0.00347502594169798
1162 0.00359190910291046
1161 0.00365004278909534
1160 0.00365004278909534
1159 0.00365004278909534
1158 0.00359190910291046
1157 0.00353363658863989
1156 0.00341645817079804
1155 0.00335796413684489
1154 0.00324131778146715
1153 0.00318322417317391
1152 0.00307113119200251
1151 0.00301805202648344
1150 0.00296611832092027
1149 0.00296611832092027
1148 0.00291535718009282
1147 0.00291535718009282
1146 0.00291535718009282
1145 0.00291535718009282
1144 0.00291535718009282
1143 0.0029752385526621
1142 0.00303033762090432
1141 0.00308565383845863
1140 0.00319683675276887
1139 0.00325265146636095
1138 0.00336459312847064
1137 0.00347667523173875
1136 0.0036465329452002
1135 0.00375941379819622
1134 0.00393174903545933
1133 0.00410502272086129
1132 0.00427143157864718
1131 0.00438811482863445
1130 0.00449598445106349
1129 0.00460153648735018
1128 0.00465335434434741
1127 0.00466331976362866
1126 0.00471496740989911
1125 0.00467262830197959
1124 0.00468127290974689
1123 0.00463553068443319
1122 0.00463553068443319
1121 0.00458766013853226
1120 0.00453226890214132
1119 0.00441447513165423
1118 0.00435785275771158
1117 0.00430076249336774
1116 0.00424324195543731
1115 0.00418122616725048
1114 0.00412338121684605
1113 0.00406521492602712
1112 0.00400676368876918
1111 0.0039480636148414
1110 0.00389116673274058
1109 0.00383167075812734
1108 0.00377203712581797
1107 0.00371230082740564
1106 0.00365282488774892
1105 0.00359263292709623
1104 0.00359263292709623
1103 0.00353244624227548
1102 0.00347229807313651
1101 0.00341222106615589
1100 0.00341222106615589
1099 0.00335224724839221
1098 0.00335362428436099
1097 0.00329410635415428
1096 0.00329410635415428
1095 0.00329410635415428
1094 0.00329410635415428
1093 0.00329410635415428
1092 0.00323474654277792
1091 0.00323474654277792
1090 0.00323474654277792
1089 0.00323474654277792
1088 0.00323273404453899
1087 0.00323273404453899
1086 0.00323273404453899
1085 0.00323273404453899
1084 0.00323273404453899
1083 0.00323084574559896
1082 0.00323084574559896
1081 0.00317108771497126
1080 0.00317108771497126
1079 0.00311156130861758
1078 0.0030522952832538
1077 0.0029933176346798
1076 0.00293465558113987
1075 0.00287979199578575
1074 0.00276474203324346
1073 0.00265132520555215
1072 0.00253972255637436
1071 0.0024301016593248
1070 0.0023226164525161
1069 0.00216569603549376
1068 0.00201430860522891
1067 0.00186880082746919
1066 0.00168441000841093
1065 0.00150444813720676
1064 0.00138234687112417
1063 0.00122997564062058
1062 0.00108949488997135
1061 0.000960733856169894
1060 0.000815797124560966
1059 0.00071214887408468
1058 0.000618883101351
1057 0.00053542132868583
1056 0.000461139071884052
1055 0.000395382447511394
1054 0.000337483123855815
1053 0.00029064992469389
1052 0.000246087109781909
1051 0.000216573063974147
1050 0.000190120312300299
1049 0.000166479629382404
1048 0.000148158105046874
1047 0.000129188523847495
1046 0.000117747970785803
1045 0.000107201446514323
1044 0.000102245310230758
1043 9.54501152239055e-05
1042 9.09611830253691e-05
1041 8.66591581414686e-05
1040 8.66591581414686e-05
1039 8.66591581414686e-05
1038 8.66591581414686e-05
1037 8.66591581414686e-05
1036 9.09611830253691e-05
1035 9.54501152239055e-05
1034 0.000100132610021933
1033 0.000105015484055902
1032 0.00011541044361122
1031 0.000120936969078281
1030 0.000135262787308086
1029 0.000141583341803818
1028 0.000154995146969995
1027 0.000172803122701925
1026 0.000188646909734397
1025 0.000205716242368816
1024 0.000224082658817303
1023 0.000243819644347422
1022 0.000265002466713286
1021 0.000287707986746044
1020 0.000299656160602098
1019 0.000324792790127227
1018 0.000346474083550095
1017 0.000374897669330757
1016 0.000389809911801077
1015 0.000421086619467528
1014 0.000437471603131729
1013 0.000471785956206191
1012 0.000489735655312906
1011 0.000508227158229698
1010 0.000527270462716561
1009 0.000546875474470477
1008 0.000553439768778081
1007 0.000573726571984382
1006 0.000601942502179278
1005 0.000601942502179278
1004 0.000601942502179278
1003 0.000601942502179278
1002 0.000601942502179278
1001 0.000601942502179278
1000 0.000573726571984382
999 0.000553439768778081
998 0.000527270462716561
997 0.000508227158229698
996 0.000484042441952647
995 0.000466199312490252
994 0.000432099901569052
993 0.00041582301264454
992 0.000389809911801077
991 0.000360455812243909
990 0.000338001211272318
989 0.000324792790127227
988 0.000299656160602098
987 0.00027167589618265
986 0.000249965456653946
985 0.000239669949929101
984 0.000220150183175111
983 0.000205716242368816
982 0.000180576214093135
981 0.000168836206510141
980 0.000147727211701712
979 0.000128939075726131
978 0.000112263283811316
977 9.9746870916426e-05
976 9.06664520162262e-05
975 8.64053399712122e-05
974 8.64053399712122e-05
973 8.64053399712122e-05
972 9.29771449977867e-05
971 9.75034689957522e-05
970 0.000102222134114905
969 0.000112263283811316
968 0.000117599550959831
967 0.000120328065646487
966 0.000126018508556257
965 0.000123352787728657
964 0.000117747970785803
963 0.000105015484055902
962 8.49526321602026e-05
961 6.1838665932632e-05
960 4.00541914800832e-05
959 2.27555764808604e-05
958 1.06857419058917e-05
939 1.02960830108613e-05
938 1.02960830108613e-05
