977686.63058812 2883069.89756366
3448 1.94099490526605e-05
3447 0.000662792066455318
3446 0.00143403388588532
3445 0.00235502116196079
3444 0.00303031811373102
3443 0.00378334432039152
3442 0.0046217389235248
3441 0.00555372296805682
3440 0.00658812314253573
3439 0.00682400066829662
3438 0.00706510959883078
3437 0.0073115481652012
3436 0.00756341598230669
3435 0.00782081405690678
3434 0.00730417972153577
3433 0.00681137378250804
3432 0.00634137965453921
3431 0.00589321849369887
3430 0.00546594816781529
3429 0.0049291749242417
3428 0.00442359107563324
3427 0.00394762529273696
3426 0.0034997689189339
3425 0.00307857456235388
3424 0.00282824839710258
3423 0.00258746676362743
3422 0.00235591127879043
3421 0.00213327216893659
3420 0.00191924812243954
3419 0.00187745119226604
3418 0.00183598481406236
3417 0.00179484669633178
3416 0.00175403456054347
3415 0.00171354614108507
3414 0.00187745119226604
3413 0.00204664533525116
3412 0.00222127731964753
3411 0.00240149927579338
3410 0.00258746676362743
3409 0.00287753972617287
3408 0.00318145047892186
3407 0.0034997689189339
3406 0.00383308351691261
3405 0.00418200166963192
3404 0.0047360117546723
3403 0.00532874252413862
3402 0.00596249381781896
3401 0.0066396696036272
3400 0.00736278022153991
3399 0.00804622239963089
3398 0.00876993885638504
3397 0.0095359119241849
3396 0.0103461947057045
3395 0.0112029118363157
3394 0.0117629130848695
3393 0.012342460172346
3392 0.0129421149650891
3391 0.0135624504913022
3390 0.0142040509617892
3389 0.0151391525092286
3388 0.0161187727459384
3387 0.0171446252658913
3386 0.0182184664687485
3385 0.0193420953364765
3384 0.0217142744544089
3383 0.0242977521721898
3382 0.0271064706792607
3381 0.0301547725231643
3380 0.0334573570668487
3379 0.0365534012145927
3378 0.0398695071480895
3377 0.0434171144731796
3376 0.0472078787984893
3375 0.0512536400340255
3374 0.0530174794947274
3373 0.0548285428504959
3372 0.0566877064220009
3371 0.0585958487986471
3370 0.0605538502774146
3369 0.0637925598253071
3368 0.0671647774198276
3367 0.0706741120426056
3366 0.0743241626456603
3365 0.0781185109415505
3364 0.0856341999953695
3363 0.0936927701605185
3362 0.10231672860534
3361 0.111527781482812
3360 0.121346617682278
3359 0.129652405292139
3358 0.138368932008524
3357 0.147504796674303
3356 0.157067830825696
3355 0.167065016024078
3354 0.171360117005889
3353 0.175732040248748
3352 0.180181140672086
3351 0.184707740428633
3350 0.189312127856522
3349 0.192630454739498
3348 0.195999228972954
3347 0.199418905344541
3346 0.202889931057827
3345 0.206412745224602
3344 0.216897747456157
3343 0.227703873231489
3342 0.238828021599694
3341 0.25026618991661
3340 0.262013452679599
3339 0.272472336843514
3338 0.283179481875953
3337 0.294131979718331
3336 0.305326378470717
3335 0.316758669668479
3334 0.325812011355719
3333 0.335004111417325
3332 0.34433236067982
3331 0.353793933317086
3330 0.363385784858469
3329 0.373104650528017
3328 0.382947043927344
3327 0.392909256074152
3326 0.402987354807917
3325 0.413177184573532
3324 0.42940490791739
3323 0.445879557123009
3322 0.462581684441572
3321 0.479490512328908
3320 0.496583956701841
3319 0.505977163648483
3318 0.515414421330061
3317 0.52489167412443
3316 0.534404760754895
3315 0.543949416654495
3314 0.539173413047997
3313 0.534404760754895
3312 0.529644002353632
3311 0.52489167412443
3310 0.520148305968507
3309 0.50738422280242
3308 0.494657708204187
3307 0.481980672162763
3306 0.469364734889405
3305 0.456821206838817
3304 0.452229191384432
3303 0.447653958408871
3302 0.443095926983053
3301 0.438555508636837
3300 0.434033107329556
3299 0.429529119423324
3298 0.42504393365903
3297 0.420577931135029
3296 0.416131485288526
3295 0.411704961879578
3294 0.398241053615262
3293 0.384942187290183
3292 0.371820336151645
3291 0.358886814294158
3290 0.34615226309473
3289 0.326004995525675
3288 0.306516310637361
3287 0.287708743557831
3286 0.269600252721527
3285 0.252204384650816
3284 0.243221355542354
3283 0.234444690095156
3282 0.225875015094839
3281 0.21751265238013
3280 0.209357629267416
3279 0.212391475538106
3278 0.215454463766726
3277 0.218546606622635
3276 0.221667911215893
3275 0.224818379016673
3274 0.234444690095156
3273 0.244332964913999
3272 0.254482282942558
3271 0.264891217063134
3270 0.275557816191181
3269 0.284030623402606
3268 0.29265640169171
3267 0.301433539198453
3266 0.310360212455864
3265 0.319434382731214
3264 0.319434382731214
3263 0.319434382731214
3262 0.319434382731214
3261 0.319434382731214
3260 0.319434382731214
3259 0.328653792646536
3258 0.338015963093961
3257 0.34751819046105
3256 0.357157544181032
3255 0.366930864622315
3254 0.385425003968415
3253 0.404345489445452
3252 0.423665696820198
3251 0.44335622090205
3250 0.463384890821779
3249 0.474297495968114
3248 0.485292296672122
3247 0.496363297537736
3246 0.507504284123216
3245 0.518708826889612
3244 0.521920874350913
3243 0.525137411312739
3242 0.528358278426373
3241 0.53158331499143
3240 0.534812358966268
3239 0.541281814336852
3238 0.547765321792498
3237 0.55426153783822
3236 0.560769098608581
3235 0.567286620263024
3234 0.578712019554798
3233 0.59015595490289
3232 0.601610593114693
3231 0.613067936794839
3230 0.624519832628444
3229 0.63595798010197
3228 0.647373940651217
3227 0.65875914722475
3226 0.670104914249833
3225 0.681402447986596
3224 0.683011926661409
3223 0.684620213600969
3222 0.686227282696227
3221 0.687833107803502
3220 0.689437662745132
3219 0.692642857255096
3218 0.695842656151427
3217 0.699036848859749
3216 0.702225224328158
3215 0.705407571049522
3214 0.72593119994919
3213 0.746132539336907
3212 0.765952567540189
3211 0.785332081986227
3210 0.80421198770742
3209 0.8239181532221
3208 0.842904454642678
3207 0.861099897848465
3206 0.878435311663452
3205 0.894843783456086
3204 0.893703876178016
3203 0.892558933526013
3202 0.891408978498023
3201 0.890254034171329
3200 0.889094123701796
3199 0.884405286219318
3198 0.879638862823381
3197 0.874796371528783
3196 0.869879348469281
3195 0.864889347088404
3194 0.858551612805563
3193 0.852105404576291
3192 0.845553858657669
3191 0.838900144531088
3190 0.832147462362137
3189 0.830785333387367
3188 0.829419400695218
3187 0.82804969027993
3186 0.826676228175028
3185 0.825299040452529
3184 0.838900144531088
3183 0.852105404576291
3182 0.864889347088404
3181 0.877227030070263
3180 0.889094123701796
3179 0.893703876178016
3178 0.898233064273557
3177 0.902680229121455
3176 0.907043933143391
3175 0.911322760822458
3174 0.919620239963924
3173 0.927561812414384
3172 0.935137024852005
3171 0.942335847665146
3170 0.949148697059398
3169 0.956340461206265
3168 0.963019961535516
3167 0.969175771870079
3166 0.974797313918098
3165 0.979874887557135
3164 0.98399912139009
3163 0.987402409527258
3162 0.990081046583397
3161 0.992032999873805
3160 0.993257902370668
3159 0.993956869565591
3158 0.993618784311669
3157 0.992250507538477
3156 0.989862118368158
3155 0.98646683060458
3154 0.986945008169047
3153 0.987395268763613
3152 0.987817574087015
3151 0.988211888205419
3150 0.988578177557515
3149 0.988578177557515
3148 0.988578177557515
3147 0.988578177557515
3146 0.988578177557515
3145 0.988578177557515
3144 0.985960776733475
3143 0.98234162430006
3142 0.977731776101243
3141 0.972145274994497
3140 0.965599079579117
3139 0.959425010558867
3138 0.952611085877975
3137 0.945171482586166
3136 0.937121600684373
3135 0.928478010025356
3134 0.931216175282113
3133 0.933838138509128
3132 0.936343451163256
3131 0.938731720367397
3130 0.941002608758673
3129 0.947057613390116
3128 0.952836528268406
3127 0.9583317806565
3126 0.963536010228263
3125 0.968442084466954
3124 0.969533250715134
3123 0.970597972136225
3122 0.971636159214888
3121 0.972647724602888
3120 0.973632583131334
3119 0.973632583131334
3118 0.973632583131334
3117 0.973632583131334
3116 0.973632583131334
3115 0.973632583131334
3114 0.973043113903541
3113 0.972380664161795
3112 0.971645028312692
3111 0.970836021716852
3110 0.969953480958174
3109 0.96584177344204
3108 0.961279689030434
3107 0.956271406677629
3106 0.9508217933575
3105 0.9449363975225
3104 0.941456910597039
3103 0.937881216272648
3102 0.934210505616462
3101 0.930445998070606
3100 0.926588940777589
3099 0.931395850679345
3098 0.936057662428096
3097 0.940571960424716
3096 0.9449363975225
3095 0.949148697059398
3094 0.962303454291252
3093 0.973594764437056
3092 0.982953351160039
3091 0.990321382434786
3090 0.995653065715189
3089 0.997042030794465
3088 0.998171987432892
3087 0.999042053672953
3086 0.999651549954643
3085 1
3084 0.997874462712089
3083 0.994341387732961
3082 0.989423506797914
3081 0.983149248091748
3080 0.975552481480774
3079 0.967123652198612
3078 0.956957496930441
3077 0.945100826090515
3076 0.931609866836147
3075 0.916549818619616
3074 0.907043933143391
3073 0.897108400299989
3072 0.886759497345891
3071 0.876014042012683
3070 0.864889347088404
3069 0.85340317409201
3068 0.841573686213755
3067 0.829419400695218
3066 0.816959140822778
3065 0.80421198770742
3064 0.786428585110011
3063 0.768293900369558
3062 0.749855210473329
3061 0.731159236021412
3060 0.712251964558729
3059 0.702834214230395
3058 0.693360663399278
3057 0.683836920751448
3056 0.674268557587735
3055 0.664661102620509
3054 0.666264826592442
3053 0.667867591771465
3052 0.669469372838361
3051 0.671070144434573
3050 0.672669881162816
3049 0.679057970131262
3048 0.685427459799644
3047 0.69177670755032
3046 0.698104062520399
3045 0.704407866287071
3044 0.702631737215455
3043 0.700858882975585
3042 0.699089357618183
3041 0.697323214173854
3040 0.695560504659063
3039 0.690863877967863
3038 0.686154765686997
3037 0.681433852843319
3036 0.676701822048322
3035 0.671959353340652
3034 0.670376328049472
3033 0.668792243286289
3032 0.667207124030557
3031 0.665620995224882
3030 0.664033881774427
3029 0.664033881774427
3028 0.664033881774427
3027 0.664033881774427
3026 0.664033881774427
3025 0.664033881774427
3024 0.662445808546271
3023 0.660856800368802
3022 0.659266882031117
3021 0.657676078282385
3020 0.656084413831271
3019 0.656084413831271
3018 0.656084413831271
3017 0.656084413831271
3016 0.656084413831271
3015 0.656084413831271
3014 0.660856800368802
3013 0.665620995224882
3012 0.670376328049472
3011 0.675122125408798
3010 0.679857710936316
3009 0.675122125408798
3008 0.670376328049472
3007 0.665620995224882
3006 0.660856800368802
3005 0.656084413831271
3004 0.636926241658203
3003 0.617689729421137
3002 0.598415989237872
3001 0.579144989514867
3000 0.559915429539389
2999 0.543949416654495
2998 0.528058929958137
2997 0.512264022394754
2996 0.496583956701841
2995 0.481037175006754
2994 0.47485975211702
2993 0.468707566970182
2992 0.462581684441572
2991 0.456483146721057
2990 0.450412973136841
2989 0.450412973136841
2988 0.450412973136841
2987 0.450412973136841
2986 0.450412973136841
2985 0.450412973136841
2984 0.450412973136841
2983 0.450412973136841
2982 0.450412973136841
2981 0.450412973136841
2980 0.450412973136841
2979 0.448899978899662
2978 0.447388835144756
2977 0.445879557123009
2976 0.444372159994518
2975 0.442866658828494
2974 0.438361680431211
2973 0.433874299436125
2972 0.42940490791739
2971 0.424953890515668
2970 0.420521624416289
2969 0.41288162220315
2968 0.405279688140961
2967 0.397718579901049
2966 0.39020099403422
2965 0.382729563938256
2964 0.368610420954284
2963 0.354751618662026
2962 0.341162950304486
2961 0.327853270359032
2960 0.314830505290781
2959 0.302101667156037
2958 0.289672869888204
2957 0.277549348091926
2956 0.265735478165798
2955 0.2542348015698
2954 0.242363500104327
2953 0.230882111949253
2952 0.219788846347068
2951 0.209081045233669
2950 0.198755243750472
2949 0.192112205324419
2948 0.185622386280591
2947 0.179285130469348
2946 0.173099647034476
2945 0.167065016024078
2944 0.165368400299788
2943 0.163683988486592
2942 0.162011753677834
2941 0.160351668203474
2940 0.158703703640897
2939 0.159526172613728
2938 0.160351668203474
2937 0.161180194032754
2936 0.162011753677834
2935 0.162846350668271
2934 0.163683988486592
2933 0.164524670567953
2932 0.165368400299788
2931 0.166215181021496
2930 0.167065016024078
2929 0.161602804764519
2928 0.156258066585098
2927 0.151030723836984
2926 0.145920588620642
2925 0.140927365761574
2924 0.130600806806762
2923 0.120841731233627
2922 0.111635068898254
2921 0.102964619671721
2920 0.0948132250788204
2919 0.0901644521911958
2918 0.0857040082003299
2917 0.0814264469703071
2916 0.0773263347463167
2915 0.0733982616325671
2914 0.0766784940332472
2913 0.080070909449158
2912 0.0835778792828999
2911 0.0872017534608777
2910 0.0909448561846098
2909 0.0965035116365369
2908 0.10231672860534
2907 0.108390897338428
2906 0.114732207337358
2905 0.121346617682278
2904 0.12475802719275
2903 0.128239826495866
2902 0.131792681944979
2901 0.135417239631525
2900 0.13911412437077
2899 0.138721415398511
2898 0.138330959514602
2897 0.137942772655459
2896 0.13755687062628
2895 0.137173269100209
2894 0.133145034983695
2893 0.129215701868442
2892 0.125383656113297
2891 0.121647271664253
2890 0.118004912354345
2889 0.11344228443856
2888 0.109012906751402
2887 0.104714730463196
2886 0.100545650713308
2885 0.0965035116365369
2884 0.0931381874425592
2883 0.0898630977092726
2882 0.0866768113462429
2881 0.0835778792828999
2880 0.0805648365431463
2879 0.0766784940332472
2878 0.0729386756997952
2877 0.0693418144082299
2876 0.065884321115923
2875 0.0625625922821336
2874 0.0593730169570434
2873 0.0563119835463524
2872 0.0533758862491091
2871 0.0505611311675754
2870 0.0478641420889873
2869 0.0452813659401255
2868 0.0428092779165506
2867 0.040444386289291
2866 0.0381832368926264
2865 0.0360224172974032
2864 0.034211353978326
2863 0.0324723024329942
2862 0.0308030684021247
2861 0.0292014896866824
2860 0.027665437573116
2859 0.0259875016503753
2858 0.0243893497820875
2857 0.0228679773844055
2856 0.0214204450754742
2855 0.0200438802325289
2854 0.0181059809234794
2853 0.0163122918647161
2852 0.0146539968242126
2851 0.0131226399282445
2850 0.01171012759546
2849 0.0104087285327212
2848 0.00921107196198293
2847 0.00811014424470514
2846 0.00709928406647053
2845 0.00617217633973431
2844 0.00545924267735845
2843 0.00479703201400057
2842 0.00418241776495361
2841 0.00361242541354665
2840 0.00308422843968254
2839 0.00288404668465557
2838 0.00268995599146081
2837 0.00250179448794485
2836 0.00231940377764631
2835 0.00214262889309717
2834 0.00223032390995867
2833 0.00231940377764631
2832 0.00240988754892751
2831 0.00250179448794485
2830 0.00259514407168783
2829 0.00283495935727696
2828 0.00308422843968254
2827 0.0033432734959057
2826 0.00361242541354665
2825 0.00389202392922144
2824 0.00406494209621698
2823 0.00424182329856884
2822 0.00442274562371879
2821 0.00460778836146784
2820 0.00479703201400057
2819 0.00486106085794693
2818 0.00492556859772956
2817 0.00499055830577026
2816 0.00505603306978083
2815 0.0051219959928011
2814 0.00518845019323904
2813 0.00525539880490908
2812 0.00532284497707019
2811 0.00539079187446537
2810 0.00545924267735845
2809 0.00539079187446537
2808 0.00532284497707019
2807 0.00525539880490908
2806 0.00518845019323904
2805 0.0051219959928011
2804 0.00499051494840294
2803 0.00486111483391306
2802 0.0047337693348869
2801 0.00460845229154925
2800 0.00448513770233923
2799 0.00412375078058628
2798 0.00377808035651166
2797 0.00344755893304628
2796 0.00313163330340549
2795 0.00282976450776242
2794 0.00240083298450955
2793 0.00200128832028998
2792 0.0016293559743272
2791 0.00128334955008291
2790 0.00096166787547749
2789 0.000695978539276024
2788 0.000447851442548853
2787 0.000216200417230216
2786 0
