-1723940.79617378 3510757.53906501
2335 1.00089873582404e-05
2334 1.11605704607645e-05
2333 1.24320480920645e-05
2332 1.3351675897556e-05
2331 1.48476866735287e-05
2330 1.53792572570468e-05
2329 1.64946020279585e-05
2328 1.76828711140464e-05
2327 1.83056402800869e-05
2326 1.89482096503343e-05
2325 1.96111270684408e-05
2324 2.02949525856558e-05
2323 2.10002586313758e-05
2322 2.17276301825645e-05
2321 2.24776649318863e-05
2320 2.24776649318863e-05
2319 2.32509734543943e-05
2318 2.40481793726073e-05
2317 2.4869919519807e-05
2316 2.4869919519807e-05
2315 2.57168441013823e-05
2314 2.74889152027164e-05
2313 2.84154304149562e-05
2312 3.01919079362021e-05
2311 3.22297847733831e-05
2310 3.43898244361183e-05
2309 3.66782172516289e-05
2308 4.036559032087e-05
2307 4.30035030351974e-05
2306 4.72474444830041e-05
2305 5.18579867139517e-05
2304 5.86208435040635e-05
2303 6.41902919997793e-05
2302 7.23345373616447e-05
2301 7.90210789864157e-05
2300 8.87685769958331e-05
2299 9.95401719560871e-05
2298 0.000111419278397624
2297 0.000124493054396635
2296 0.000135136817709854
2295 0.000150521457263586
2294 0.000163007256792795
2293 0.000180997097770436
2292 0.000198692356816377
2291 0.00021434588948387
2290 0.000231001533617797
2289 0.000248702569597047
2288 0.000267492362948828
2287 0.000280645137729313
2286 0.000287414190981966
2285 0.000301345571074153
2284 0.000308511056691819
2283 0.000308511056691819
2282 0.000315811833228277
2281 0.000308511056691819
2280 0.000308511056691819
2279 0.000301345571074153
2278 0.000294313807855927
2277 0.000280645137729313
2276 0.000274005059558638
2275 0.000261105450214615
2274 0.000248702569597047
2273 0.000233309893893374
2272 0.000216453550030359
2271 0.000205783026760959
2270 0.000190595440516534
2269 0.00017930549304604
2268 0.000170219880532103
2267 0.000157316182724898
2266 0.000149178946976862
2265 0.000137640686939662
2264 0.000126867923359046
2263 0.000120091948019537
2262 0.000113627363088264
2261 0.000104489962713637
2260 9.8755447988185e-05
2259 9.59913115679148e-05
2258 9.06627494192747e-05
2257 8.80957551443479e-05
2256 8.55919311299823e-05
2255 8.55919311299823e-05
2254 8.31500304429768e-05
2253 8.31500304429768e-05
2252 8.0768821311822e-05
2251 8.0768821311822e-05
2250 7.84470872337227e-05
2249 7.90210789864157e-05
2248 7.84470872337227e-05
2247 7.84470872337227e-05
2246 7.67348142841722e-05
2245 7.84470872337227e-05
2244 7.61836270702003e-05
2243 7.61836270702003e-05
2242 7.39772551315409e-05
2241 7.39772551315409e-05
2240 7.18268012503535e-05
2239 6.97311108445055e-05
2238 6.76890449696996e-05
2237 6.3761309470298e-05
2236 6.18734404798094e-05
2235 5.8244319697033e-05
2234 5.48036985174656e-05
2233 4.99784052035133e-05
2232 4.57933132730815e-05
2231 4.30035030351974e-05
2230 3.91013889877864e-05
2229 3.66782172516289e-05
2228 3.43898244361183e-05
2227 3.11959538095221e-05
2226 2.92169094833655e-05
2225 2.73511749864479e-05
2224 2.47527956937517e-05
2223 2.39373755578614e-05
2222 2.23787263716633e-05
2221 2.09122087374428e-05
2220 2.08445185876106e-05
2219 1.9533054006053e-05
2218 1.9533054006053e-05
2217 1.9533054006053e-05
2216 1.9533054006053e-05
2215 2.02120011700016e-05
2214 2.02120011700016e-05
2213 2.09122087374428e-05
2212 2.16342539033018e-05
2211 2.23787263716633e-05
2210 2.31462285193385e-05
2209 2.39373755578614e-05
2208 2.47527956937517e-05
2207 2.55931302868745e-05
2206 2.64590340067228e-05
2205 2.73511749864479e-05
2204 2.82702349744527e-05
2203 3.00585327301139e-05
2202 3.00585327301139e-05
2201 3.00585327301139e-05
2200 3.00585327301139e-05
2199 3.00585327301139e-05
2198 2.82702349744527e-05
2197 2.73511749864479e-05
2196 2.55931302868745e-05
2195 2.39373755578614e-05
2194 2.17276301825645e-05
2193 1.96111270684408e-05
2192 1.76828711140464e-05
2191 1.59280659108175e-05
2190 1.43328759358835e-05
2189 1.3351675897556e-05
2188 1.28843844215398e-05
2187 1.24320480920645e-05
2186 1.24320480920645e-05
2185 1.3351675897556e-05
2184 1.43328759358835e-05
2183 1.59280659108175e-05
2182 1.83056402800869e-05
2181 2.10002586313758e-05
2180 2.40481793726073e-05
2179 2.74889152027164e-05
2178 3.03529466208202e-05
2177 3.24079781557234e-05
2176 3.45865685773358e-05
2175 3.57241511957782e-05
2174 3.68949967006931e-05
2173 3.48151772379015e-05
2172 3.57241511957782e-05
2171 3.26163555892459e-05
2170 3.15642198973421e-05
2169 2.9550630111903e-05
2168 2.76529630404049e-05
2167 2.60397461460523e-05
2166 2.43411265062602e-05
2165 2.27429425566816e-05
2164 2.12400086338015e-05
2163 2.05226990357367e-05
2162 2.05226990357367e-05
2161 2.05226990357367e-05
2160 2.12400086338015e-05
2159 2.19798849572005e-05
2158 2.35298092926768e-05
2157 2.60397461460523e-05
2156 2.90170403808262e-05
2155 3.20540905034098e-05
2154 3.65449234241267e-05
2153 4.15885941325094e-05
2152 4.77124006024011e-05
2151 5.30226312569981e-05
2150 6.00642378606214e-05
2149 6.55023946208062e-05
2148 7.40189122518431e-05
2147 7.97316766307942e-05
2146 8.59215323434651e-05
2145 9.2626691634185e-05
2144 9.8267578995957e-05
2143 0.00011700253255407
2142 0.000134875071222989
2141 0.000155016972614595
2140 0.00017763885066543
2139 0.000202958758397546
2138 0.000225307522477404
2137 0.000258516392952895
2136 0.000278648252702875
2135 0.000304740482570958
2134 0.000327762143452115
2133 0.000349402242342973
2132 0.000366378479321762
2131 0.000386860640532279
2130 0.000405191916387428
2129 0.000417718526975936
2128 0.000437113344732163
2127 0.000443868751346998
2126 0.000453966844355257
2125 0.000461153091508712
2124 0.000461153091508712
2123 0.000471576233019597
2122 0.000471576233019597
2121 0.000482177481201347
2120 0.000482177481201347
2119 0.000482177481201347
2118 0.00048996761994605
2117 0.00048996761994605
2116 0.000487149855349602
2115 0.000498066672756991
2114 0.000498066672756991
2113 0.000498066672756991
2112 0.000512028105867594
2111 0.000512028105867594
2110 0.000523334119232341
2109 0.000523334119232341
2108 0.00053192351747789
2107 0.000543582449761561
2106 0.000552669816300649
2105 0.000567468022387439
2104 0.000579697097175521
2103 0.000592118581891589
2102 0.000617543162050296
2101 0.000643750047444474
2100 0.00066785350545562
2099 0.000695625452688568
2098 0.000721461362837187
2097 0.000748273880547669
2096 0.000778456390329923
2095 0.000809463499166432
2094 0.000841297370907067
2093 0.000873959028283872
2092 0.000907448306018618
2091 0.000927075178205492
2090 0.000964544177758439
2089 0.0010029831107652
2088 0.00103928629802429
2087 0.00105773710891385
2086 0.00109523248752568
2085 0.0011335122662324
2084 0.00117256644159178
2083 0.00121238352787262
2082 0.00123257416090665
2081 0.00127351076555331
2080 0.0012942529098325
2079 0.00131258784846005
2078 0.00133132302306245
2077 0.00132908693439294
2076 0.00132908693439294
2075 0.00130579924086814
2074 0.00128476573976021
2073 0.00124325591734056
2072 0.00118463986716345
2071 0.00114752364135019
2070 0.00111143882957663
2069 0.00107351669831224
2068 0.00103638863893837
2067 0.00101812485174427
2066 0.00100006236383824
2065 0.000982201919601156
2064 0.000982201919601156
2063 0.00100006236383824
2062 0.00101812485174427
2061 0.00105485289419933
2060 0.00111143882957663
2059 0.00115014587742587
2058 0.00120965450083735
2057 0.00124776354940999
2056 0.00128688722773272
2055 0.00132701566365568
2054 0.00136998824748952
2053 0.00139372674927051
2052 0.0014177323773886
2051 0.0014177323773886
2050 0.00144198676478553
2049 0.00144198676478553
2048 0.00144198676478553
2047 0.00144435572170536
2046 0.00144435572170536
2045 0.00146893492078149
2044 0.00148874521127505
2043 0.00153376180657862
2042 0.0015793805673274
2041 0.00162557492466355
2040 0.00167231668452948
2039 0.00171780269025056
2038 0.00176566800672713
2037 0.00178686916695164
2036 0.0018099446447569
2035 0.0018099446447569
2034 0.0018099446447569
2033 0.00178556239867984
2032 0.00176265065751854
2031 0.00171613266865984
2030 0.00164510961130979
2029 0.00157531037560913
2028 0.00150893662019661
2027 0.00146414312375281
2026 0.00141999451366315
2025 0.00137651326596125
2024 0.00135502947992259
2023 0.00135502947992259
2022 0.00135754968540399
2021 0.00137899786211947
2020 0.00140320948734059
2019 0.00144435572170536
2018 0.00148874521127505
2017 0.00153156772871535
2016 0.00160036016513041
2015 0.00167042934128545
2014 0.00174167588267947
2013 0.00178977487720381
2012 0.001862740632179
2011 0.00191187704504655
2010 0.001987271224802
2009 0.0020370591989386
2008 0.0021121859677175
2007 0.00218771703428071
2006 0.00226350071562701
2005 0.00233948253932003
2004 0.00241556482801231
2003 0.00251662004574173
2002 0.00261571433553537
2001 0.002714300359427
2000 0.00281119399050227
1999 0.00290828852578286
1998 0.0030034272284325
1997 0.00309608220936326
1996 0.0032040154610332
1995 0.00326893818905255
1994 0.0033478106711001
1993 0.00340386115351233
1992 0.00347413626331463
1991 0.00351474766901487
1990 0.00354056416881523
1989 0.00358371637702939
1988 0.00361059954428135
1987 0.00363593085159827
1986 0.00365967490414325
1985 0.00368179837042688
1984 0.00370227006025034
1983 0.00371187734568963
1982 0.00371488617904387
1981 0.00372981775234616
1980 0.00373814449078908
1979 0.00374400369553144
1978 0.00374400369553144
1977 0.00374945349580526
1976 0.00374104894479855
1975 0.00373717400705919
1974 0.00372260729744554
1973 0.00369738354255234
1972 0.00367025534203753
1971 0.00362877167018603
1970 0.00359734965259372
1969 0.00354998235865971
1968 0.00350485742231802
1967 0.00346773351016364
1966 0.00343469199373968
1965 0.00339511991400498
1964 0.00335969149860519
1963 0.00334151863452108
1962 0.00334644321200797
1961 0.00332787243193802
1960 0.00332787243193802
1959 0.00333242207962743
1958 0.00333242207962743
1957 0.00333669366048115
1956 0.00334068414768148
1955 0.00332154911263014
1954 0.00332154911263014
1953 0.00329830451408265
1952 0.00327468576007877
1951 0.003234808277446
1950 0.00321447277395755
1949 0.00317304083432966
1948 0.0031306383466589
1947 0.00308731874588222
1946 0.00304313605287668
1945 0.00299814476328602
1944 0.00297536302721237
1943 0.00295493323070266
1942 0.00293169479454616
1941 0.00293169479454616
1940 0.00292926178827781
1939 0.00292926178827781
1938 0.00297536302721237
1937 0.00302357204536911
1936 0.00309045071401763
1935 0.00315858105522054
1934 0.00324217549255877
1933 0.00332154911263014
1932 0.00339204880914007
1931 0.00347300673206795
1930 0.00352970054990449
1929 0.00359901479937794
1928 0.0036475790863863
1927 0.0036992327584564
1926 0.00373303171766692
1925 0.00376678522930948
1924 0.00377548909285126
1923 0.00378702834878117
1922 0.00379451371279318
1921 0.00379723933009214
1920 0.00379814830419435
1919 0.00380498482621941
1918 0.0038109395734617
1917 0.00381715325218361
1916 0.00381715325218361
1915 0.00382293384179263
1914 0.0038178457481607
1913 0.0038178457481607
1912 0.00381185842567508
1911 0.00381185842567508
1910 0.00381185842567508
1909 0.0038116286918541
1908 0.00380498482621941
1907 0.00380498482621941
1906 0.00379723933009214
1905 0.00379723933009214
1904 0.00379610341836826
1903 0.00379610341836826
1902 0.00379451371279318
1901 0.00379950411441836
1900 0.00379699476052692
1899 0.00380359672491966
1898 0.00380061773555945
1897 0.00380359672491966
1896 0.00380977443944974
1895 0.00381806784792459
1894 0.00382177470962183
1893 0.00382362948983762
1892 0.0038116286918541
1891 0.00380155845560348
1890 0.00378702834878117
1889 0.00377548909285126
1888 0.00375993310335489
1887 0.00374041035302467
1886 0.00370136686973574
1885 0.00368288207965001
1884 0.00365206133419326
1883 0.00363602957300066
1882 0.00362408289321263
1881 0.00359901479937794
1880 0.00357965179766252
1879 0.00355244640541541
1878 0.00354430399713887
1877 0.00353530116156589
1876 0.00352025780038859
1875 0.00350485742231802
1874 0.00347300673206795
1873 0.00345656723308203
1872 0.00342268769294627
1871 0.00338268156620627
1870 0.0033510876890112
1869 0.00331346240056451
1868 0.00327468576007877
1867 0.00321051334480169
1866 0.0031692849684142
1865 0.0031306383466589
1864 0.0031090898215328
1863 0.00306533188975704
1862 0.00304313605287668
1861 0.00302073806116359
1860 0.00299814476328602
1859 0.00300087879580987
1858 0.00302621419146694
1857 0.00305134192122115
1856 0.00307623420312606
1855 0.00312070729292547
1854 0.00316428334521428
1853 0.00322784486543513
1852 0.00328588271083924
1851 0.00334439070092454
1850 0.00341420158768677
1849 0.00346144049530963
1848 0.00350996899035086
1847 0.00354056416881523
1846 0.00356970445082571
1845 0.00358883911195343
1844 0.00358883911195343
1843 0.00358371637702939
1842 0.00356429635357026
1841 0.00354998235865971
1840 0.00350485742231802
1839 0.00347300673206795
1838 0.00340525903794191
1837 0.00335544871144444
1836 0.00327868301475771
1835 0.00319750077824595
1834 0.00313396690738439
1833 0.00304606971041781
1832 0.00295493323070266
1831 0.00285886907288199
1830 0.0027851936201072
1829 0.00268825892897269
1828 0.00261449098852169
1827 0.00254001005500256
1826 0.00249004821840071
1825 0.00241477368284048
1824 0.00236444390780094
1823 0.00231405512946183
1822 0.00226365632178857
1821 0.00221295786577034
1820 0.00216250432194173
1819 0.00211152509760188
1818 0.00206045107088278
1817 0.00201024070646279
1816 0.00198430457588956
1815 0.00193341100057458
1814 0.00188373197890017
1813 0.00186018525512477
1812 0.00181255110168673
1811 0.00178977487720381
1810 0.00174339005110167
1809 0.00171957603509657
1808 0.00169781770221735
1807 0.00167431084414165
1806 0.00165093186019181
1805 0.00162990378591359
1804 0.00162990378591359
1803 0.00165093186019181
1802 0.00165093186019181
1801 0.00167431084414165
1800 0.00169781770221735
1799 0.00172341592906537
1798 0.00174519946108969
1797 0.00176906632527551
1796 0.00179136638121991
1795 0.00181552024591626
1794 0.00183977878120326
1793 0.00183977878120326
1792 0.00186413751920428
1791 0.00186560869727554
1790 0.00186413751920428
1789 0.00183977878120326
1788 0.00181552024591626
1787 0.00181399220974944
1786 0.00178977487720381
1785 0.00174167588267947
1784 0.00171780269025056
1783 0.00169405251480319
1782 0.00164693705371106
1781 0.00162357943470738
1780 0.00160036016513041
1779 0.00160036016513041
1778 0.00157531037560913
1777 0.00157346723388419
1776 0.00159496499665849
1775 0.0016183186418212
1774 0.00164181451153488
1773 0.00169071592725828
1772 0.00173854949663276
1771 0.00181255110168673
1770 0.00188600718042909
1769 0.0019613636863686
1768 0.00206204743736154
1767 0.00213732542653285
1766 0.00221295786577034
1765 0.00228879096477536
1764 0.0023646649170356
1763 0.00244041439599382
1762 0.00249076098369911
1761 0.00251586909824218
1760 0.00254092508056033
1759 0.00254092508056033
1758 0.00251662004574173
1757 0.00249201849586443
1756 0.00246668250672005
1755 0.00239069910289594
1754 0.00233956655640282
1753 0.00226317660690577
1752 0.00216200563424964
1751 0.00206122914586302
1750 0.0019613636863686
1749 0.0018369350793141
1748 0.00174006106748982
1747 0.00164510961130979
1746 0.00155233288021449
1745 0.00146195680265257
1744 0.00139587116205889
1743 0.00135266398652262
1742 0.00131016030373357
1741 0.00126837847354513
1740 0.00126606213836433
1739 0.00124325591734056
1738 0.00124126575141958
1737 0.0012207742453601
1736 0.0012207742453601
1735 0.0012207742453601
1734 0.0012207742453601
1733 0.00122278355058233
1732 0.00120250201599437
1731 0.00118241304122749
1730 0.00114281919044232
1729 0.00112331728102739
1728 0.00108491019132317
1727 0.00104730656959506
1726 0.00101051451701062
1725 0.000974540688568486
1724 0.000941763805035166
1723 0.000907448306018618
1722 0.000876539644335232
1721 0.000860106160479049
1720 0.000846653571279103
1719 0.000830631297579472
1718 0.000827857306254701
1717 0.000827857306254701
1716 0.000841297370907067
1715 0.000857524708334445
1714 0.000855139326186816
1713 0.000871574219103298
1712 0.000871574219103298
1711 0.000871574219103298
1710 0.000873959028283872
1709 0.000857524708334445
1708 0.000841297370907067
1707 0.000793856708437126
1706 0.000748273880547669
1705 0.000690368584844116
1704 0.00062254573552135
1703 0.00055746334609756
1702 0.000488478782514858
1701 0.000426160608126592
1700 0.000370168206055339
1699 0.000320127613240644
1698 0.000277285339308978
1697 0.000237812096613163
1696 0.000210072707212134
1695 0.000188773594941637
1694 0.000169306069646897
1693 0.000155836620198114
1692 0.000142078391704195
1691 0.000134237470654876
1690 0.000130457065234192
1689 0.000130457065234192
1688 0.000126767745962873
1687 0.000127886374522993
1686 0.000131596835046606
1685 0.000132830471910282
1684 0.000136655183238904
1683 0.000140573077335578
1682 0.000140573077335578
1681 0.000144585867735372
1680 0.000147368584392944
1679 0.00014614237072185
1678 0.000149157803758721
1677 0.000149157803758721
1676 0.000152334997579431
1675 0.000152334997579431
1674 0.000153399063310733
1673 0.000153399063310733
1672 0.00015456613228141
1671 0.00015456613228141
1670 0.000155836620198114
1669 0.000151552629718064
1668 0.000150304361824111
1667 0.000150304361824111
1666 0.000150304361824111
1665 0.000147368584392944
1664 0.000147368584392944
1663 0.000152903062229094
1662 0.000152903062229094
1661 0.000157210962699727
1660 0.000161620751285871
1659 0.000170753124686848
1658 0.000180314560997188
1657 0.000190319609734601
1656 0.000199186766226438
1655 0.000210072707212134
1654 0.000227320945209222
1653 0.000241229017741502
1652 0.000260496916856469
1651 0.000276067074298194
1650 0.000290212620646212
1649 0.000314845564250975
1648 0.000330520963673147
1647 0.000336178025016606
1646 0.000352725066156139
1645 0.000361236456440002
1644 0.000369908793657931
1643 0.000369908793657931
1642 0.000378743833395742
1641 0.000378743833395742
1640 0.000378743833395742
1639 0.000378743833395742
1638 0.000367547778865839
1637 0.000367547778865839
1636 0.000356723686903476
1635 0.000346266480629038
1634 0.000337987609353982
1633 0.000331816707883816
1632 0.000325907843086399
1631 0.000320253326358928
1630 0.000312519817459281
1629 0.000307233736358608
1628 0.000302183269342869
1627 0.000294835660316318
1626 0.000294835660316318
1625 0.000287632420060559
1624 0.000287632420060559
1623 0.000287632420060559
1622 0.000287632420060559
1621 0.000280571717675057
1620 0.000278249540902606
1619 0.000271360049635494
1618 0.000262484861150501
1617 0.000249450993641902
1616 0.00022904409853832
1615 0.000211719480329066
1614 0.000195493077523004
1613 0.000170753124686848
1612 0.000152903062229094
1611 0.000134158540330351
1610 0.000119661614831399
1609 0.000103443155270809
1608 9.18671543182514e-05
1607 8.04832491527544e-05
1606 7.57027697222965e-05
1605 7.11719128425479e-05
1604 7.11719128425479e-05
1603 7.11719128425479e-05
1602 7.34068145790735e-05
1601 7.80611257169423e-05
1600 8.55243599820053e-05
1599 9.35995384020249e-05
1598 9.83264411141681e-05
1597 0.000107447007862876
1596 0.000112887699584611
1595 0.000116229449140734
1594 0.000116229449140734
1593 0.000116229449140734
1592 0.000110644701012582
1591 0.000104329112157695
1590 9.35995384020249e-05
1589 8.29705256918269e-05
1588 7.34068145790735e-05
1587 6.48203419504326e-05
1586 5.71279525052385e-05
1585 5.02514273922289e-05
1584 4.41174648113084e-05
1583 3.99629448375107e-05
1582 3.66878508524918e-05
1581 3.43093747716795e-05
1580 3.3172623423958e-05
1579 3.20696829118041e-05
1578 3.09996896252019e-05
1577 2.99617970439576e-05
1576 2.95101486784723e-05
1575 2.95101486784723e-05
1574 2.95101486784723e-05
1573 3.05360307560963e-05
1572 3.09996896252019e-05
1571 3.09996896252019e-05
1570 3.09996896252019e-05
1569 3.14992585667855e-05
1568 3.04484865881267e-05
1567 2.94292447782014e-05
1566 2.84407175436683e-05
1565 2.6114891857618e-05
1564 2.43632607701687e-05
1563 2.27182003673898e-05
1562 2.07995820473089e-05
1561 1.86992317076284e-05
1560 1.67928787519289e-05
1559 1.53340107844697e-05
1558 1.37404434232936e-05
1557 1.30069520305436e-05
1556 1.2533661315458e-05
1555 1.2533661315458e-05
1554 1.2533661315458e-05
1553 1.34964879805907e-05
1552 1.47850543893833e-05
1551 1.61977615276158e-05
1550 1.80430325864991e-05
1549 2.00768835721873e-05
1548 2.23159459966342e-05
1547 2.39313996490596e-05
1546 2.47780164731518e-05
1545 2.56515138930414e-05
1544 2.56515138930414e-05
1543 2.47780164731518e-05
1542 2.31109441259714e-05
1541 2.11882412275312e-05
1540 1.8390465488889e-05
1539 1.6264166868425e-05
1538 1.35669566163741e-05
1537 1.1283509278896e-05
