2317989.89453855 2105618.78501496
2008 1.01456755321872e-05
2007 1.20327944612226e-05
2006 1.4237382674891e-05
2005 1.6143517376619e-05
2004 1.90353405936188e-05
2003 2.36252048099384e-05
2002 3.02609473923128e-05
2001 3.71837221227882e-05
2000 4.54994916573824e-05
1999 5.37439955873604e-05
1998 6.3506567843894e-05
1997 7.50520277929361e-05
1996 9.50014397763533e-05
1995 0.000106810542014193
1994 0.000128089369986711
1993 0.000146373283696581
1992 0.000174217902895265
1991 0.000205176009125467
1990 0.000227181518177392
1989 0.000256482707390901
1988 0.000277721461296013
1987 0.000300402235535274
1986 0.000324593071148239
1985 0.000350362564040322
1984 0.000377779609269888
1983 0.000392127507607039
1982 0.000413380228769619
1981 0.000422145024939301
1980 0.000437831744015969
1979 0.000431571899910303
1978 0.000431571899910303
1977 0.000425766914312062
1976 0.000410304483048699
1975 0.000390154070746746
1974 0.000357168365415265
1973 0.000334920964271272
1972 0.000314339384195741
1971 0.000283900200206416
1970 0.000266926056151759
1969 0.00024136941555491
1968 0.000213656122892061
1967 0.000201197175915948
1966 0.000185174356732325
1965 0.000174556040908359
1964 0.00016043765006923
1963 0.000153753314938902
1962 0.000149798429739153
1961 0.000143467872923065
1960 0.000143467872923065
1959 0.000139887483253661
1958 0.000139887483253661
1957 0.000136563886877081
1956 0.00013349258828758
1955 0.000127689873586869
1954 0.000127689873586869
1953 0.000124995572335563
1952 0.000122569908113358
1951 0.000112086375174189
1950 0.000107143787606489
1949 9.7826093837451e-05
1948 8.92253512296065e-05
1947 8.12957151019711e-05
1946 7.39933824854539e-05
1945 6.72765855577284e-05
1944 6.4125263229837e-05
1943 5.92775021295202e-05
1942 5.64504134427913e-05
1941 5.64504134427913e-05
1940 5.82128652251451e-05
1939 5.82128652251451e-05
1938 6.4125263229837e-05
1937 6.85285823003888e-05
1936 7.90358127867577e-05
1935 8.86344745222775e-05
1934 0.000106610846074616
1933 0.000127689873586869
1932 0.000155646609709262
1931 0.000196714500415777
1930 0.000236784032984951
1929 0.000288556886974313
1928 0.000336439795531068
1927 0.000405245424829479
1926 0.000468100839709882
1925 0.000530686654087444
1924 0.000596472612747157
1923 0.000659187089714211
1922 0.000726797164465858
1921 0.000774675409846698
1920 0.000824851567294545
1919 0.000841636501294381
1918 0.000859395117076597
1917 0.000851210439673133
1916 0.000851210439673133
1915 0.000843578304727986
1914 0.000824864130702912
1913 0.000824864130702912
1912 0.000807167506097374
1911 0.000807167506097374
1910 0.000807167506097374
1909 0.000781947241499412
1908 0.000790450561829444
1907 0.000790450561829444
1906 0.000774675409846698
1905 0.000774675409846698
1904 0.000750451813701373
1903 0.000750451813701373
1902 0.000726797164465858
1901 0.000695044354764334
1900 0.000672609689888885
1899 0.000664553933756909
1898 0.000642772908643769
1897 0.000664553933756909
1896 0.000657013622908676
1895 0.000672155202023035
1894 0.000718185997890829
1893 0.00076654969177205
1892 0.000832981738154033
1891 0.000922885407983214
1890 0.00101911719959116
1889 0.00111147136016524
1888 0.00120936882063704
1887 0.00131282127067925
1886 0.00146921713611546
1885 0.00154595606231651
1884 0.00166542985251511
1883 0.00173875463001184
1882 0.0017809692103299
1881 0.00186704484936584
1880 0.00191941808916004
1879 0.00200827854808053
1878 0.00204550191273567
1877 0.00208393847319696
1876 0.00213048808914809
1875 0.00217750814151409
1874 0.00227290099206713
1873 0.00232124281250993
1872 0.0024191347304572
1871 0.00252364789997421
1870 0.00261924746919488
1869 0.00272115653235955
1868 0.00282407582268929
1867 0.00298198210174874
1866 0.00308582973598174
1865 0.00318955214993189
1864 0.00324209713513893
1863 0.00334717199656914
1862 0.00339964619102195
1861 0.00345204042028834
1860 0.00350432584879758
1859 0.00350629128028834
1858 0.00345494383255847
1857 0.00340256262875297
1856 0.00334928243230544
1855 0.00324125058493087
1854 0.0031333332475973
1853 0.00297216008082871
1852 0.00281517846354274
1851 0.00265842539371128
1850 0.00245844802072768
1849 0.00231524777936237
1848 0.00217082397783885
1847 0.00207684454470468
1846 0.00198484106413769
1845 0.00193237577464405
1844 0.00193237577464405
1843 0.00193961260100636
1842 0.0019923050396154
1841 0.00203787308558684
1840 0.00217750814151409
1839 0.00227290099206713
1838 0.00246864980800183
1837 0.00261489455611848
1836 0.00282100473397856
1835 0.00303056018861332
1834 0.00318904721463227
1833 0.00340076491374689
1832 0.0036112847858908
1831 0.0038140974005194
1830 0.00395868897299072
1829 0.00415216857248346
1828 0.00429175653581118
1827 0.00442569543182678
1826 0.0045114485906827
1825 0.00463418145946623
1824 0.00471173918645971
1823 0.00478562800052132
1822 0.0048556359481142
1821 0.0049382187935713
1820 0.00500057905977988
1819 0.00507548393617001
1818 0.00514583543321203
1817 0.00519522190626921
1816 0.00523422067279969
1815 0.00529175552056553
1814 0.00532886045093028
1813 0.00532944343102655
1812 0.00534057254360465
1811 0.00533388257727881
1810 0.00533344922023055
1809 0.0053411237484936
1808 0.00532596225774606
1807 0.00533079870235181
1806 0.00533425599433933
1805 0.00531364841316697
1804 0.00531364841316697
1803 0.00533425599433933
1802 0.00533425599433933
1801 0.00533079870235181
1800 0.00532596225774606
1799 0.00529727775066523
1798 0.00531216800942535
1797 0.00530322091247857
1796 0.00531396378028341
1795 0.00530216808306722
1794 0.00528901563945382
1793 0.00528901563945382
1792 0.00527451668262637
1791 0.00525393991800918
1790 0.00527451668262637
1789 0.00528901563945382
1788 0.00530216808306722
1787 0.00532195231401079
1786 0.00533388257727881
1785 0.00535359075127778
1784 0.00536135315659701
1783 0.00536771258628469
1782 0.00537620356145138
1781 0.00537832840309217
1780 0.00537903687024561
1779 0.00537903687024561
1778 0.00539755330806943
1777 0.00541553920571455
1776 0.00543297601808136
1775 0.00543224602466383
1774 0.00543005663286517
1773 0.00540470162837503
1772 0.00539028525488983
1771 0.00534057254360465
1770 0.00529612388518004
1769 0.00522196035493154
1768 0.00511161040337253
1767 0.00503008091581583
1766 0.0049382187935713
1765 0.00483664057835227
1764 0.00472601867097126
1763 0.00460707393104278
1762 0.00452352826876175
1761 0.00448056787459433
1760 0.00443685536569855
1759 0.00443685536569855
1758 0.00449150550263987
1757 0.00454555361354785
1756 0.00458857019592772
1755 0.00472399038065188
1754 0.00479073266042953
1753 0.00490065278820177
1752 0.00501699289183363
1751 0.00512924915570483
1750 0.00522196035493154
1749 0.00532712824752333
1748 0.0053725497970943
1747 0.00539540559804748
1746 0.00539540559804748
1745 0.0053725497970943
1744 0.00534057254360465
1743 0.00531230813479291
1742 0.0052785882284728
1741 0.00523951876160727
1740 0.0052559350399625
1739 0.00524926306629748
1738 0.00526311087852416
1737 0.00523969250438543
1736 0.00523969250438543
1735 0.00523969250438543
1734 0.00523969250438543
1733 0.00522603783361365
1732 0.00520151729097357
1731 0.00517572066282363
1730 0.00512038068860866
1729 0.00509088035246355
1728 0.00502833293468033
1727 0.00496121790823254
1726 0.00488973949330158
1725 0.00481411304181464
1724 0.00472399038065188
1723 0.00464144461365981
1722 0.00454555361354785
1721 0.00450174572748861
1720 0.00444735317462075
1719 0.00440247495251212
1718 0.00441187937638011
1717 0.00441187937638011
1716 0.0044663169411747
1715 0.0045112764682023
1714 0.00452008648545989
1713 0.00456464305215189
1712 0.00456464305215189
1711 0.00456464305215189
1710 0.00455547167200585
1709 0.0045112764682023
1708 0.0044663169411747
1707 0.0043271688264042
1706 0.00418229019595303
1705 0.00398171922107715
1704 0.00372204203495979
1703 0.00345719659841642
1702 0.0031333332475973
1701 0.00281246661970403
1700 0.00250015218989283
1699 0.00220112038017465
1698 0.00192556217607756
1697 0.00166426674209522
1696 0.00147088779855565
1695 0.00132137905113264
1694 0.00118203855033013
1693 0.00108423872262081
1692 0.000984269287389466
1691 0.000926118401405554
1690 0.000897984431046262
1689 0.000897984431046262
1688 0.00087047259586156
1687 0.000878165226710651
1686 0.000905733232179944
1685 0.000914038437894681
1684 0.000942277097641338
1683 0.000971132309418646
1682 0.000971132309418646
1681 0.00100060752010533
1680 0.00102221980003984
1679 0.00101429351276067
1678 0.00103757236594765
1677 0.00103757236594765
1676 0.00106202953499289
1675 0.00106202953499289
1674 0.00106884651026618
1673 0.00106884651026618
1672 0.00107625475556615
1671 0.00107625475556615
1670 0.00108423872262081
1669 0.0010529123392111
1668 0.00104495446103016
1667 0.00104495446103016
1666 0.00104495446103016
1665 0.00102221980003984
1664 0.00102221980003984
1663 0.00106142974922472
1662 0.00106142974922472
1661 0.00109278163948972
1660 0.00112476324227127
1659 0.00119062045773681
1658 0.00125900638385998
1657 0.00132991807976779
1656 0.00139487065389201
1655 0.00147088779855565
1654 0.00158958496735471
1653 0.00167976288990522
1652 0.00180715884495481
1651 0.00190271004212748
1650 0.0019923050396154
1649 0.00213769967016933
1648 0.00223173681455769
1647 0.00227290099206713
1646 0.00236999311722351
1645 0.0024191347304572
1644 0.00246864980800183
1643 0.00246864980800183
1642 0.00251851984218026
1641 0.00251851984218026
1640 0.00251851984218026
1639 0.00251851984218026
1638 0.00246343249939792
1637 0.00246343249939792
1636 0.00240841241519784
1635 0.00235358363690339
1634 0.00230413456047569
1633 0.00226073141775371
1632 0.00221851979025125
1631 0.00217750814151409
1630 0.00213048808914809
1629 0.00209136388562654
1628 0.00205344759249196
1627 0.00200827854808053
1626 0.00200827854808053
1625 0.00196359809729117
1624 0.00196359809729117
1623 0.00196359809729117
1622 0.00196359809729117
1621 0.00191941808916004
1620 0.00191088687612728
1619 0.00186704484936584
1618 0.00181524489021066
1617 0.00172999031320001
1616 0.00159775570382748
1615 0.001479264736893
1614 0.00136631789495321
1613 0.00119062045773681
1612 0.00106142974922472
1611 0.000922885407983214
1610 0.000815748732989514
1609 0.000695044354764334
1608 0.000608602415145026
1607 0.000523382228238164
1606 0.000487705335517875
1605 0.000453981763982736
1604 0.000453981763982736
1603 0.000453981763982736
1602 0.000470603509565309
1601 0.000505295515099277
1600 0.000561077435128313
1599 0.000621542007867099
1598 0.000657013622908676
1597 0.000725457621096907
1596 0.00076654969177205
1595 0.00079162227672125
1594 0.00079162227672125
1593 0.00079162227672125
1592 0.000749423801922944
1591 0.000702071566183034
1590 0.000621542007867099
1589 0.000541973549394826
1588 0.000470603509565309
1587 0.000406913123261376
1586 0.000350362564040322
1585 0.000300402235535274
1584 0.000256482707390901
1583 0.000227181518177392
1582 0.000205037184318172
1581 0.00018868030873539
1580 0.0001809269412705
1579 0.000173446828453084
1578 0.000166232502859459
1577 0.000159276602632684
1576 0.000155646609709262
1575 0.000155646609709262
1574 0.000155646609709262
1573 0.000162497037286699
1572 0.000166232502859459
1571 0.000166232502859459
1570 0.000166232502859459
1569 0.000170250852743803
1568 0.000163182874523985
1567 0.000156367766938497
1566 0.000149798429739153
1565 0.00013389388172134
1564 0.000122569908113358
1563 0.000112086375174189
1562 0.000100618822629083
1561 8.77086809514348e-05
1560 7.62767664635054e-05
1559 6.72765855577284e-05
1558 5.82128652251451e-05
1557 5.37439955873604e-05
1556 5.1153854774252e-05
1555 5.1153854774252e-05
1554 5.1153854774252e-05
1553 5.64504134427913e-05
1552 6.4125263229837e-05
1551 7.27696437947939e-05
1550 8.37410572020263e-05
1549 9.61419608808378e-05
1548 0.000110121941015786
1547 0.000120397639204401
1546 0.000125840688469357
1545 0.000131495706198856
1544 0.000131495706198856
1543 0.000125840688469357
1542 0.000115160151772089
1541 0.000103624628281906
1540 8.63771423719791e-05
1539 7.41789896254152e-05
1538 5.85636969290922e-05
1537 4.59419202384632e-05
1536 3.43909089375514e-05
1535 2.65761422436476e-05
1534 2.15238750540742e-05
1533 1.64415774914624e-05
1532 1.31932500978128e-05
1531 1.10951318005563e-05
