233871.316949271 2567470.98360055
624 3.79119900694045e-05
623 5.2581584972875e-05
622 7.52678719092493e-05
621 9.23418840554139e-05
620 0.000102144319387566
619 0.000102144319387566
618 9.23418840554139e-05
617 9.23418840554139e-05
616 7.23310012946904e-05
615 6.50964237186552e-05
614 5.2581584972875e-05
613 4.71929975652426e-05
612 4.94765005421717e-05
611 4.94765005421717e-05
610 4.44509666761639e-05
609 3.99004143765344e-05
608 3.57838910092321e-05
607 2.71114786261883e-05
559 3.06038080138413e-05
558 5.22110415405279e-05
557 6.78634650861411e-05
556 0.000112886931233769
555 0.000183653967547611
554 0.000266769958724711
553 0.000382029496016978
552 0.000586625548555705
551 0.000813623574886007
550 0.00111252413614767
549 0.00140393950453569
548 0.0016490328883106
547 0.00219967302836557
546 0.00258143563992443
545 0.0030364986186959
544 0.00370261766737665
543 0.00461929569027625
542 0.00551221414370495
541 0.0063334121052599
540 0.00742162866261824
539 0.00821061252992689
538 0.00904954710444759
537 0.0097884204457753
536 0.0112199601989748
535 0.012111466903893
534 0.0131758265378778
533 0.014277676677203
532 0.0154797610689418
531 0.0160458937135415
530 0.0172240533062794
529 0.018355287978538
528 0.0195085976260481
527 0.0200869395790899
526 0.0212914476483455
525 0.0224478490166054
524 0.0235745182586277
523 0.024515450419677
522 0.0255218113397201
521 0.0262516473840894
520 0.0266849352738741
519 0.0274958120081435
518 0.0285074545755657
517 0.0291703891010828
516 0.030041380956863
515 0.0305158648475087
514 0.0308766393676376
513 0.0311958142052065
512 0.0309107591064239
511 0.0308515997769271
510 0.0303194255269416
509 0.0298550387406767
508 0.0291513014484608
507 0.028850831014585
506 0.0279958615514631
505 0.0261920341985111
504 0.0246609313003648
503 0.022361696671555
502 0.0200869395790899
501 0.0177889949955448
500 0.0155471085396824
499 0.0129782978602469
498 0.0105455669194082
497 0.0083755970332553
496 0.00616416706022219
495 0.00449723640414812
494 0.00308765125522674
493 0.00216357937568395
492 0.00140393950453569
491 0.000881574072673339
490 0.000583383086096148
489 0.000412455671345719
488 0.000287382726151803
487 0.000197334934306671
486 0.00016262904379515
485 0.000130511529647713
484 0.000117915096787637
483 0.000117915096787637
482 0.000147435067819629
481 0.000179225239336691
480 0.00024332225309674
479 0.000292217334114192
478 0.000349692212902768
477 0.000416986303479033
476 0.000412455671345719
475 0.000450418063665842
474 0.000450418063665842
473 0.000412455671345719
472 0.000416986303479033
471 0.000382029496016978
470 0.000319807752734236
469 0.00024332225309674
468 0.000179225239336691
467 0.000147435067819629
466 0.000106434808092251
465 8.64755700458819e-05
464 7.78375066894884e-05
463 8.02963067791032e-05
462 8.02963067791032e-05
461 9.23418840554139e-05
460 9.23418840554139e-05
459 0.000102144319387566
458 8.90574815411591e-05
457 9.86845112600702e-05
456 9.86845112600702e-05
455 8.64755700458819e-05
454 8.90574815411591e-05
453 8.02963067791032e-05
452 6.50964237186552e-05
451 6.11330952030252e-05
450 4.44509666761639e-05
449 3.20635555027228e-05
352 2.87044848149118e-05
351 3.57838910092321e-05
350 4.44509666761639e-05
349 5.50212812687173e-05
348 6.78634650861411e-05
347 8.34059827624015e-05
346 9.23418840554139e-05
345 9.23418840554139e-05
344 9.23418840554139e-05
343 9.23418840554139e-05
342 8.34059827624015e-05
341 7.52678719092493e-05
340 6.11330952030252e-05
339 4.94765005421717e-05
338 3.57838910092321e-05
