-472712.044817402 2632945.01618551
3158 0.00019920404711872
3157 0.000641595564269526
3156 0.00120017677277723
3155 0.00190012860747206
3154 0.00179162566841363
3153 0.00168653795000474
3152 0.0015847696439918
3151 0.00148622721265855
3150 0.0013908193492562
3149 0.0013908193492562
3148 0.0013908193492562
3147 0.0013908193492562
3146 0.0013908193492562
3145 0.0013908193492562
3144 0.00201214488573405
3143 0.00276381850912015
3142 0.00366942482337712
3141 0.00475596058807965
3140 0.00605414733471329
3139 0.00732259020789171
3138 0.00878445565980582
3137 0.0104643164240371
3136 0.0123890221292837
3135 0.0145877733323054
3134 0.0140719940694161
3133 0.0135762419770356
3132 0.0130996578302575
3131 0.0126414213586068
3130 0.0122007494544925
3129 0.0105348057708582
3128 0.00904419287235409
3127 0.0077147044978843
3126 0.006532747330306
3125 0.00548538083041693
3124 0.00526925077259312
3123 0.00505937869275615
3122 0.00485560707735624
3121 0.0046577815806953
3120 0.00446575098699013
3119 0.00446575098699013
3118 0.00446575098699013
3117 0.00446575098699013
3116 0.00446575098699013
3115 0.00446575098699013
3114 0.00456034746378155
3113 0.00465779694369981
3112 0.00475820461893103
3111 0.00486168014901908
3110 0.00496833787014754
3109 0.00562948613705431
3108 0.0063600128692512
3107 0.00716695248023661
3106 0.00805800413638391
3105 0.00904158618913049
3104 0.00972785945234353
3103 0.010454534081858
3102 0.0112236004365065
3101 0.012037120388887
3100 0.0128972281534481
3099 0.0118294574045863
3098 0.0108336411128516
3097 0.00990566394697449
3096 0.00904158618913049
3095 0.00823764100547587
3094 0.0059069234254168
3093 0.00410404721974937
3092 0.00272196696975668
3091 0.00167191539940305
3090 0.000881208688685178
3089 0.000652668976864977
3088 0.000446790400357697
3087 0.000261530301256456
3086 9.50071965106014e-05
3084 0.000389452586408983
3083 0.000975500658842565
3082 0.00174140972276205
3081 0.00273254947146193
3080 0.00400272094274075
3079 0.00540403115205842
3078 0.00714905037556093
3077 0.00931278983875154
3076 0.0119838339626602
3075 0.0152659857895374
3074 0.0176889044928263
3073 0.0204171753676472
3072 0.0234813304300447
3071 0.0269137798446558
3070 0.0307487590544556
3069 0.0350222461385873
3068 0.0397718464873029
3067 0.0450366420433132
3066 0.0508570025947274
3065 0.0572743569212555
3064 0.0679111403612325
3063 0.0799685450083053
3062 0.0935398827487027
3061 0.108708338462364
3060 0.125544076458017
3059 0.133872949301808
3058 0.142606927126097
3057 0.151754416409469
3056 0.161323100798516
3055 0.171319863919277
3054 0.169623742757631
3053 0.167939655599709
3052 0.166267575670479
3051 0.164607475477121
3050 0.162959326819159
3049 0.15648565932764
3048 0.150200783222011
3047 0.144102575735373
3046 0.138188758642407
3045 0.132456908430117
3044 0.135337389769207
3043 0.138241897287138
3042 0.141169625045186
3041 0.144119753226402
3040 0.147091449071405
3039 0.15161242154134
3038 0.156233692578829
3037 0.160956062064967
3036 0.165780280725405
3035 0.170707047931543
3034 0.17237220544002
3033 0.17404885200787
3032 0.175737009498025
3031 0.177436699066915
3030 0.179147941155382
3029 0.179147941155382
3028 0.179147941155382
3027 0.179147941155382
3026 0.179147941155382
3025 0.179147941155382
3024 0.180870755479668
3023 0.182605161022365
3022 0.184351176023386
3021 0.186108817970976
3020 0.187878103592688
3019 0.187878103592688
3018 0.187878103592688
3017 0.187878103592688
3016 0.187878103592688
3015 0.187878103592688
3014 0.182605161022365
3013 0.177436699066915
3012 0.17237220544002
3011 0.167411109162698
3010 0.162552782762186
3009 0.167411109162698
3008 0.17237220544002
3007 0.177436699066915
3006 0.182605161022365
3005 0.187878103592688
3004 0.210022749073511
3003 0.233863328364499
3002 0.259399807870835
3001 0.286611774166543
3000 0.315456550000478
2999 0.340693864177525
2998 0.36696741327157
2997 0.394212747176565
2996 0.422352576779829
2995 0.451296670369008
2994 0.463076833567018
2993 0.474962153648431
2992 0.486945140721328
2991 0.499017989349726
2990 0.511172583982868
2989 0.511172583982868
2988 0.511172583982868
2987 0.511172583982868
2986 0.511172583982868
2985 0.511172583982868
2984 0.511172583982868
2983 0.511172583982868
2982 0.511172583982868
2981 0.511172583982868
2980 0.511172583982868
2979 0.514223025381716
2978 0.5172779166609
2977 0.520337122187535
2976 0.523400505183594
2975 0.526467927733602
2974 0.535693036659754
2973 0.544949429130074
2972 0.554233202102862
2971 0.563540366020438
2970 0.572866847167373
2969 0.588313635884396
2968 0.603986721609343
2967 0.619875590984954
2966 0.635968603801753
2965 0.652252951334346
2964 0.68434898971016
2963 0.716053432324412
2962 0.747170674248669
2961 0.777501277218787
2960 0.806844031570433
2959 0.834998129284805
2958 0.861765416309663
2957 0.886952689533489
2956 0.910374001668471
2955 0.931852935918268
2954 0.950086836100435
2953 0.965200468286176
2952 0.977106520803568
2951 0.985752525269174
2950 0.991120569233311
2949 0.995076964061274
2948 0.997754132540835
2947 0.999141696331106
2946 0.999234269078125
2945 0.998031491248422
2944 0.997450447046562
2943 0.996764194006926
2942 0.995972949507912
2941 0.995076964061274
2940 0.994076521179953
2939 0.994589780795252
2938 0.995076964061274
2937 0.995538032455284
2936 0.995972949507912
2935 0.996381680807955
2934 0.996764194006926
2933 0.997120458823309
2932 0.997450447046562
2931 0.997754132540835
2930 0.998031491248422
2929 0.99951372472208
2928 1
2927 0.999467607681376
2926 0.997896667793857
2925 0.995270344735378
2924 0.977466476671115
2923 0.954832799377893
2922 0.927720630267416
2921 0.89654324666676
2920 0.861765416309663
2919 0.83590900702281
2918 0.809367563901501
2917 0.782290286853367
2916 0.754820427889542
2915 0.727094465859405
2914 0.747804282975455
2913 0.768105646720143
2912 0.787934210420634
2911 0.807225787031992
2910 0.82591668979004
2909 0.851451657640757
2908 0.875454011701738
2907 0.897752082639738
2906 0.918183281321646
2905 0.936596067241584
2904 0.945001682477044
2903 0.952851816851983
2902 0.960131445609695
2901 0.966826559641001
2900 0.972924210390968
2899 0.97621941598894
2898 0.979523339395322
2897 0.98283579112757
2896 0.986156575215022
2895 0.989485489081012
2894 0.97845100107337
2893 0.96670259095413
2892 0.954287943645773
2891 0.94125484550222
2890 0.927650963656661
2889 0.914253839825
2888 0.899881805103884
2887 0.884587083991628
2886 0.868424601944909
2885 0.851451657640757
2884 0.836303286659638
2883 0.820641408683665
2882 0.804505145610163
2881 0.787934210420634
2880 0.770968745987569
2879 0.747804282975455
2878 0.724106324041945
2877 0.699970606032157
2876 0.675491943549195
2875 0.650763629447624
2874 0.625876868384714
2873 0.600920247915695
2872 0.575979251023526
2871 0.551135813347983
2870 0.526467927733602
2869 0.502049298062204
2868 0.477949043682397
2867 0.454231455106296
2866 0.43095580102121
2865 0.408176186069541
2864 0.388689461287058
2863 0.369649390390919
2862 0.351082259569004
2861 0.333011264915283
2860 0.315456550000478
2859 0.296048058036193
2858 0.277357110647252
2857 0.259399807870835
2856 0.242187624588285
2855 0.225727633424368
2854 0.202453310023621
2853 0.180870755479668
2852 0.160956062064967
2851 0.142669928324669
2850 0.125959903829716
2849 0.110762620373639
2848 0.0970059632954074
2847 0.0846111433945246
2846 0.0734946370295809
2845 0.0635699691893898
2844 0.0561464949155815
2843 0.0494388635101657
2842 0.0433967815909116
2841 0.0379709341677554
2840 0.0331133569667616
2839 0.0313190080054931
2838 0.0296052717867323
2837 0.0279693191318489
2836 0.0264083741859893
2835 0.0249197161617531
2834 0.0256551771633863
2833 0.0264083741859893
2832 0.0271796420541546
2831 0.0279693191318489
2830 0.0287777472759674
2829 0.0308831279146501
2828 0.0331133569667616
2827 0.0354740478858318
2826 0.0379709341677554
2825 0.0406098619286004
2824 0.0422638698015977
2823 0.0439724549933641
2822 0.0457369311243947
2821 0.047558622553131
2820 0.0494388635101657
2819 0.050078853418667
2818 0.050725547961422
2817 0.0513789971867998
2816 0.0520392512338663
2815 0.0527063603281776
2814 0.0533803747775301
2813 0.0540613449676327
2812 0.0547493213577139
2811 0.0554443544760791
2810 0.0561464949155815
2809 0.0554443544760791
2808 0.0547493213577139
2807 0.0540613449676327
2806 0.0533803747775301
2805 0.0527063603281776
2804 0.0511180184568233
2803 0.0495586216561309
2802 0.0480282715348255
2801 0.0465270492355981
2800 0.0450550153920241
2799 0.0413062656289304
2798 0.0377913079635528
2797 0.0345019914318825
2796 0.0314299032567386
2795 0.0285664205420754
2794 0.0249594014462624
2793 0.0217356713028096
2792 0.0188620004840453
2791 0.0163070174977125
2790 0.0140412466111706
2789 0.012404733662801
2788 0.0109373802884514
2787 0.00962267139973675
2786 0.00844555268842322
2785 0.00739232461797864
2784 0.00585289865010162
2783 0.00456438282619321
2782 0.00349054505335955
2781 0.00259947457348004
2780 0.00186324032303493
2779 0.00125034298689853
2778 0.000746434690431406
2777 0.000334587095034327
2776 0
