-442511.4 1436348
1890 0.000160101072380592
1889 0.000498401928769219
1888 0.000872884549860407
1887 0.00128693326721097
1886 0.00199623141836646
1885 0.00234313421826269
1884 0.00290711931785022
1883 0.00320548814597295
1882 0.00341582924473304
1881 0.00385690428161495
1880 0.00420913411424115
1879 0.00470011021334037
1878 0.00482598400541814
1877 0.00496209962882011
1876 0.00522843216420692
1875 0.00550303842789194
1874 0.00607795460177568
1873 0.00637871697928729
1872 0.0070080156578008
1871 0.00783395997379714
1870 0.00838452696128336
1869 0.00913580586460178
1868 0.0099319392278186
1867 0.0114116674915145
1866 0.012339256190622
1865 0.013104500319009
1864 0.0136107444460997
1863 0.0146661443467107
1862 0.01521595708846
1861 0.0157809581114479
1860 0.016361488558041
1859 0.0161318301940014
1858 0.015348139543849
1857 0.0146050352904859
1856 0.013900772700219
1855 0.012879528009049
1854 0.0119140006362174
1853 0.0105646393500142
1852 0.00945938866374275
1851 0.00831559559880152
1850 0.007061541149112
1849 0.00624611577828113
1848 0.00538036327636821
1847 0.00484571561712405
1846 0.00434305236289246
1845 0.00400398083411224
1844 0.00400398083411224
1843 0.00410319264731682
1842 0.00445339986256039
1841 0.00470382575585553
1840 0.00550303842789194
1839 0.00607795460177568
1838 0.00733703194406485
1837 0.00823025031879093
1836 0.00976181458713749
1835 0.0114806325585002
1834 0.0129038615967979
1833 0.0149962668463899
1832 0.0173306071209428
1831 0.0201905283582168
1830 0.0226422798638242
1829 0.0258092592394466
1828 0.0284025195005253
1827 0.0311951513501106
1826 0.0331733922550881
1825 0.0363242924102631
1824 0.0385525011020258
1823 0.0408870701903469
1822 0.0433317212025369
1821 0.0454345795525713
1820 0.0480957871887142
1819 0.0504244047448945
1818 0.0528822886267836
1817 0.0558915575645168
1816 0.0570238364851652
1815 0.0598218236576451
1814 0.0631469613572912
1813 0.0652802379193741
1812 0.0692994097131493
1811 0.0716479604508101
1810 0.0760142030751391
1809 0.077981390491522
1808 0.0806031562068818
1807 0.082656779003421
1806 0.0847505631205454
1805 0.0875629090464604
1804 0.0875629090464604
1803 0.0847505631205454
1802 0.0847505631205454
1801 0.082656779003421
1800 0.0806031562068818
1799 0.0792356731885096
1798 0.0766144693960667
1797 0.0746784368798612
1796 0.0721955597824464
1795 0.0703431192534301
1794 0.0685279407372622
1793 0.0685279407372622
1792 0.0667495288641532
1791 0.0673116602731299
1790 0.0667495288641532
1789 0.0685279407372622
1788 0.0703431192534301
1787 0.0698027165362405
1786 0.0716479604508101
1785 0.0754522677704357
1784 0.0774123238101667
1783 0.0794116404894391
1782 0.0835300208109198
1781 0.0856500609077015
1780 0.0878113139549128
1779 0.0878113139549128
1778 0.0894445993185559
1777 0.0889165217748241
1776 0.0862453562278703
1775 0.0841023553747237
1774 0.0820006840087621
1773 0.078377308296556
1772 0.0744437595927404
1771 0.0692994097131493
1770 0.0640056450916461
1769 0.0594965597559723
1768 0.0537862578185505
1767 0.0494716668223833
1766 0.0454345795525713
1765 0.0416619086504572
1764 0.0381407625395707
1763 0.0348584835759684
1762 0.0327968712099116
1761 0.0318026819779053
1760 0.0308323106652227
1759 0.0308323106652227
1758 0.0314577504026987
1757 0.0321190936350994
1756 0.0331249602564402
1755 0.0359675604969465
1754 0.038532471043581
1753 0.0420962263433731
1752 0.0476560018293503
1751 0.0533179928807204
1750 0.0594965597559723
1749 0.0674982041925887
1748 0.0749287588157822
1747 0.0829799144954028
1746 0.0916832959049215
1745 0.101069799653298
1744 0.108575978715731
1743 0.113808907413551
1742 0.119228930383369
1741 0.124839387004177
1740 0.124233525957071
1739 0.126543140922723
1738 0.1260279137593
1737 0.128941041691937
1736 0.128941041691937
1735 0.128941041691937
1734 0.128941041691937
1733 0.129460373741196
1732 0.132427016257984
1731 0.135443447817352
1730 0.141627145644631
1729 0.144795119595387
1728 0.151285004187631
1727 0.157982250401149
1726 0.164889219733246
1725 0.172008063168068
1724 0.179959270198141
1723 0.187511493265389
1722 0.195957709634602
1721 0.199924766151291
1720 0.204677775029431
1719 0.208754371789322
1718 0.208021657138235
1717 0.208021657138235
1716 0.20326559647679
1715 0.199245518500889
1714 0.198618170868395
1713 0.194653910425078
1712 0.194653910425078
1711 0.194653910425078
1710 0.195279889295027
1709 0.199245518500889
1708 0.20326559647679
1707 0.215653422050102
1706 0.228533743734529
1705 0.246473573674682
1704 0.270122486325023
1703 0.29450910509883
1702 0.326242543977397
1701 0.359773462589975
1700 0.394977130023145
1699 0.431693424337328
1698 0.470072075147567
1697 0.509104974284284
1696 0.542456545186165
1695 0.569199115695023
1694 0.596093793401268
1693 0.61630509367795
1692 0.636583091349922
1691 0.650060961952808
1690 0.656786078073495
1689 0.656786078073495
1688 0.663499665288147
1687 0.66333263639749
1686 0.656640922494548
1685 0.656481800111788
1684 0.649801706778181
1683 0.643111458385458
1682 0.643111458385458
1681 0.636412763575908
1680 0.629774336504379
1679 0.629833774582811
1678 0.623112878801028
1677 0.623112878801028
1676 0.616347425947903
1675 0.616347425947903
1674 0.616336772325748
1673 0.616336772325748
1672 0.616322855930249
1671 0.616322855930249
1670 0.61630509367795
1669 0.62304130813442
1668 0.623079802984852
1667 0.623079802984852
1666 0.623079802984852
1665 0.629774336504379
1664 0.629774336504379
1663 0.622996795703658
1662 0.622996795703658
1661 0.61628286438601
1660 0.60956716886756
1659 0.596136984627504
1658 0.582719061078692
1657 0.569325914627946
1656 0.555802818265779
1655 0.542456545186165
1654 0.522556117204008
1653 0.509682397407451
1652 0.490146194534193
1651 0.477652595412569
1650 0.46490015672456
1649 0.446510783306515
1648 0.434105698106922
1647 0.427396744358001
1646 0.415174612606947
1645 0.409120206675899
1644 0.403104772558428
1643 0.403104772558428
1642 0.397129175502482
1641 0.397129175502482
1640 0.397129175502482
1639 0.397129175502482
1638 0.402524262074824
1637 0.402524262074824
1636 0.408018318753787
1635 0.413610059172314
1634 0.419739807431703
1633 0.426372115420624
1632 0.43304874972744
1631 0.439763708210327
1630 0.445999053933189
1629 0.452763051454521
1628 0.459549869685336
1627 0.465846419499591
1626 0.465846419499591
1625 0.472172128391047
1624 0.472172128391047
1623 0.472172128391047
1622 0.472172128391047
1621 0.478525871843093
1620 0.478078821948388
1619 0.484478864906306
1618 0.490515783770821
1617 0.503480164012585
1616 0.522818064499105
1615 0.542662408747626
1614 0.562642457466731
1613 0.596136984627504
1612 0.622996795703658
1611 0.656308209144922
1610 0.682790969323809
1609 0.715452395994704
1608 0.741088573076299
1607 0.766777905517303
1606 0.779119190511708
1605 0.79127549666033
1604 0.79127549666033
1603 0.79127549666033
1602 0.785221385091129
1601 0.772970750642171
1600 0.754266365809487
1599 0.735212051228956
1598 0.72273982692139
1597 0.703138677720953
1596 0.690203450570485
1595 0.68355364699849
1594 0.68355364699849
1593 0.68355364699849
1592 0.696554221993733
1591 0.709698977347959
1590 0.735212051228956
1589 0.760542496584748
1588 0.785221385091129
1587 0.809131009918471
1586 0.832154492363068
1585 0.854176720909529
1584 0.875085300574667
1583 0.889970331217242
1582 0.902877956611293
1581 0.911841826379872
1580 0.916191399230624
1579 0.920450763225795
1578 0.924618474636514
1577 0.928693116230182
1576 0.930065776369191
1575 0.930065776369191
1574 0.930065776369191
1573 0.925970896480968
1572 0.924618474636514
1571 0.924618474636514
1570 0.924618474636514
1569 0.923179128715338
1568 0.927232319734338
1567 0.931191484761119
1566 0.935055273899247
1565 0.944033611701352
1564 0.951110672479126
1563 0.95777903427042
1562 0.965329489737538
1561 0.973531345751561
1560 0.980742887361198
1559 0.986762483351601
1558 0.992304668237898
1557 0.995624473989713
1556 0.997129831756349
1555 0.997129831756349
1554 0.997129831756349
1553 0.994001233221329
1552 0.988725522654718
1551 0.982922617823033
1550 0.976046421780607
1549 0.968171938038519
1548 0.959324083723055
1547 0.952898381798833
1546 0.949530691931494
1545 0.946061321202138
1544 0.946061321202138
1543 0.949530691931494
1542 0.956163223765758
1541 0.963565777055244
1540 0.974220871442016
1539 0.981131824722857
1538 0.989635569330375
1537 0.995246802453303
1536 1
1535 0.999701230931353
1534 0.99731428097204
1533 0.991668029920186
1532 0.985052330645922
1531 0.974671339357926
1530 0.967216489718555
1529 0.958790720218501
1528 0.949420381361682
1527 0.940857978955424
1526 0.93346372193223
1525 0.925684637957963
1524 0.91753131055231
1523 0.91331773457097
1522 0.90462384723603
1521 0.90014644701293
1520 0.895584056539202
1519 0.887539486828946
1518 0.882705144496221
1517 0.878995424583745
1516 0.868886536425378
1515 0.864777109428135
1514 0.859512587566863
1513 0.847788324042169
1512 0.842340255163958
1511 0.835832506389531
1510 0.830281491467628
1509 0.823671016188609
1508 0.818026267465329
1507 0.818026267465329
1506 0.812322917343469
1505 0.812322917343469
1504 0.812322917343469
1503 0.818026267465329
1502 0.818026267465329
1501 0.823671016188609
1500 0.829255410169614
1499 0.834777705766665
1498 0.840236169939784
1497 0.845629081150072
1496 0.850954730258114
1495 0.856211421420785
1494 0.856211421420785
1493 0.86139747298578
1492 0.86651121838323
1491 0.86651121838323
1490 0.86651121838323
1489 0.86651121838323
1488 0.867733826278044
1487 0.867733826278044
1486 0.867733826278044
1485 0.863719513302857
1484 0.863719513302857
1483 0.857379051375349
1482 0.852094489843497
1481 0.845629081150072
1480 0.840236169939784
1479 0.834777705766665
1478 0.829255410169614
1477 0.824668203193694
1476 0.818994400143153
1475 0.807472331583625
1474 0.801627628066302
1473 0.801627628066302
1472 0.795729531939557
1471 0.78895885898287
1470 0.782989078711017
1469 0.782989078711017
1468 0.782989078711017
1467 0.776971370584186
1466 0.782989078711017
1465 0.783780358897206
1464 0.783780358897206
1463 0.783780358897206
1462 0.78895885898287
1461 0.78895885898287
1460 0.794878918674514
1459 0.795729531939557
1458 0.801627628066302
1457 0.801627628066302
1456 0.801627628066302
1455 0.796529873420375
1454 0.790552124637314
1453 0.784524518759312
1452 0.778448877116217
1451 0.771639252779716
1450 0.765501252953441
1449 0.759320707877606
1448 0.753702475978924
1447 0.753702475978924
1446 0.753702475978924
1445 0.753702475978924
1444 0.759951994931918
1443 0.765501252953441
1442 0.777732892510501
1441 0.789779841172489
1440 0.807472331583625
1439 0.818994400143153
1438 0.834777705766665
1437 0.845629081150072
1436 0.852094489843497
1435 0.857379051375349
1434 0.857379051375349
1433 0.852094489843497
1432 0.846740735817276
1431 0.834777705766665
1430 0.823671016188609
1429 0.807472331583625
1428 0.790552124637314
1427 0.772327024332775
1426 0.753702475978924
1425 0.734727842603464
1424 0.715452395994704
1423 0.702459182232787
1422 0.682790969323809
1421 0.675925326081226
1420 0.662503763302077
1419 0.649314769306899
1418 0.642703248947038
1417 0.629454548418466
1416 0.622887158759894
1415 0.609555264495109
1414 0.596220716662866
1413 0.582896197452756
1412 0.576241582012853
1411 0.556326489805501
1410 0.543105132242222
1409 0.523094576064857
1408 0.503480164012585
1407 0.484070933743543
1406 0.46490015672456
1405 0.445999053933189
1404 0.427396744358001
1403 0.409120206675899
1402 0.391194253817351
1401 0.380113418059516
1400 0.36856315886042
1399 0.362853753049287
1398 0.356482460108941
1397 0.356482460108941
1396 0.355815662577607
1395 0.361499856029313
1394 0.373004151548475
1393 0.379449655100783
1392 0.391194253817351
1391 0.409721080820598
1390 0.427954902707159
1389 0.446510783306515
1388 0.458568343675112
1387 0.477652595412569
1386 0.496985938041657
1385 0.510328088172586
1384 0.516846454049206
1383 0.523687349001228
1382 0.523687349001228
1381 0.516846454049206
1380 0.503830881282087
1379 0.490515783770821
1378 0.47126195089147
1377 0.445999053933189
1376 0.427396744358001
1375 0.403104772558428
1374 0.385300818870545
1373 0.36215723202381
1372 0.344586429368663
1371 0.328099399370303
1370 0.317352260332237
1369 0.301607431794708
1368 0.292116670992789
1367 0.282092045260114
1366 0.276394755114944
1365 0.266677226833783
1364 0.261174481209959
1363 0.256446630734395
1362 0.252500818836595
1361 0.248662194996163
1360 0.240422208846375
1359 0.235968273797474
1358 0.227221133283043
1357 0.218688571992419
1356 0.210370642216073
1355 0.201436284251495
1354 0.194377376731893
1353 0.186700671919792
1352 0.176446059329179
1351 0.169289604410307
1350 0.158942792646531
1349 0.149055549559192
1348 0.141895582726772
1347 0.132773835519704
1346 0.126191532548066
1345 0.1205588888205
1344 0.115115776181798
1343 0.11056691561687
1342 0.108000646966577
1341 0.105479575415279
1340 0.105479575415279
1339 0.107299323233283
1338 0.106641878719106
1337 0.109195192884332
1336 0.114439720430805
1335 0.119870948912669
1334 0.125492177303348
1333 0.131306575644654
1332 0.137317172884035
1331 0.143526844504901
1330 0.149247594121018
1329 0.155855391928995
1328 0.162670533226724
1327 0.169695196752309
1326 0.173286721137192
1325 0.176931343909553
1324 0.180629274136335
1323 0.180629274136335
1322 0.180629274136335
1321 0.176931343909553
1320 0.174002216511493
1319 0.167624908622468
1318 0.157301908356425
1317 0.148225132346577
1316 0.138805655679745
1315 0.123351320734564
1314 0.112464281303972
1313 0.0992524713731728
1312 0.0872481251891408
1311 0.0768821215209539
1310 0.0674982041925887
1309 0.0590338844955728
1308 0.0528822886267836
1307 0.0472469562753407
1306 0.0420962263433731
1305 0.0377563084543751
1304 0.0331249602564402
1303 0.0292446145060473
1302 0.0265755650009385
1301 0.0241003446204939
1300 0.0215696092183285
1299 0.0194632609331396
1298 0.0173254930170111
1297 0.0161210033879738
1296 0.0144331065389053
1295 0.0133830234950047
1294 0.0119140006362174
1293 0.0110016475355927
1292 0.0101400086808392
1291 0.00945938866374275
1290 0.00831559559880152
1289 0.00760723896553856
1288 0.007061541149112
1287 0.00642683701629354
1286 0.00582928029263278
1285 0.00526699760057431
1284 0.00473818916609508
1283 0.00424112733173642
1282 0.00346513091627258
1281 0.00304497682907417
1280 0.00265086514714126
1279 0.00221474426736577
1278 0.00170924048460346
1277 0.00139897884749799
1276 0.000970697787735547
1275 0.000583582375225847
1274 0.000234092361391199
1273 2.0371084898033e-05
1190 1.04324422136682e-05
1189 1.04324422136682e-05
1188 0.00011393129315728
1187 0.000221035835700504
1186 0.000160101072380592
1185 0
