520086.098478834 1791333.19776525
1174 0.000748223375652218
1173 0.00215977216851789
1172 0.00186885050404437
1171 0.000933480150897314
1170 0.000103116118916764
1068 0
1067 0.000354995466684963
1066 0.00100904552015894
1065 0.00172266697501321
1064 0.00260937805707551
1063 0.00419920132645606
1062 0.00639690388646172
1061 0.00939432685307456
1060 0.0146298611486154
1059 0.0203636006445505
1058 0.0278443211612823
1057 0.0374695170528389
1056 0.0496811405440468
1055 0.0649555112083704
1054 0.0837875574338546
1053 0.109338203758157
1052 0.136959081846435
1051 0.160836419311584
1050 0.187560971351921
1049 0.217211196808763
1048 0.253180584010259
1047 0.288580734913142
1046 0.313708013423258
1045 0.340000672935748
1044 0.353564249218089
1043 0.364658806652407
1042 0.378864452733854
1041 0.393324251586561
1040 0.393324251586561
1039 0.393324251586561
1038 0.393324251586561
1037 0.393324251586561
1036 0.378864452733854
1035 0.364658806652407
1034 0.350718842649636
1033 0.337055064918918
1032 0.310593010841387
1031 0.297810706262211
1030 0.276470349918982
1029 0.264668961540692
1028 0.242008377148873
1027 0.224262815505888
1026 0.204155109483041
1025 0.185297093439982
1024 0.167678880298479
1023 0.151281168913791
1022 0.13607634779251
1021 0.122029608285285
1020 0.115427945455209
1019 0.103040027025568
1018 0.0888268334711373
1017 0.0786401810795854
1016 0.0739050538492858
1015 0.0651150663769579
1014 0.0610455796800882
1013 0.0535209082157058
1012 0.0500510727450506
1011 0.046766536389098
1010 0.0436601004071752
1009 0.0407246477670276
1008 0.042617119528303
1007 0.0397669915744464
1006 0.0389808107172602
1005 0.0389808107172602
1004 0.0389808107172602
1003 0.0389808107172602
1002 0.0389808107172602
1001 0.0389808107172602
1000 0.0397669915744464
999 0.042617119528303
998 0.0436601004071752
997 0.046766536389098
996 0.048109366183708
995 0.0515019320177562
994 0.0588705372270515
993 0.0628616460247046
992 0.0739050538492858
991 0.0836117267905218
990 0.0972417460121126
989 0.103040027025568
988 0.115427945455209
987 0.125613862935716
986 0.140120808690105
985 0.147820195667471
984 0.164133564820816
983 0.185297093439982
982 0.214052530689318
981 0.23861969874096
980 0.271941350032813
979 0.307895819544198
978 0.346336674715276
977 0.370263789498846
976 0.398398621055792
975 0.412802083572443
974 0.412802083572443
973 0.412802083572443
972 0.401074873475074
971 0.387047777120315
970 0.37324146734086
969 0.346336674715276
968 0.333258660089442
967 0.317000392690286
966 0.304366077644253
965 0.300995222122259
964 0.313708013423258
963 0.337055064918918
962 0.390981214349709
961 0.481878095559727
960 0.614277176644828
959 0.779670508043412
958 0.943708235704636
957 1
956 0.893937678212286
955 0.764042185022167
954 0.715591676528967
953 0.699022070301155
952 0.715591676528967
951 0.746502038434602
950 0.775312771110342
949 0.815594048060032
948 0.85049436122516
947 0.88949387906747
946 0.917455001309016
945 0.941927733567718
944 0.953361292432801
943 0.950307726008862
942 0.947241722400744
941 0.932974453755233
940 0.929366456942299
939 0.925120425907067
938 0.925120425907067
937 0.93810287311811
936 0.944863886194783
935 0.949966569974875
934 0.957553235242635
933 0.93810287311811
932 0.909903560367507
931 0.860063079403846
930 0.793681972698131
929 0.714070908603495
928 0.626338848522028
927 0.534898460961032
926 0.444351368314586
925 0.359667537757997
924 0.283639477960601
923 0.217910589694012
922 0.17145458052784
921 0.143477431410432
920 0.11597904384965
919 0.0926536750761849
918 0.0776823292861314
917 0.0660178006431908
916 0.0619852765749572
915 0.0581529185745481
914 0.0545138778062593
913 0.0545138778062593
912 0.0607636541714472
911 0.0607636541714472
910 0.0607636541714472
909 0.0607636541714472
908 0.0607636541714472
907 0.0570339894515585
906 0.0477884501632639
905 0.0417548366338326
904 0.0338857937675006
903 0.0253329167966739
902 0.0199512974888293
901 0.0145447271788051
900 0.0104104726763726
899 0.00665993395735952
898 0.00405354643068578
897 0.00222586345757102
896 0.00169308033592281
895 0.00124179540609798
894 0.00104312815814176
893 0.00104312815814176
892 0.00150482219350344
891 0.00199790494463448
890 0.00290462541652999
889 0.00405354643068578
888 0.00498075292010361
887 0.00665993395735952
886 0.00662019246122929
885 0.00727175692739927
884 0.00662019246122929
883 0.0060149725704704
882 0.00549952032774136
881 0.00405354643068578
880 0.00290462541652999
879 0.00199790494463448
878 0.00128714665790102
877 0.000733737122656641
876 0.000270587013714225
875 0.000270587013714225
874 0.000270587013714225
873 0.000399286197102675
872 0.000860706608501705
871 0.00174126624151418
870 0.00290462541652999
869 0.00449955596460661
868 0.00730699261855589
867 0.010403758391099
866 0.0145447271788051
865 0.0199512974888293
864 0.0269213721858199
863 0.0333768764487784
862 0.0383510198981842
861 0.0433060522637095
860 0.0462575458107843
859 0.0493708754679765
858 0.0493708754679765
857 0.0439181355076758
856 0.0439181355076758
855 0.0439181355076758
854 0.0439181355076758
853 0.0410573422233004
852 0.0410573422233004
851 0.0410573422233004
850 0.0433060522637095
849 0.0433060522637095
848 0.0433060522637095
847 0.0410573422233004
846 0.0410573422233004
845 0.0363599304460855
844 0.0338857937675006
843 0.0315521151583387
842 0.0289469591636299
841 0.0269213721858199
840 0.026670082858326
839 0.0247990163935536
838 0.0230378579742777
837 0.0213814519680214
836 0.0199512974888293
835 0.0199512974888293
834 0.0199512974888293
833 0.0230378579742777
832 0.0247990163935536
831 0.0284713090617921
830 0.032733328654523
829 0.0350535982073375
828 0.0401004587469147
827 0.0405102310832599
826 0.0433060522637095
825 0.0462575458107843
824 0.0462575458107843
823 0.0462575458107843
822 0.0462575458107843
821 0.0433060522637095
820 0.0405102310832599
819 0.0378639936262798
818 0.0353613378649601
817 0.0310968640232057
816 0.0269213721858199
815 0.0250144495499004
814 0.021779890562781
813 0.021534699907091
812 0.0199512974888293
811 0.0198247870786741
810 0.0198247870786741
809 0.0183629997407933
808 0.0169913767877726
807 0.0145447271788051
806 0.0123330461993418
805 0.0113350869329708
804 0.00872608149714407
803 0.00727175692739927
802 0.00545323699581038
801 0.00449955596460661
800 0.00325816592640291
799 0.00199790494463448
798 0.00108689955319122
797 0.000270587013714225
