593863.462669671 259394.332512647
2086 0
2085 0.000212527741288683
2084 0.000438433347892422
2083 0.000678456736675996
2082 0.00080400302214347
2081 0.0010666645406661
2080 0.00120398632630694
2079 0.00128414782133613
2078 0.00137011994664604
2077 0.00131669236203182
2076 0.00131669236203182
2075 0.0011279087242817
2074 0.000992072940295907
2073 0.000732342651866169
2072 0.000411602170242749
2071 0.000228389998285328
2070 5.76592230550448e-05
2060 5.76592230550448e-05
2059 0.000274170269593043
2058 0.000624714444929715
2057 0.000824371953149228
2056 0.00103840055386724
2055 0.00126786713280135
2054 0.00156059248311143
2053 0.00176636348938287
2052 0.00198454369918477
2051 0.00198454369918477
2050 0.00221581529036267
2049 0.00221581529036267
2048 0.00221581529036267
2047 0.00228730126110616
2046 0.00228730126110616
2045 0.00253985605219158
2044 0.00263955728503545
2043 0.00301262949610888
2042 0.00340757842028855
2041 0.00382550724418169
2040 0.00426756280672726
2039 0.00463899358082861
2038 0.00512827594906129
2037 0.00520013988964105
2036 0.00537556897376866
2035 0.00537556897376866
2034 0.00537556897376866
2033 0.00511981522249546
2032 0.00494947245155127
2031 0.00455021782397194
2030 0.0038715608653292
2029 0.0032478155101997
2028 0.00274635417818229
2027 0.00238758141015821
2026 0.0020489610280265
2025 0.00172949837026494
2024 0.00157665136149146
2023 0.00157665136149146
2022 0.00164120288657465
2021 0.0017957299179341
2020 0.00202805066171357
2019 0.00228730126110616
2018 0.00263955728503545
2017 0.00293361977295903
2016 0.00352854249735344
2015 0.00417609773502154
2014 0.00488025753390051
2013 0.00538321032667749
2012 0.00619116892150279
2011 0.00676748342430631
2010 0.00781570057158543
2009 0.00847991390169648
2008 0.00954379331655504
2007 0.0106936165851931
2006 0.0119351070253212
2005 0.0131072225548293
2004 0.0145397681615916
2003 0.0166221183892398
2002 0.0191240063610917
2001 0.0216632962173099
2000 0.0244501246403444
1999 0.0272446279968121
1998 0.0303077765795752
1997 0.0336615965028725
1996 0.0386109065460533
1995 0.041576873559666
1994 0.046193242456441
1993 0.0499112091776743
1992 0.0552279813368317
1991 0.060173010219101
1990 0.0635669377276346
1989 0.068305536647551
1988 0.0716137509642986
1987 0.0750446663856613
1986 0.0786011669898232
1985 0.082286117630087
1984 0.0861023584637385
1983 0.0880605921081686
1982 0.0905485996196062
1981 0.0920790255040119
1980 0.0941399136490477
1979 0.0936684586992373
1978 0.0936684586992373
1977 0.0932314398232658
1976 0.0911794596806558
1975 0.0887676453498076
1974 0.0844905711786674
1973 0.081053942237072
1972 0.0777657165345164
1971 0.0728946028136372
1970 0.0699444870282404
1969 0.0655408471653028
1968 0.0609607155099628
1967 0.0584734932089489
1966 0.0556598397259255
1965 0.0533818401720473
1964 0.0507672105188916
1963 0.049498007532154
1962 0.0490866976036186
1961 0.0478482443636258
1960 0.0478482443636258
1959 0.0474676454109419
1958 0.0474676454109419
1957 0.0471118954458502
1956 0.0467809444798142
1955 0.0455824600016477
1954 0.0455824600016477
1953 0.0447294930502017
1952 0.0439146004191427
1951 0.0416639337538281
1950 0.040572963206074
1949 0.038458021856688
1948 0.0364301353233849
1947 0.034486599381357
1946 0.0326247458468938
1945 0.0308419448743138
1944 0.0299793782781181
1943 0.0288679658733961
1942 0.0280472354150373
1941 0.0280472354150373
1940 0.0283103142007706
1939 0.0283103142007706
1938 0.0299793782781181
1937 0.0314420595172065
1936 0.0341907658235621
1935 0.0368343634094294
1934 0.0410264722491464
1933 0.0455824600016477
1932 0.050870327497777
1931 0.0580485708251301
1930 0.064432684022676
1929 0.0725336120234696
1928 0.07956385016524
1927 0.0890756886697151
1926 0.0972914159782164
1925 0.105504166235885
1924 0.113034140338951
1923 0.120335110026683
1922 0.127980169818174
1921 0.133271756334219
1920 0.138721711236651
1919 0.140880684366005
1918 0.143111746720037
1917 0.142560435395278
1916 0.142560435395278
1915 0.142048756256901
1914 0.139745419788546
1913 0.139745419788546
1912 0.137515769206021
1911 0.137515769206021
1910 0.137515769206021
1909 0.134778356628244
1908 0.135358367432912
1907 0.135358367432912
1906 0.133271756334219
1905 0.133271756334219
1904 0.130606295917632
1903 0.130606295917632
1902 0.127980169818174
1901 0.124791052008701
1900 0.122247122199744
1899 0.121686736640565
1898 0.119185594560145
1897 0.121686736640565
1896 0.121163943710385
1895 0.123211331059579
1894 0.128393697168514
1893 0.133734797986844
1892 0.140293483864544
1891 0.149468058310235
1890 0.15907148428381
1889 0.168412779901232
1888 0.178133194939857
1887 0.18823668465256
1886 0.203021003809617
1885 0.210317778572815
1884 0.221586389929366
1883 0.228601421471617
1882 0.232530830887805
1881 0.24051946713313
1880 0.24528775616276
1879 0.253531824556674
1878 0.257014094089826
1877 0.260582284216383
1876 0.264858112507028
1875 0.269176660551899
1874 0.277941249177679
1873 0.282386918215108
1872 0.29140396055394
1871 0.301220312397422
1870 0.309934011841298
1869 0.319442524410199
1868 0.329109924935264
1867 0.344486000050419
1866 0.354523316324177
1865 0.364152549777552
1864 0.36930604682364
1863 0.379718704388634
1862 0.384976789850505
1861 0.390268633628794
1860 0.395593654012248
1859 0.395119397340315
1858 0.389332675696445
1857 0.383594914379955
1856 0.37790977797995
1855 0.367441313237526
1854 0.357118125766131
1853 0.341914403923394
1852 0.327516401921168
1851 0.31303178108734
1850 0.294813347989996
1849 0.281776588488939
1848 0.268557966895046
1847 0.259959123374749
1846 0.251532598070383
1845 0.24679664072532
1844 0.24679664072532
1843 0.24738427134309
1842 0.252159363480136
1841 0.256349323536153
1840 0.269176660551899
1839 0.277941249177679
1838 0.295974868564148
1837 0.309346633507376
1836 0.328542638641617
1835 0.348366232869563
1834 0.363630005248361
1833 0.384485408656498
1832 0.405884707654393
1831 0.428205678842374
1830 0.445314005801744
1829 0.467898496957379
1828 0.485080297097339
1827 0.502445135168136
1826 0.51411133930466
1825 0.531726173925612
1824 0.543534917425967
1823 0.555386564938497
1822 0.567272703676196
1821 0.579117188384663
1820 0.591081342011686
1819 0.603055007894585
1818 0.61509240917358
1817 0.627122457309388
1816 0.633203652181514
1815 0.645327564565251
1814 0.657353608054601
1813 0.663213050794783
1812 0.674957589669863
1811 0.680666978089428
1810 0.692163110557901
1809 0.698000863436547
1808 0.703485859997162
1807 0.709261759136871
1806 0.715014856369348
1805 0.720323911398943
1804 0.720323911398943
1803 0.715014856369348
1802 0.715014856369348
1801 0.709261759136871
1800 0.703485859997162
1799 0.69735462867672
1798 0.691870878055946
1797 0.686034394824591
1796 0.680432466934742
1795 0.674542168564475
1794 0.668636937133846
1793 0.668636937133846
1792 0.662718052750559
1791 0.662525255640745
1790 0.662718052750559
1789 0.668636937133846
1788 0.674542168564475
1787 0.674757972107241
1786 0.680666978089428
1785 0.692435308531048
1784 0.698292027320883
1783 0.704128701858512
1782 0.715736647954835
1781 0.721505273437043
1780 0.727248563485384
1779 0.727248563485384
1778 0.733343012105132
1777 0.733692497314024
1776 0.728246692124956
1775 0.722453104015721
1774 0.716634301148865
1773 0.704682502780696
1772 0.692920464213809
1771 0.674957589669863
1770 0.657094786656149
1769 0.639037187316805
1768 0.615026502446046
1767 0.597067261860076
1766 0.579117188384663
1765 0.561207120715103
1764 0.543366858216099
1763 0.525625089659127
1762 0.513865600062346
1761 0.508009328988909
1760 0.502169989574344
1759 0.502169989574344
1758 0.507762130595867
1757 0.513412131263756
1756 0.519311718198906
1755 0.536942847527804
1754 0.549021063851306
1753 0.566978607865393
1752 0.591048411547094
1751 0.615061705288482
1750 0.639037187316805
1749 0.669016341236487
1748 0.692687690056421
1747 0.716060403666972
1746 0.739049723568639
1745 0.761569951437232
1744 0.7781004744389
1743 0.788929378836113
1742 0.799592610880157
1741 0.810079496363102
1740 0.810664163785849
1739 0.816408587091184
1738 0.816915007741496
1737 0.822086553200947
1736 0.822086553200947
1735 0.822086553200947
1734 0.822086553200947
1733 0.821566181132467
1732 0.826674250307836
1731 0.8317314753648
1730 0.841688151726836
1729 0.846585001828522
1728 0.856209287251123
1727 0.865599212089322
1726 0.874744754093816
1725 0.883636074744655
1724 0.891478781689516
1723 0.899806631055709
1722 0.906945797816578
1721 0.910846885233222
1720 0.913669040310973
1719 0.917407947435022
1718 0.918427409285475
1717 0.918427409285475
1716 0.915608240222197
1715 0.911767364878204
1714 0.91261658548013
1713 0.908689446601707
1712 0.908689446601707
1711 0.908689446601707
1710 0.907852744993171
1709 0.911767364878204
1708 0.915608240222197
1707 0.926677803821288
1706 0.937046293224881
1705 0.949735147479313
1704 0.963690629090982
1703 0.976494102054373
1702 0.987589917680138
1701 0.995254123242178
1700 0.999405533777041
1699 1
1698 0.995903926330773
1697 0.989425438986849
1696 0.980218538001415
1695 0.972129696896977
1694 0.962586839674185
1693 0.954501785540927
1692 0.946687397306648
1691 0.940342067597579
1690 0.937046293224881
1689 0.937046293224881
1688 0.933669684560109
1687 0.932672738447331
1686 0.93603744616597
1685 0.934951479392205
1684 0.938223109561751
1683 0.941413514031225
1682 0.941413514031225
1681 0.944521790648595
1680 0.948681313488636
1679 0.949735147479313
1678 0.95368082958082
1677 0.95368082958082
1676 0.957476675832216
1675 0.957476675832216
1674 0.956568359514186
1673 0.956568359514186
1672 0.955576468775001
1671 0.955576468775001
1670 0.954501785540927
1669 0.951634053991111
1668 0.952698453887839
1667 0.952698453887839
1666 0.952698453887839
1665 0.948681313488636
1664 0.948681313488636
1663 0.950488458086658
1662 0.950488458086658
1661 0.953345152209456
1660 0.956116325888078
1659 0.961398966546359
1658 0.966330323264922
1657 0.970904721526441
1656 0.976358375176518
1655 0.980218538001415
1654 0.985308099529566
1653 0.986940116737369
1652 0.990587965007796
1651 0.991137319048469
1650 0.99269425328581
1649 0.992796281473612
1648 0.993379052734298
1647 0.995034227432868
1646 0.995034227432868
1645 0.994887818084622
1644 0.994643850228365
1643 0.994643850228365
1642 0.994302395425824
1641 0.994302395425824
1640 0.994302395425824
1639 0.994302395425824
1638 0.996060456858507
1637 0.996060456858507
1636 0.997630790793476
1635 0.999010822733955
1634 0.999060216376613
1633 0.997778411105509
1632 0.996305466092367
1631 0.994643850228365
1630 0.994302395425824
1629 0.992359426712046
1628 0.990234606083316
1627 0.989607295991376
1626 0.989607295991376
1625 0.988883968925023
1624 0.988883968925023
1623 0.988883968925023
1622 0.988883968925023
1621 0.988064835392733
1620 0.989645521907658
1619 0.9887264148773
1618 0.989194574143165
1617 0.986868290688173
1616 0.984031482598311
1615 0.978961920560996
1614 0.973056395170553
1613 0.961398966546359
1612 0.950488458086658
1611 0.933789197744011
1610 0.919965405303027
1609 0.900980627445884
1608 0.884510484808723
1607 0.867874002705443
1606 0.858697389106673
1605 0.849283014827566
1604 0.849283014827566
1603 0.849283014827566
1602 0.854019304515935
1601 0.863316030816952
1600 0.876803086700705
1599 0.889711698666697
1598 0.89892736891342
1597 0.910846885233222
1596 0.919374302589155
1595 0.923064501280176
1594 0.923064501280176
1593 0.923064501280176
1592 0.914674443149087
1591 0.906945797816578
1590 0.889711698666697
1589 0.872370089213014
1588 0.854019304515935
1587 0.834737444208396
1586 0.814605242995844
1585 0.793705510944209
1584 0.772122570709911
1583 0.755538288102758
1582 0.738228239802375
1581 0.726861619426319
1580 0.721137588775291
1579 0.715388178110367
1578 0.709614708983265
1577 0.703818499420165
1576 0.704128701858512
1575 0.704128701858512
1574 0.704128701858512
1573 0.709944015733156
1572 0.709614708983265
1571 0.709614708983265
1570 0.709614708983265
1569 0.709261759136871
1568 0.703485859997162
1567 0.697688465564206
1566 0.691870878055946
1565 0.680432466934742
1564 0.668636937133846
1563 0.656786788292533
1562 0.638815998590324
1561 0.620950775574026
1560 0.603050670905052
1559 0.591081342011686
1558 0.573141227065671
1557 0.567072618529245
1556 0.561093059780882
1555 0.561093059780882
1554 0.561093059780882
1553 0.573059047927701
1552 0.585097603354695
1551 0.597081766275474
1550 0.614986353805292
1549 0.632866807749238
1548 0.6506906084833
1547 0.662525255640745
1546 0.668424461640901
1545 0.67430990349849
1544 0.67430990349849
1543 0.668424461640901
1542 0.656613551702031
1541 0.638690806244414
1540 0.614940791559068
1539 0.591174586292395
1538 0.561574936581794
1537 0.532152064270431
1536 0.502733842659788
1535 0.473966075714202
1534 0.451338826914987
1533 0.423623966362804
1532 0.401965004624988
1531 0.381396249351532
1530 0.365908737320418
1529 0.350736562117935
1528 0.33589265471466
1527 0.320705232730138
1526 0.311217989534441
1525 0.301890169297243
1524 0.292724183997468
1523 0.288202562551638
1522 0.279283289153658
1521 0.274886081041181
1520 0.270530762131983
1519 0.261244970978289
1518 0.257014094089826
1517 0.252159363480136
1516 0.243908904208204
1515 0.239217995190533
1514 0.235200205094745
1513 0.227928242768677
1512 0.224041804907862
1511 0.220872609371314
1510 0.217073242944994
1509 0.214030833446905
1508 0.210317778572815
1507 0.210317778572815
1506 0.206647846851825
1505 0.206647846851825
1504 0.206647846851825
1503 0.210317778572815
1502 0.210317778572815
1501 0.214030833446905
1500 0.217787033867752
1499 0.221586389929366
1498 0.225428899209344
1497 0.229314546554504
1496 0.23324330386908
1495 0.237215129905646
1494 0.237215129905646
1493 0.24122997005894
1492 0.24528775616276
1491 0.24528775616276
1490 0.24528775616276
1489 0.24528775616276
1488 0.24457857788713
1487 0.24457857788713
1486 0.24457857788713
1485 0.239848598508427
1484 0.239848598508427
1483 0.236503529851777
1482 0.232530830887805
1481 0.229314546554504
1480 0.225428899209344
1479 0.221586389929366
1478 0.217787033867752
1477 0.213317239008535
1476 0.209604583868442
1475 0.20230920374391
1474 0.198726390580232
1473 0.198726390580232
1472 0.195186750303841
1471 0.192398485457924
1470 0.188943418550189
1469 0.188943418550189
1468 0.188943418550189
1467 0.185531094539811
1466 0.188943418550189
1465 0.18823668465256
1464 0.18823668465256
1463 0.18823668465256
1462 0.192398485457924
1461 0.192398485457924
1460 0.195896386789215
1459 0.195186750303841
1458 0.198726390580232
1457 0.198726390580232
1456 0.198726390580232
1455 0.194517342358948
1454 0.19102213726877
1453 0.187570117897518
1452 0.184161185312306
1451 0.18145828856366
1450 0.178133194939857
1449 0.174850671866431
1448 0.170953972393269
1447 0.170953972393269
1446 0.170953972393269
1445 0.170953972393269
1444 0.174191758902705
1443 0.178133194939857
1442 0.184826079605616
1441 0.191690209776863
1440 0.20230920374391
1439 0.209604583868442
1438 0.221586389929366
1437 0.229314546554504
1436 0.232530830887805
1435 0.236503529851777
1434 0.236503529851777
1433 0.232530830887805
1432 0.228601421471617
1431 0.221586389929366
1430 0.214030833446905
1429 0.20230920374391
1428 0.19102213726877
1427 0.18079522981677
1426 0.170953972393269
1425 0.161494575918285
1424 0.152412475270103
1423 0.146564769040508
1422 0.138099425390387
1421 0.135976810481375
1420 0.131254461130881
1419 0.12603246907577
1418 0.123479657018149
1417 0.118489031131997
1416 0.115430045693666
1415 0.11067558935834
1414 0.106069331470095
1413 0.10160878976007
1412 0.0994323685399194
1411 0.0931146024822875
1410 0.0890756886697151
1409 0.0827618529127935
1408 0.0772673488684473
1407 0.0720584535763992
1406 0.0671255156088022
1405 0.0624588089190626
1404 0.0580485708251301
1403 0.0538850376395561
1402 0.0499584779210445
1401 0.0478482443636258
1400 0.0454446813964451
1399 0.0442788694158395
1398 0.0427776971498493
1397 0.0427776971498493
1396 0.0424423568358826
1395 0.0435741927955234
1394 0.0459086094490032
1393 0.0474676454109419
1392 0.0499584779210445
1391 0.054293241664066
1390 0.0584734932089489
1389 0.0629005020077968
1388 0.0655408471653028
1387 0.0703839581335144
1386 0.0754997907778671
1385 0.07956385016524
1384 0.0814006903089591
1383 0.08381029568012
1382 0.08381029568012
1381 0.0814006903089591
1380 0.0777590752817038
1379 0.0737636115559003
1378 0.0687397656044098
1377 0.0624588089190626
1376 0.0580485708251301
1375 0.0525503330454707
1374 0.0487006120047512
1373 0.0439146004191427
1372 0.0402476790117018
1371 0.0371229511089242
1370 0.0351473306778394
1369 0.0323384599427534
1368 0.0308419448743138
1367 0.0291356070663537
1366 0.0280472354150373
1365 0.026459831458448
1364 0.0254606763458277
1363 0.0247146754530434
1362 0.0242092292246639
1361 0.0237292019669364
1360 0.022580647452614
1359 0.0219034112614375
1358 0.0205952023468265
1357 0.019346801008108
1356 0.0181559991802166
1355 0.0168143665275641
1354 0.0159386190179055
1353 0.0149078832849894
1352 0.013645345681592
1351 0.0127264833383185
1350 0.0114314955252082
1349 0.0102310857921482
1348 0.00932507321539984
1347 0.00827935678079625
1346 0.00749651845035257
1345 0.0068830561981846
1344 0.00630157044454311
1343 0.00586401090822572
1342 0.00559696062280747
1341 0.00533708032372863
1340 0.00533708032372863
1339 0.00548618749049304
1338 0.00538321032667749
1337 0.00564522513531995
1336 0.00619116892150279
1335 0.00676748342430631
1334 0.00737559389936346
1333 0.00801697549628726
1332 0.00869315395973245
1331 0.00940570627143599
1330 0.0100226444195109
1329 0.0108070334584806
1328 0.0116326603800364
1327 0.0125013112356673
1326 0.0129523434536183
1325 0.0134148257627578
1324 0.0138889965506027
1323 0.0138889965506027
1322 0.0138889965506027
1321 0.0134148257627578
1320 0.0131072225548293
1319 0.0123703351968104
1318 0.0110969712071326
1317 0.010068844341831
1316 0.00896737814937291
1315 0.00718569908130084
1314 0.00602237059503151
1313 0.00463899358082861
1312 0.00344987381594293
1311 0.00249488966399022
1310 0.00166829619714264
1309 0.000954754990333197
1308 0.000455990038592276
1307 1.43012539640751e-05
