1881116.69614474 2584116.08643015
1998 0.000323986360520188
1997 0.000729182563759562
1996 0.00135372679677584
1995 0.00172668708662561
1994 0.00233339780310699
1993 0.00283244476554702
1992 0.0035616560972325
1991 0.00428762982301852
1990 0.00479398143064218
1989 0.00548750524711629
1988 0.00597950973942946
1987 0.00649643924665475
1986 0.00703936092816352
1985 0.00760937617875178
1984 0.00820762108459276
1983 0.00851769427603281
1982 0.00894644371893977
1981 0.00916049074755609
1980 0.00949352017006508
1979 0.00938624247530242
1978 0.00938624247530242
1977 0.00928728009289804
1976 0.00895831493285575
1975 0.00854993045049124
1974 0.00785741383745316
1973 0.00734629877937415
1972 0.0068640059675458
1971 0.00614908794187357
1970 0.00573045723963762
1969 0.00510257861115748
1968 0.00443780500368278
1967 0.00410200737303419
1966 0.0037031737407335
1965 0.00340288267467628
1964 0.00303949705758464
1963 0.00286471796868064
1962 0.0027911610577759
1961 0.00262249870373777
1960 0.00262249870373777
1959 0.00255538843543578
1958 0.00255538843543578
1957 0.00249299829472295
1956 0.00243525058819843
1955 0.00227516108176337
1954 0.00227516108176337
1953 0.00217439538374094
1952 0.00207952673848844
1951 0.00178259084079901
1950 0.00163993817886855
1949 0.00136582001067124
1948 0.001106046239121
1947 0.000859953462488664
1946 0.000626903701726295
1945 0.000406283730691459
1944 0.000300449886664527
1943 0.000156789130702909
1942 5.76540482323285e-05
1941 5.76540482323285e-05
1940 9.73773000503657e-05
1939 9.73773000503657e-05
1938 0.000300449886664527
1937 0.000471261157727506
1936 0.000812842641478998
1935 0.00113676200323303
1934 0.0016755502020413
1933 0.00227516108176337
1932 0.00300332850593978
1931 0.00402177994341498
1930 0.00496289892928893
1929 0.00616737366803139
1928 0.00724351457408508
1927 0.00874367111029326
1926 0.0100791440272682
1925 0.0114088278771572
1924 0.0127378998050427
1923 0.0140144162784674
1922 0.0153800697588083
1921 0.0163425015996607
1920 0.0173483165510061
1919 0.0176909664151048
1918 0.0180508998393125
1917 0.0178948819518991
1916 0.0178948819518991
1915 0.0177507930935657
1914 0.0173725790129419
1913 0.0173725790129419
1912 0.0170121977390632
1911 0.0170121977390632
1910 0.0170121977390632
1909 0.0165097016720568
1908 0.0166690357362498
1907 0.0166690357362498
1906 0.0163425015996607
1905 0.0163425015996607
1904 0.0158559596158547
1903 0.0158559596158547
1902 0.0153800697588083
1901 0.0147556907503042
1900 0.014303422018776
1899 0.0141579273298182
1898 0.0137183772700539
1897 0.0141579273298182
1896 0.0140229040113018
1895 0.0143429841333751
1894 0.0152630503193476
1893 0.0162252110356253
1892 0.0175258637570535
1891 0.0193098966812064
1890 0.0212333299663327
1889 0.0230844112612556
1888 0.0250555364753757
1887 0.027152750475121
1886 0.0304143472164297
1885 0.0320168590346548
1884 0.0345424479258625
1883 0.0360233669033713
1882 0.0369290718118798
1881 0.0387936216750692
1880 0.0400567268918791
1879 0.0420394578559714
1878 0.0427424737094892
1877 0.0434757588115356
1876 0.0445256073967742
1875 0.0455951460573521
1874 0.0477943599535221
1873 0.0489245709326544
1872 0.0512475473321195
1871 0.0539944202468435
1870 0.0561513079196078
1869 0.0587364522632855
1868 0.0614133586211469
1867 0.065982397236856
1866 0.06890678784435
1865 0.071536850104814
1864 0.0730825048199949
1863 0.076251126236357
1862 0.0778746357500571
1861 0.0795246382549729
1860 0.0812014028667759
1859 0.0808093373862867
1858 0.0787748681285675
1857 0.0768008649868333
1856 0.0748863662006014
1855 0.0717462542344372
1854 0.0687089946875025
1853 0.064341086919566
1852 0.0604621262254243
1851 0.0565148501860595
1850 0.0518370371406779
1849 0.0486236220785901
1848 0.0453058912312732
1847 0.043194224259982
1846 0.0411601889695305
1845 0.0399204222423123
1844 0.0399204222423123
1843 0.040171621808544
1842 0.0414340722101858
1841 0.0424453350933644
1840 0.0455951460573521
1839 0.0477943599535221
1838 0.0524408538271162
1837 0.0558266593613608
1836 0.0610727734560618
1835 0.0666946971076937
1834 0.0711683790590418
1833 0.077490381833512
1832 0.0842364822334155
1831 0.0918389113525897
1830 0.0979953602898347
1829 0.106024882539999
1828 0.112364485703599
1827 0.118983269829348
1826 0.123553908962051
1825 0.130651369114586
1824 0.135546419234978
1823 0.140574034699652
1822 0.145735707609769
1821 0.15050205825966
1820 0.155931153028409
1819 0.160992038061583
1818 0.166218668319929
1817 0.172059480802857
1816 0.17458633890184
1815 0.180223837517367
1814 0.186417751824397
1813 0.189986718850475
1812 0.196854692451256
1811 0.200606969629767
1810 0.207767458454833
1809 0.21113954908053
1808 0.215109071797763
1807 0.218553832720795
1806 0.222034740032119
1805 0.226146843985392
1804 0.226146843985392
1803 0.222034740032119
1802 0.222034740032119
1801 0.218553832720795
1800 0.215109071797763
1799 0.212295308990809
1798 0.208327946834326
1797 0.204991540357212
1796 0.201131913919361
1795 0.1978683799687
1794 0.194640938065789
1793 0.194640938065789
1792 0.191449528202621
1791 0.192006073671636
1790 0.191449528202621
1789 0.194640938065789
1788 0.1978683799687
1787 0.197344207006952
1786 0.200606969629767
1785 0.207241322956823
1784 0.21061299788279
1783 0.214021047349009
1782 0.220946346176752
1781 0.224463612003758
1780 0.228017285021871
1779 0.228017285021871
1778 0.231115498836819
1777 0.230658564779121
1776 0.226646054283863
1775 0.223091950895266
1774 0.21957459442362
1773 0.213071824094763
1772 0.206293521007247
1771 0.196854692451256
1770 0.18728625560921
1769 0.178525522838394
1768 0.167205717755464
1767 0.158697526141517
1766 0.15050205825966
1765 0.142615139403087
1764 0.135032149412873
1763 0.127748058677547
1762 0.123055399271953
1761 0.120757463727801
1760 0.118491503301212
1759 0.118491503301212
1758 0.120293425633084
1757 0.122152494934213
1756 0.124476607350013
1755 0.13123025495795
1754 0.136589122448338
1753 0.144257464220968
1752 0.155428806613761
1751 0.166695193257648
1750 0.178525522838394
1749 0.193628988590384
1748 0.20674989885618
1747 0.220453960153405
1746 0.234742361784908
1745 0.249614012488953
1744 0.261148490038378
1743 0.269018178872014
1742 0.277030845854009
1741 0.285185399740943
1740 0.284745046320252
1739 0.288472650482046
1738 0.288101882776
1737 0.292273305249171
1736 0.292273305249171
1735 0.292273305249171
1734 0.292273305249171
1733 0.292642155258823
1732 0.296846728382058
1731 0.301086175400888
1730 0.309668856344215
1729 0.314011644113925
1728 0.322798911654455
1727 0.331720027886455
1726 0.340772737514281
1725 0.34995459295962
1724 0.359617725723937
1723 0.369041021413022
1722 0.378948545255065
1721 0.383758954380028
1720 0.38897753198177
1719 0.393838720597345
1718 0.393465232278001
1717 0.393465232278001
1716 0.388244562803555
1715 0.383400077621687
1714 0.383068197618436
1713 0.378247635106059
1712 0.378247635106059
1711 0.378247635106059
1710 0.378584379027692
1709 0.383400077621687
1708 0.388244562803555
1707 0.402946321034655
1706 0.417890735666391
1705 0.438170720130658
1704 0.464040547734899
1703 0.490221210564277
1702 0.522478203528505
1701 0.555197085900873
1700 0.588208139208536
1699 0.621328698471827
1698 0.654272207117237
1697 0.686951871149627
1696 0.71357327185644
1695 0.734674214967988
1694 0.755406532389121
1693 0.770674670010172
1692 0.786086706546696
1691 0.795945417841991
1690 0.800822360962456
1689 0.800822360962456
1688 0.805663009127164
1687 0.805196918112663
1686 0.800368887875999
1685 0.799879625294518
1684 0.795028939087904
1683 0.790143035655585
1682 0.790143035655585
1681 0.785222922825821
1680 0.780704276474022
1679 0.781106973990633
1678 0.776453914884371
1677 0.776453914884371
1676 0.771715973953635
1675 0.771715973953635
1674 0.771398967936316
1673 0.771398967936316
1672 0.771051857621515
1671 0.771051857621515
1670 0.770674670010172
1669 0.775705067845854
1668 0.776095017025595
1667 0.776095017025595
1666 0.776095017025595
1665 0.780704276474022
1664 0.780704276474022
1663 0.775284110498491
1662 0.775284110498491
1661 0.770267435848564
1660 0.765220600819673
1659 0.755040510005248
1658 0.744751961056825
1657 0.734363073174638
1656 0.72416576118235
1655 0.71357327185644
1654 0.697544632629612
1653 0.686588004780628
1652 0.670374230885459
1651 0.659374110841469
1650 0.648498624342942
1649 0.632061110742746
1648 0.621154465952407
1647 0.615725384140857
1646 0.604776719706723
1645 0.599301916219297
1644 0.593827980577707
1643 0.593827980577707
1642 0.588355789090526
1641 0.588355789090526
1640 0.588355789090526
1639 0.588355789090526
1638 0.593801792216104
1637 0.593801792216104
1636 0.599274358812779
1635 0.604770750220854
1634 0.610281864967113
1633 0.615773051742421
1632 0.621236072108054
1631 0.62666680306429
1630 0.632132521337798
1629 0.637507901785082
1628 0.642840721766025
1627 0.648259963432383
1626 0.648259963432383
1625 0.653671650293007
1624 0.653671650293007
1623 0.653671650293007
1622 0.653671650293007
1621 0.659074842362906
1620 0.659229858158382
1619 0.664639339860319
1618 0.670212535873978
1617 0.681006201653535
1616 0.697328563383087
1615 0.713316675935212
1614 0.729133535771707
1613 0.755040510005248
1612 0.775284110498491
1611 0.799354688490352
1610 0.818327483959047
1609 0.841132828360525
1608 0.858572707209286
1607 0.87599369098397
1606 0.884037989054471
1605 0.891864694321982
1604 0.891864694321982
1603 0.891864694321982
1602 0.88797898398813
1601 0.880042593595836
1600 0.867738982279065
1599 0.854978447439669
1598 0.846852477608846
1597 0.833347467385798
1596 0.824642469563932
1595 0.819957084059769
1594 0.819957084059769
1593 0.819957084059769
1592 0.828758028998061
1591 0.837893672715048
1590 0.854978447439669
1589 0.871892183555715
1588 0.88797898398813
1587 0.903181423332443
1586 0.917444538968201
1585 0.930716161283921
1584 0.942947231015757
1583 0.951410074661455
1582 0.958205250729674
1581 0.963053407117192
1580 0.965368767935807
1579 0.967610911341206
1578 0.969779303588473
1577 0.971873427689928
1576 0.97295939446605
1575 0.97295939446605
1574 0.97295939446605
1573 0.970857998787493
1572 0.969779303588473
1571 0.969779303588473
1570 0.969779303588473
1569 0.968630159193997
1568 0.970716556483189
1567 0.972728450829951
1566 0.974665362340396
1565 0.979497500708179
1564 0.982851751732246
1563 0.985896415255213
1562 0.988652834749539
1561 0.991909024640625
1560 0.994449005958728
1559 0.996992059447273
1558 0.998331874297983
1557 0.999796064308651
1556 1
1555 1
1554 1
1553 0.999510623991025
1552 0.997519651187674
1551 0.995135507876188
1550 0.992835569012333
1549 0.989817404762628
1548 0.986087580157241
1547 0.983209598772662
1546 0.981654189754857
1545 0.980021660781783
1544 0.980021660781783
1543 0.981654189754857
1542 0.984687514075478
1541 0.987355080280534
1540 0.991521191316156
1539 0.993015121126118
1538 0.994820802203684
1537 0.994620009448112
1536 0.993811969779741
1535 0.989596197868168
1534 0.984799997508253
1533 0.977055543412514
1532 0.969489552127709
1531 0.959476199532499
1530 0.952182085029806
1529 0.944256694462115
1528 0.935716695530517
1527 0.927705576888783
1526 0.921266360594066
1525 0.914575340591802
1524 0.907638643772368
1523 0.904080133890776
1522 0.896786826520749
1521 0.893053676222834
1520 0.889263977287038
1519 0.882410123508552
1518 0.878441381471263
1517 0.875231817106986
1516 0.867003576926897
1515 0.863535006417262
1514 0.859281183191108
1513 0.849946616219806
1512 0.8455627098842
1511 0.840435745273118
1510 0.835975728336897
1509 0.8307628375584
1508 0.8262317752915
1507 0.8262317752915
1506 0.821658755135357
1505 0.821658755135357
1504 0.821658755135357
1503 0.8262317752915
1502 0.8262317752915
1501 0.8307628375584
1500 0.835250979275711
1499 0.839695242983885
1498 0.844094676762112
1497 0.848448334565812
1496 0.852755276563539
1495 0.857014569473103
1494 0.857014569473103
1493 0.861225286896763
1492 0.865386509655314
1491 0.865386509655314
1490 0.865386509655314
1489 0.865386509655314
1488 0.866219298604757
1487 0.866219298604757
1486 0.866219298604757
1485 0.862813010592615
1484 0.862813010592615
1483 0.857817058519877
1482 0.853542433980798
1481 0.848448334565812
1480 0.844094676762112
1479 0.839695242983885
1478 0.835250979275711
1477 0.831471741942942
1476 0.82692474914957
1475 0.817705622282705
1474 0.813035438987805
1473 0.813035438987805
1472 0.808326150168687
1471 0.802966511912132
1470 0.798198300567248
1469 0.798198300567248
1468 0.798198300567248
1467 0.793393997574242
1466 0.798198300567248
1465 0.798794202157578
1464 0.798794202157578
1463 0.798794202157578
1462 0.802966511912132
1461 0.802966511912132
1460 0.807697644844047
1459 0.808326150168687
1458 0.813035438987805
1457 0.813035438987805
1456 0.813035438987805
1455 0.808917432576208
1454 0.804154650326882
1453 0.799354688490352
1452 0.794518544678273
1451 0.789117703623184
1450 0.784227737234939
1449 0.779304625105197
1448 0.774832193060739
1447 0.774832193060739
1446 0.774832193060739
1445 0.774832193060739
1444 0.779803037590557
1443 0.784227737234939
1442 0.793973524478733
1441 0.803578741499995
1440 0.817705622282705
1439 0.82692474914957
1438 0.839695242983885
1437 0.848448334565812
1436 0.853542433980798
1435 0.857817058519877
1434 0.857817058519877
1433 0.853542433980798
1432 0.849220046608565
1431 0.839695242983885
1430 0.8307628375584
1429 0.817705622282705
1428 0.804154650326882
1427 0.789647219310825
1426 0.774832193060739
1425 0.759736746257353
1424 0.744388144301428
1423 0.734028572627883
1422 0.718318626907971
1421 0.712744659025643
1420 0.701880007403517
1419 0.691262279214394
1418 0.685930096660463
1417 0.675223965959818
1416 0.670038516029661
1415 0.659229858158382
1414 0.648383794656573
1413 0.637507901785082
1412 0.632061110742746
1411 0.615696442333604
1410 0.604775513961736
1409 0.588355789090526
1408 0.571958315127307
1407 0.555607254619836
1406 0.539324819728638
1405 0.523132435220648
1404 0.507050699779544
1403 0.491099351426366
1402 0.475297237076869
1401 0.465160603212028
1400 0.454816001645073
1399 0.449674735612384
1398 0.444211488844782
1397 0.444211488844782
1396 0.443887572142994
1395 0.449024809926197
1394 0.459364219345454
1393 0.464854294485857
1392 0.475297237076869
1391 0.491355139240017
1390 0.507274064256362
1389 0.523321847213965
1388 0.533916318061643
1387 0.55017107665064
1386 0.566501691927802
1385 0.577486020842355
1384 0.582938969931321
1383 0.588435011018745
1382 0.588435011018745
1381 0.582938969931321
1380 0.572037254442407
1379 0.56105106414245
1378 0.544743333797197
1377 0.523132435220648
1376 0.507050699779544
1375 0.485814493905538
1374 0.470066154541642
1373 0.449340283627916
1372 0.433680943618161
1371 0.418548994734765
1370 0.408585921908912
1369 0.393838720597345
1368 0.384555846343863
1367 0.3749874546134
1366 0.369817369984573
1365 0.360413844469143
1364 0.35534035880881
1363 0.3507101977296
1362 0.346537883747504
1361 0.34243552542217
1360 0.333913759280511
1359 0.329456186010987
1358 0.320638494080391
1357 0.311952553715528
1356 0.303400377891411
1355 0.294450581466482
1354 0.286704462178054
1353 0.278563846708266
1352 0.267198774405354
1351 0.259413928563909
1350 0.248002887326322
1349 0.236913340965983
1348 0.229104983830929
1347 0.218553832720795
1346 0.21113954908053
1345 0.204431592046549
1344 0.1978683799687
1343 0.192006073671636
1342 0.188849477970696
1341 0.185728655998725
1340 0.185728655998725
1339 0.188294082637781
1338 0.187772901186629
1337 0.190927238789012
1336 0.197344207006952
1335 0.203905992878945
1334 0.21061299788279
1333 0.217465492577223
1332 0.224463612003758
1331 0.231607351164264
1330 0.238405689622993
1329 0.245841569617621
1328 0.253422701420743
1327 0.261148490038378
1326 0.265065400635003
1325 0.269018178872014
1324 0.273006704289819
1323 0.273006704289819
1322 0.273006704289819
1321 0.269018178872014
1320 0.265548673372932
1319 0.258273746175515
1318 0.246854570274477
1317 0.236319693919453
1316 0.225551793446744
1315 0.207767458454833
1314 0.194640938065789
1313 0.178525522838394
1312 0.163351337520499
1311 0.149539858302979
1310 0.136589122448338
1309 0.124476607350013
1308 0.115373074582071
1307 0.106775512803818
1306 0.0986688126773193
1305 0.0914238844419428
1304 0.0838639794235921
1303 0.0771324437570752
1302 0.0723631992954361
1301 0.0678252380163049
1300 0.0632106040697268
1299 0.0591232534197715
1298 0.0549874908661762
1297 0.0525205309807433
1296 0.0489830110228609
1295 0.0467300644835289
1294 0.0435032799554091
1293 0.0414506893805658
1292 0.0394744767942889
1291 0.0377800790013429
1290 0.0350528978347559
1289 0.0333216276282649
1288 0.0318610677540443
1287 0.0302558610475367
1286 0.0287138866737885
1285 0.0272332070386615
1284 0.0258119157677472
1283 0.0244481386825603
1282 0.022340926529586
1281 0.0211184421523073
1280 0.0199470665783745
1279 0.0186880940506845
1278 0.0171011090680269
1277 0.0160998789802731
1276 0.0146791895349901
1275 0.0133512602690181
1274 0.0121110604864459
1273 0.0113306010370902
1272 0.0103222294915721
1271 0.00895831493285575
1270 0.00801728661930288
1269 0.00722777733129212
1268 0.00614908794187357
1267 0.00517179039677
1266 0.00428762982301852
1265 0.00348887996080959
1264 0.00271266330766024
1263 0.00191777369614367
1262 0.00135372679677584
1261 0.000769273231060907
1260 0.000220144362894407
1249 0.000186085001340477
1248 0.00039361249597197
1247 0.000612879622988385
1246 0.000844469038934198
1245 0.000965073164470449
1244 0.00108898716108416
1243 0.00121629065175033
1242 0.00134706482693485
1241 0.00134706482693485
1240 0.00134706482693485
1239 0.00134706482693485
1238 0.00134706482693485
1237 0.00121629065175033
1236 0.0010332760542332
1235 0.000910672995015102
1234 0.000910672995015102
1233 0.000791354282126678
1232 0.00072709670838299
1231 0.000612879622988385
1230 0.000501742738567118
1229 0.00039361249597197
1228 0.000288416800501869
1227 0.000186085001340477
1226 4.1744979362046e-05
1215 0
1214 0.000197504406317721
1213 0.000515077370537431
1212 0.000859953462488664
1211 0.00136582001067124
1210 0.00178259084079901
1209 0.00239258114026414
1208 0.00307010434325354
1207 0.00362640092476798
1206 0.00435984086712307
1205 0.00501939236003679
1204 0.00573045723963762
1203 0.00623479296555715
1202 0.00686100116189162
1201 0.00742138777101001
1200 0.00771192854610881
1199 0.00800955795618909
1198 0.00831442147279333
1197 0.00831442147279333
1196 0.00851769427603281
1195 0.00883526684681796
1194 0.00916049074755609
1193 0.00927390443284465
1192 0.00960920324331376
1191 0.0100791440272682
1190 0.0109361534549086
1189 0.0109361534549086
1188 0.0113096960695837
1187 0.011691954816511
1186 0.0115456768427578
1185 0.0110319447963232
1184 0.0100720318430752
1183 0.00895831493285575
1182 0.00727319415892243
1181 0.00557290835831934
1180 0.00354282290612425
1179 0.00140640871850255
