328291.772318005 4187265.66342274
4777 0.000159230366593066
4776 0.000361356386125562
4775 0.000570100973331133
4774 0.000361356386125562
4773 0.000159230366593066
4576 8.31077076245562e-05
4575 0.000225881715587846
4574 0.000430193342924593
4573 0.000641185591669189
4572 0.000859047423064085
4571 0.00108397204248745
4570 0.00131615695560794
4569 0.0017474870948198
4568 0.00220357261052664
4567 0.002685627277892
4566 0.00319491079730873
4565 0.00373272968240963
4564 0.00369825462478438
4563 0.00366389597135751
4562 0.00362965338675898
4561 0.00359552653635742
4560 0.00356151508625845
4559 0.00327518579766539
4558 0.00299730013697082
4557 0.00272763692079079
4556 0.00246597970915871
4555 0.00221211674256084
4554 0.00214018083600624
4553 0.00206892095711749
4552 0.0019983314417762
4551 0.00192840666089891
4550 0.0018591410204106
4549 0.00211611567636435
4548 0.0023812332025968
4547 0.00265471444500087
4546 0.00293678488133503
4545 0.00322767467094648
4544 0.00292269148075122
4543 0.00262738127014962
4542 0.00234148242527149
4541 0.00206473867126944
4540 0.00179689902773106
4539 0.00192174604269715
4538 0.00204857987004547
4537 0.00217742776362322
4536 0.00230831725532148
4535 0.00244127615593085
4534 0.00261022256290595
4533 0.0027826067671321
4532 0.00295849223329916
4531 0.00313794340786161
4530 0.00332102572893249
4529 0.00412970767622383
4528 0.0050044442273345
4527 0.00594972704791745
4526 0.00697026834306439
4525 0.00807100409682031
4524 0.00885085903262416
4523 0.00967083499920313
4522 0.010532662688809
4521 0.011438126538089
4520 0.0123890651186924
4519 0.0136349186461256
4518 0.0149559986383062
4517 0.016355911442872
4516 0.0178383684591915
4515 0.0194071843868093
4514 0.0206835369128429
4513 0.0220161786802305
4512 0.0234070499456815
4511 0.0248581284210339
4510 0.0263714283964114
4509 0.0265780126367936
4508 0.0267857443353147
4507 0.0269946284088257
4506 0.0272046697849878
4505 0.027415873402221
4504 0.0273101260044004
4503 0.0272046697849878
4502 0.0270995041256758
4501 0.0269946284088257
4500 0.0268900420174704
4499 0.0277348688592139
4498 0.0285984900542652
4497 0.0294812250483487
4496 0.030383395939332
4495 0.0313053274189553
4494 0.0312646864600081
4493 0.0312243693478892
4492 0.0311843758725595
4491 0.03114470582474
4490 0.0311053589959307
4489 0.0302253942253339
4488 0.0293642026055885
4487 0.0285214600267585
4486 0.0276968456642366
4485 0.0268900420174704
4484 0.0254195939085633
4483 0.0240065226738602
4482 0.0226490992967631
4481 0.0213456210940567
4480 0.0200944126549982
4479 0.0202655885719794
4478 0.0204377563724918
4477 0.020610920603387
4476 0.0207850858237096
4475 0.0209602566046667
4474 0.0203827458031969
4473 0.0198166766148029
4472 0.0192618579799722
4471 0.0187181010264079
4470 0.0181852190723526
4469 0.0176330553765288
4468 0.0170921432794587
4467 0.0165622982467949
4466 0.0160433376379947
4465 0.015535080715549
4464 0.0145920196583157
4463 0.0136860404232902
4462 0.0128159656949338
4461 0.0119806417167504
4460 0.0111789384964061
4459 0.0111431996420923
4458 0.01110772028263
4457 0.011072499162018
4456 0.0110375350313009
4455 0.0110028266485439
4454 0.0116523023043099
4453 0.0123242360513024
4452 0.0130192606471817
4451 0.0137380207193129
4450 0.0144811727461441
4449 0.0156070403180044
4448 0.0167880312966701
4447 0.0180262990594217
4446 0.0193240488047291
4445 0.0206835369128429
4444 0.0218351714756281
4443 0.0230303463240098
4442 0.0242703440595269
4441 0.0255564680603532
4440 0.0268900420174704
4439 0.0283808053609532
4438 0.029929860773586
4437 0.031538936172711
4436 0.0332097835112417
4435 0.0349441777346484
4434 0.0351972403452798
4433 0.0354516417401564
4432 0.0357073872016451
4431 0.0359644820205731
4430 0.0362229314961492
4429 0.0370064609789804
4428 0.0378023739316142
4427 0.0386108147441468
4426 0.0394319284340083
4425 0.0402658606256156
4424 0.0435839906777328
4423 0.0471009478265627
4422 0.0508251432400105
4421 0.0547650702064771
4420 0.0589292816584866
4419 0.0637200090468898
4418 0.0687969096634007
4417 0.0741709935194686
4416 0.0798531952107054
4415 0.0858543253832733
4414 0.0909625664749508
4413 0.0962910256730024
4412 0.101844834994011
4411 0.107628965986184
4410 0.113648208448117
4409 0.118258929240487
4408 0.123004330176856
4407 0.127886273851188
4406 0.132906551348385
4405 0.138066877031146
4404 0.139733364348425
4403 0.141415638744327
4402 0.143113781151053
4401 0.144827871621562
4400 0.146557989300928
4399 0.146922639265865
4398 0.147287931864247
4397 0.147653867523741
4396 0.148020446670101
4395 0.148387669727155
4394 0.148020446670101
4393 0.147653867523741
4392 0.147287931864247
4391 0.146922639265865
4390 0.146557989300928
4389 0.146839402217903
4388 0.147121958328539
4387 0.147405660471699
4386 0.147690511480869
4385 0.147976514184019
4384 0.149820969300234
4383 0.151681616067177
4382 0.153558505834003
4381 0.155451688695246
4380 0.157361213468139
4379 0.158211962071085
4378 0.159066143473707
4377 0.159923758059235
4376 0.160784806067759
4375 0.161649287595337
4374 0.159705801453831
4373 0.157778716623128
4372 0.155867987486934
4371 0.153973567105853
4370 0.152095407239982
4369 0.148020446670101
4368 0.144023396959866
4367 0.140103681437221
4366 0.13626069633658
4365 0.132493811948461
4364 0.132155119071311
4363 0.131817049231002
4362 0.131479601924275
4361 0.131142776646263
4360 0.130806572890509
4359 0.133173068818281
4358 0.135570166736731
4357 0.137998035335597
4356 0.140456839271552
4355 0.142946739049188
4354 0.146277716733512
4353 0.149662283103257
4352 0.153100691780914
4351 0.156593179699009
4350 0.160139966621717
4349 0.162475516088425
4348 0.164834707244885
4347 0.167217612474201
4346 0.16962430125665
4345 0.172054840113739
4344 0.171965473929573
4343 0.171876729790972
4342 0.171788608643373
4341 0.171701111425304
4340 0.171614239068383
4339 0.172021461228282
4338 0.172429349521751
4337 0.172837904236965
4336 0.173247125659717
4335 0.173657014073407
4334 0.170396566472708
4333 0.167178675341054
4332 0.164003182932301
4331 0.160869922117714
4330 0.157778716623128
4329 0.15435114877863
4328 0.150976295820827
4327 0.147653867523741
4326 0.144383560624748
4325 0.141165059249518
4324 0.140021543691359
4323 0.138884701977776
4322 0.137754525129136
4321 0.136631003790611
4320 0.135514128236144
4319 0.136631003790611
4318 0.137754525129136
4317 0.138884701977776
4316 0.140021543691359
4315 0.141165059249518
4314 0.140810631722014
4313 0.140456839271552
4312 0.140103681437221
4311 0.139751157756328
4310 0.13939926776441
4309 0.13939926776441
4308 0.13939926776441
4307 0.13939926776441
4306 0.13939926776441
4305 0.13939926776441
4304 0.13939926776441
4303 0.13939926776441
4302 0.13939926776441
4301 0.13939926776441
4300 0.13939926776441
4299 0.145467890901528
4298 0.151721722193301
4297 0.15816282365479
4296 0.164793090135952
4295 0.171614239068383
4294 0.17530324322144
4293 0.179046384176051
4292 0.182843850752494
4291 0.186695815368967
4290 0.19060243361801
4289 0.19367878889159
4288 0.196788348004181
4287 0.199931162094493
4286 0.203107275598834
4285 0.206316726133556
4284 0.209094240735428
4283 0.211896285704866
4282 0.214722872382427
4281 0.217574008195521
4280 0.220449696605872
4279 0.219880362147538
4278 0.219312338325659
4277 0.218745627887757
4276 0.21818023353901
4275 0.217616157942317
4274 0.213900535319538
4273 0.21022922445804
4272 0.206602129949336
4271 0.203019144833721
4270 0.199480150876493
4269 0.199480150876493
4268 0.199480150876493
4267 0.199480150876493
4266 0.199480150876493
4265 0.199480150876493
4264 0.198580166726922
4263 0.197682899452146
4262 0.196788348004181
4261 0.195896511290146
4260 0.195007388172502
4259 0.19813119354463
4258 0.201288273766184
4257 0.204478670364983
4256 0.207702417998744
4255 0.210959544338612
4254 0.210959544338612
4253 0.210959544338612
4252 0.210959544338612
4251 0.210959544338612
4250 0.210959544338612
4249 0.215108018064125
4248 0.219312338325659
4247 0.223572607292429
4246 0.227888907721424
4245 0.232261302482462
4244 0.238291517959617
4243 0.244419866515386
4242 0.250646090454113
4241 0.256969860341934
4240 0.263390773511926
4239 0.271636398016419
4238 0.280031117464719
4237 0.288573293278598
4236 0.297261079997492
4235 0.306092422163553
4234 0.31022384063436
4233 0.314386201722688
4232 0.318579288460964
4231 0.322802874107984
4230 0.327056722088842
4229 0.332570024522931
4228 0.338132396126227
4227 0.343743261541836
4226 0.349402017895612
4225 0.355108034646499
4224 0.360934596287814
4223 0.366805255945911
4222 0.372719133809605
4221 0.378675319639582
4220 0.384672872838421
4219 0.387249829875923
4218 0.389836810809698
4217 0.392433758033854
4216 0.395040612481493
4215 0.397657313617624
4214 0.397657313617624
4213 0.397657313617624
4212 0.397657313617624
4211 0.397657313617624
4210 0.397657313617624
4209 0.39156425754921
4208 0.385510867608515
4207 0.379498144648203
4206 0.373527059143528
4205 0.367598551083797
4204 0.363143328539675
4203 0.358718020540031
4202 0.354322896536709
4201 0.349958214901849
4200 0.345624223011602
4199 0.336814324803189
4198 0.328119826505622
4197 0.319543192055703
4196 0.31108671699279
4195 0.302752529639773
4194 0.304004422692111
4193 0.305259159314797
4192 0.306516723412141
4191 0.307777098699176
4190 0.309040268701877
4189 0.307777098699176
4188 0.306516723412141
4187 0.305259159314797
4186 0.304004422692111
4185 0.302752529639773
4184 0.308044859668078
4183 0.313388696291936
4182 0.318783586049059
4181 0.324229048693678
4180 0.32972457698263
4179 0.336584185920266
4178 0.343515011548644
4177 0.350515736678839
4176 0.35758497779358
4175 0.364721284941338
4174 0.360787205308011
4173 0.35687256276895
4172 0.352977640416792
4171 0.349102714767347
4170 0.345248055748302
4169 0.339616345646059
4168 0.334033148899635
4167 0.328499048755735
4166 0.323014600939857
4165 0.317580333832611
4164 0.322486114447125
4163 0.327430694144398
4162 0.332413584029151
4161 0.33743427589279
4160 0.342492242179577
4159 0.351932229212741
4158 0.361502680448726
4157 0.371200447396182
4156 0.381022165267526
4155 0.390964251931975
4154 0.405078115730491
4153 0.419409273048845
4152 0.433945739049281
4151 0.448674694259945
4150 0.463582491013497
4149 0.477889378927765
4148 0.492341384251376
4147 0.506925196118939
4146 0.521626837276903
4145 0.536431677673077
4144 0.546862835668292
4143 0.557326560372522
4142 0.567817154216293
4141 0.578328788234094
4140 0.588855506648576
4139 0.591865063521586
4138 0.594875212828291
4137 0.59788581026554
4136 0.60089671077178
4135 0.603907768537466
4134 0.601649466182101
4133 0.599391231730725
4132 0.597133126814178
4131 0.594875212828291
4130 0.592617550931387
4129 0.585846685743778
4128 0.579080267744611
4127 0.572319908299602
4126 0.565567198003102
4125 0.558823706136904
4124 0.555099848883018
4123 0.55138228731159
4122 0.547671276663559
4121 0.543967069002906
4120 0.540269913200362
4119 0.535070356855993
4118 0.529880416934226
4117 0.52470077160927
4116 0.519532090225599
4115 0.51437503318468
4114 0.511433613581158
4113 0.508496322730201
4112 0.505563279844758
4111 0.502634603149313
4110 0.499710409874027
4109 0.494565319862387
4108 0.489431973903977
4107 0.484311090517166
4106 0.479203378486199
4105 0.474109536701274
4104 0.481330815150003
4103 0.488585494037546
4102 0.495871841818238
4101 0.503188086675796
4100 0.510532417018174
4099 0.516426860384118
4098 0.522337129192901
4097 0.528262242325895
4096 0.534201203229443
4095 0.540153000132852
4094 0.552109999158969
4093 0.564097447657677
4092 0.57610630811862
4091 0.588127338340336
4090 0.600151102638832
4089 0.615926877897035
4088 0.631685806281105
4087 0.647406040310098
4086 0.663065264855878
4085 0.678640746235682
4084 0.689665472879098
4083 0.700616874918572
4082 0.711486153475759
4081 0.722264474479902
4080 0.73294298086219
4079 0.739397226923827
4078 0.745820173745736
4077 0.752209879328865
4076 0.758564393885898
4075 0.764881760789998
4074 0.768333972194751
4073 0.771772077961135
4072 0.775195753141935
4071 0.778604673003426
4070 0.781998513075855
4069 0.786723938008683
4068 0.791418283023399
4067 0.796080661553392
4066 0.800710188985491
4065 0.805305982936078
4064 0.809217718760268
4063 0.813103471841166
4062 0.816962691334767
4061 0.820794828157261
4060 0.824599335113966
4059 0.825230695058939
4058 0.825861269840706
4057 0.826491056942624
4056 0.827120053849749
4055 0.827748258048837
4054 0.825758491992979
4053 0.823762856053209
4052 0.821761444760405
4051 0.819754352561309
4050 0.817741673810234
4049 0.812714499792082
4048 0.807634049094582
4047 0.80250164446686
4046 0.797318618876846
4045 0.792086314885639
4044 0.788068389666617
4043 0.78402744395742
4042 0.779964036767366
4041 0.775878727926931
4040 0.771772077961135
4039 0.764881760789998
4038 0.757936321620082
4037 0.750938362392379
4036 0.743890485265436
4035 0.736795291036311
4034 0.731801892724206
4033 0.7267874719161
4032 0.721752917114226
4031 0.716699115234349
4030 0.711626951352986
4029 0.708037746398967
4028 0.704436274362386
4027 0.700822901754057
4026 0.697197995301828
4025 0.693561921877283
4024 0.694260413609165
4023 0.694957652122928
4022 0.695653626942554
4021 0.696348327611548
4020 0.697041743693365
4019 0.695576164624204
4018 0.694109383919959
4017 0.692641421939365
4016 0.691172299020048
4015 0.68970203547808
4014 0.693375549317604
4013 0.697041743693365
4012 0.700700300423442
4011 0.704350900536902
4010 0.707993224318371
4009 0.712399155898587
4008 0.716795766843066
4007 0.721182471437018
4006 0.72555868094345
4005 0.729923803728144
4004 0.730588238529481
4003 0.731251161809814
4002 0.731912563502674
4001 0.732572433569516
4000 0.733230762000138
3999 0.737506865659483
3998 0.741766777018858
3997 0.746009934992795
3996 0.750235778056156
3995 0.754443744365066
3994 0.760720945425621
3993 0.766954762106387
3992 0.773143297894138
3991 0.779284657778853
3990 0.785376949204094
3989 0.792838850711762
3988 0.800227862107456
3987 0.807540431328261
3986 0.81477301062332
3985 0.821922059364132
3984 0.831915785853085
3983 0.841690963972442
3982 0.851237473839351
3981 0.86054537164034
3980 0.869604907333817
3979 0.876881829746111
3978 0.883990429500433
3977 0.890925678497312
3976 0.897682643082661
3975 0.904256489880082
3974 0.908550352738922
3973 0.912746699896513
3972 0.916844106347909
3971 0.92084118212791
3970 0.92473657314197
3969 0.927548642595213
3968 0.930319002204606
3967 0.933047145324208
3966 0.935732570660027
3965 0.938374782429666
3964 0.942008719740521
3963 0.945539385636087
3962 0.948965522981446
3961 0.952285908769837
3960 0.955499354849865
3959 0.957581670623866
3958 0.959615612047332
3957 0.961600853786036
3956 0.963537077842283
3955 0.965423973639767
3954 0.963992402157306
3953 0.962539076213135
3952 0.961064140114726
3951 0.959567739720915
3950 0.958050022415693
3949 0.954444592068476
3948 0.950672415941096
3947 0.946735385818107
3946 0.942635484169236
3945 0.938374782429666
3944 0.935315202387038
3943 0.93219676766438
3942 0.929020238904704
3941 0.9257863869029
3940 0.922495992285656
3939 0.921137343664351
3938 0.919768034438336
3937 0.918388117780329
3936 0.916997647218888
3935 0.91559667663495
3934 0.919467534361468
3933 0.923266202907592
3932 0.926991519297334
3931 0.930642336543281
3930 0.934217524245586
3929 0.940570553045054
3928 0.946643827522345
3927 0.952430986703948
3926 0.957925919178857
3925 0.963122773872664
3924 0.963919387163447
3923 0.964701292306272
3922 0.965468461600831
3921 0.966220868301035
3920 0.966958486616685
3919 0.966958486616685
3918 0.966958486616685
3917 0.966958486616685
3916 0.966958486616685
3915 0.966958486616685
3914 0.967681291715004
3913 0.968389259722047
3912 0.969082367723979
3911 0.969760593768225
3910 0.970423916864501
3909 0.971639375763609
3908 0.972838964805984
3907 0.974022550058166
3906 0.975189998873021
3905 0.976341179923171
3904 0.977960348636509
3903 0.979505876079617
3902 0.980977479342225
3901 0.982374893864464
3900 0.983697873515848
3899 0.985137616089504
3898 0.986505462924102
3897 0.987801110541152
3896 0.9890242712212
3895 0.990174673110304
3894 0.99139999821198
3893 0.992529601468632
3892 0.993563154182598
3891 0.994500355387225
3890 0.995340931992928
3889 0.996476258467472
3888 0.997510388558056
3887 0.998442743920237
3886 0.999272782694806
3885 1
3884 0.999666360830744
3883 0.999325390370001
3882 0.998977111779591
3881 0.998621548651459
3880 0.99825872500348
3879 0.998144268911992
3878 0.998014575161629
3877 0.997869667340486
3876 0.997709569955927
3875 0.997534308430209
3874 0.997553354726369
3873 0.997534308430209
3872 0.99747717171187
3871 0.99738195108136
3870 0.997248657387321
3869 0.997077305814964
3868 0.996867915883193
3867 0.996620511440892
3866 0.996335120662403
3865 0.996011776042177
3864 0.995799566559042
3863 0.995573715556325
3862 0.995334232286739
3861 0.99508112655997
3860 0.994814408741999
3859 0.994629039960988
3858 0.994437629577332
3857 0.99424018107358
3856 0.994036698041673
3855 0.993827184182835
3854 0.99361164330746
3853 0.993390079334998
3852 0.993162496293837
3851 0.992928898321175
3850 0.992689289662902
3849 0.992192057815753
3848 0.991670836888316
3847 0.991125664746971
3846 0.990556580983963
3845 0.989963626912616
3844 0.988542430084935
3843 0.987001132326264
3842 0.985340298898094
3841 0.983560538241463
3840 0.981662501605483
3839 0.978713500421862
3838 0.97552142588738
3837 0.972088702707854
3836 0.96841793243464
3835 0.9645118901792
3834 0.958720631773418
3833 0.952492332372212
3832 0.945835925546905
3831 0.938760914863495
3830 0.931277351282475
3829 0.924004858766664
3828 0.91637657668137
3827 0.908401790140132
3826 0.900090186804098
3825 0.891451836856818
3824 0.886008029318268
3823 0.880465709134681
3822 0.874827334900782
3821 0.869095390457506
3820 0.863272383068418
3819 0.858649892035758
3818 0.853968437816069
3817 0.849229247731923
3816 0.844433559191162
3815 0.83958261915138
3814 0.836523281938183
3813 0.833443160887801
3812 0.830342565576221
3811 0.827221806769563
3810 0.824081196372563
3809 0.822819463843282
3808 0.821554625205195
3807 0.820286700562844
3806 0.819015710046217
3805 0.817741673810234
3804 0.81965158727971
3803 0.821554625205195
3802 0.823450719627049
3801 0.825339802714479
3800 0.827221806769563
3799 0.832824669838677
3798 0.838361398088374
3797 0.843830187579782
3796 0.849229247731923
3795 0.854556802292452
3794 0.862697837930201
3793 0.870655042421856
3792 0.878421970864976
3791 0.885992290965049
3790 0.893359791607739
3789 0.899002291711168
3788 0.904512934263122
3787 0.909888883831262
3786 0.915127362465048
3785 0.92022565208373
3784 0.919309238186458
3783 0.918388117780329
3782 0.917462306743201
3781 0.916531821022537
3780 0.91559667663495
3779 0.912763452664383
3778 0.909888883831262
3777 0.906973413512032
3776 0.904017490383146
3775 0.901021568306202
3774 0.899508750883257
3773 0.897986106212001
3772 0.896453692431661
3771 0.894911567983629
3770 0.893359791607739
3769 0.890752209391992
3768 0.888118255466938
3767 0.885458207126386
3766 0.882772343812684
3765 0.880060947067942
3764 0.876222635804096
3763 0.872335619907635
3762 0.868400691537136
3761 0.864418650005216
3760 0.860390301509005
3759 0.858773832171944
3758 0.857146271929083
3757 0.855507694083172
3756 0.853858172587646
3755 0.852197782039209
3754 0.855627110499473
3753 0.859019086160896
3752 0.862373189156554
3751 0.865688905525323
3750 0.868965727359428
3749 0.874139875290234
3748 0.879238874332033
3747 0.884260891242695
3746 0.889204108663588
3745 0.894066726220679
3744 0.897169316834761
3743 0.900232977047443
3742 0.903257238358307
3741 0.90624163717778
3740 0.909185714945308
3739 0.909672442557634
3738 0.910158035448996
3737 0.910642491538408
3736 0.91112580874898
3735 0.911607985007922
3734 0.907571789283755
3733 0.903466880282604
3732 0.899294485125125
3731 0.895055843970205
3730 0.890752209391992
3729 0.885061704384164
3728 0.879238874332033
3727 0.873286644880006
3726 0.867208001776865
3725 0.861005988264325
3724 0.853266721335659
3723 0.845382982143462
3722 0.837360359921892
3721 0.82920449001699
3720 0.820921047377019
3719 0.81582495288126
3718 0.810680935223377
3717 0.805490291724113
3716 0.800254325072219
3715 0.794974342785303
3714 0.794311315441221
3713 0.793647623411543
3712 0.792983269263682
3711 0.792318255565924
3710 0.791652584887434
3709 0.790986259798219
3708 0.790319282869123
3707 0.789651656671815
3706 0.788983383778755
3705 0.788314466763199
3704 0.782940251265512
3703 0.777526296422013
3702 0.772073924289863
3701 0.766584458949952
3700 0.761059225979653
3699 0.752007855666347
3698 0.742871233412962
3697 0.733655050399499
3696 0.724364989334059
3695 0.715006718758137
3694 0.70413133478211
3693 0.693181293992289
3692 0.682165175591958
3691 0.671091492168787
3690 0.659968679200791
3689 0.649550427259636
3688 0.639103362362963
3687 0.628634115222994
3686 0.618149229474142
3685 0.607655155358541
3684 0.600907071505775
3683 0.594159481560559
3682 0.587414031376446
3681 0.580672347605139
3680 0.5739360371164
3679 0.570944261802521
3678 0.567953999510244
3677 0.564965387383953
3676 0.561978561734812
3675 0.558993658031872
3674 0.561232150353488
3673 0.563471742763082
3672 0.565712378243625
3671 0.567953999510244
3670 0.570196549012319
3669 0.576929187483284
3668 0.583668083187075
3667 0.590411640487684
3666 0.597158243652947
3665 0.603906257424293
3664 0.614402068661966
3663 0.624890971393522
3662 0.635366550215758
3661 0.645822294136151
3660 0.656251602801952
3659 0.66370723913292
3658 0.671149940187421
3657 0.678577230263491
3656 0.685986608334578
3655 0.693375549317604
3654 0.68970203547808
3653 0.686021519523511
3652 0.68233431792561
3651 0.678640746235682
3650 0.674941119041626
3649 0.664577821194339
3648 0.654167200601768
3647 0.643716274388111
3646 0.633231997159611
3645 0.622721253240663
3644 0.609175094310202
3643 0.5956342211575
3642 0.582111736965984
3641 0.568620401302946
3640 0.555172613524977
3639 0.542478222155411
3638 0.529826086343297
3637 0.517226515787306
3636 0.504689524495851
3635 0.492224819116538
3634 0.486446059700401
3633 0.480691635080835
3632 0.474962366957559
3631 0.469259057844218
3630 0.463582491013497
3629 0.46353416758738
3628 0.46348614848154
3627 0.463438435219345
3626 0.463391029315228
3625 0.463343932274619
3624 0.465536958209623
3623 0.467732394941809
3622 0.469930168780825
3621 0.472130205568584
3620 0.474332430684675
3619 0.473567909115366
3618 0.472803590998337
3617 0.472039485872818
3616 0.471275603252402
3615 0.470511952624718
3614 0.463391029315228
3613 0.456311963968646
3612 0.449276229085257
3611 0.442285251437102
3610 0.435340411989098
3609 0.430409223600896
3608 0.425497634474412
3607 0.420606233639862
3606 0.41573559900777
3605 0.410886297278409
3604 0.412252384323359
3603 0.413620397921224
3602 0.414990327662532
3601 0.416362163068624
3600 0.417735893591672
3599 0.418423466206955
3598 0.41911150861472
3597 0.419800019477048
3596 0.420488997451712
3595 0.42117844119216
3594 0.417735893591672
3593 0.414305123927242
3592 0.410886297278409
3591 0.407479576022502
3590 0.404085119831993
3589 0.399353784821752
3588 0.394647218361161
3587 0.389965831834
3586 0.385310026212787
3585 0.380680192061455
3584 0.378704022452367
3583 0.37673272240953
3582 0.374766320923315
3581 0.3728048466339
3580 0.370848327831497
3579 0.365008782004598
3578 0.359214820470347
3577 0.353467150547685
3576 0.347766451427664
3575 0.342113374283858
3574 0.334651089999307
3573 0.327275972602636
3572 0.31998933579767
3571 0.312792407000381
3570 0.305686328162433
3569 0.300999940087093
3568 0.29635469405729
3567 0.29175086631079
3566 0.287188716847964
3565 0.282668489578772
3564 0.272652411538575
3563 0.262851998229993
3562 0.253269161460196
3561 0.243905428482344
3560 0.23476195276745
3559 0.228703969027078
3558 0.222744882587928
3557 0.216884949499442
3556 0.211124351319307
3555 0.205463196745467
3554 0.204166410929877
3553 0.202876353003578
3552 0.201593009693672
3551 0.200316367453998
3550 0.199046412469196
3549 0.195378763687706
3548 0.191755602919417
3547 0.188176912345494
3546 0.18464266008087
3545 0.181152800427511
3544 0.178706200652312
3543 0.176284125699258
3542 0.173886482969825
3541 0.171513176963627
3540 0.169164109350804
3539 0.173558195258694
3538 0.17803313520594
3537 0.1825894045753
3536 0.187227445289867
3535 0.191947664536467
3534 0.196914225756361
3533 0.201964339103574
3532 0.207098045789237
3531 0.212315338035414
3530 0.217616157942317
3529 0.219533284639639
3528 0.221461355597979
3527 0.2234003701222
3526 0.225350326706593
3525 0.227311223028101
3524 0.228295772639164
3523 0.229283055939578
3522 0.230273072406086
3521 0.231265821463095
3520 0.232261302482462
3519 0.232261302482462
3518 0.232261302482462
3517 0.232261302482462
3516 0.232261302482462
3515 0.232261302482462
3514 0.228789072609681
3513 0.225350326706593
3512 0.221945083314646
3511 0.218573353246381
3510 0.215235139696286
3509 0.212400487141251
3508 0.209590448876411
3507 0.206805013921135
3506 0.204044167410283
3505 0.201307890647781
3504 0.203501433661396
3503 0.205712560817247
3502 0.207941311612026
3501 0.210187723744819
3500 0.212451833084315
3499 0.21151110551424
3498 0.210573120158152
3497 0.209637876599707
3496 0.20870537437419
3495 0.207775612968744
3494 0.205002767826717
3493 0.202254567027002
3492 0.199530989054783
3491 0.196832008639957
3490 0.194157596811922
3489 0.196832008639957
3488 0.199530989054783
3487 0.202254567027002
3486 0.205002767826717
3485 0.207775612968744
3484 0.201426344381692
3483 0.195211272049868
3482 0.189129827262822
3481 0.183181340862462
3480 0.177365047365165
3479 0.170377213168142
3478 0.16358205535955
3477 0.156977998860898
3476 0.150563282105532
3475 0.144335967369883
3474 0.144335967369883
3473 0.144335967369883
3472 0.144335967369883
3471 0.144335967369883
3470 0.144335967369883
3469 0.142897727251386
3468 0.141469717862504
3467 0.14005191004782
3466 0.13864427418976
3465 0.137246780215923
3464 0.136898987825052
3463 0.136551826915401
3462 0.136205297004061
3461 0.135859397606413
3460 0.135514128236144
3459 0.132095977850106
3458 0.128740282920383
3457 0.125446530223391
3456 0.122214191106638
3455 0.119042722186083
3454 0.114093585569567
3453 0.109296491961209
3452 0.104649007660885
3451 0.100148625464495
3450 0.0957927714769829
3449 0.0900346120656247
3448 0.0845377053027791
3447 0.0792948820344288
3446 0.074298842461295
3445 0.0695421846627942
3444 0.0666364386981357
3443 0.0638226675587883
3442 0.0610989277309552
3441 0.0584632727551107
3440 0.0559137556228775
3439 0.0553784503738659
3438 0.0548469919745868
3437 0.0543193613123968
3436 0.0537955392849765
3435 0.0532755068012823
3434 0.0545480131934349
3433 0.0558429640033222
3432 0.0571606175186379
3431 0.0585012315071877
3430 0.0598650631132012
3429 0.0613854249936466
3428 0.0629345485538116
3427 0.0645127956357975
3426 0.0661205278471527
3425 0.0677581064129266
3424 0.0687969096634007
3423 0.0698476004835393
3422 0.0709102666821933
3421 0.0719849959331462
3420 0.0730718757597656
3419 0.0732907174847192
3418 0.0735100494255956
3417 0.0737298722801158
3416 0.073950186745702
3415 0.0741709935194686
3414 0.0732907174847192
3413 0.0724182848988132
3412 0.0715536510614441
3411 0.0706967712017717
3410 0.0698476004835393
3409 0.068588200819822
3408 0.0673458939398865
3407 0.0661205278471527
3406 0.0649119503397159
3405 0.0637200090468898
3404 0.0619629563810424
3403 0.0602424769687976
3402 0.0585580555061375
3401 0.0569091767153624
3400 0.0552953255952618
3399 0.0538897812827688
3398 0.052511145797473
3397 0.0511590588972091
3396 0.0498331610653656
3395 0.0485330936323965
3394 0.047733509501673
3393 0.0469437885008425
3392 0.0461638436855015
3391 0.0453935882973902
3390 0.0446329357747264
3389 0.0435839906777328
3388 0.0425534617358635
3387 0.0415411135942926
3386 0.0405467118332401
3385 0.0395700230174316
3384 0.0378477913522653
3383 0.0361824585131215
3382 0.0345725699375725
3381 0.0330166889189648
3380 0.0315133973181629
3379 0.0301328645415454
3378 0.028796487062497
3377 0.027503177691201
3376 0.0262518625174024
3375 0.0250414813298747
3374 0.0245489878325235
3373 0.0240633441993397
3372 0.0235844759308607
3371 0.0231123089715219
3370 0.0226467697136007
3369 0.0219155100926356
3368 0.0212007330417914
3367 0.0205021443633986
3366 0.0198194529134459
3365 0.0191523706331056
3364 0.0179426733208732
3363 0.0167850041251852
3362 0.015677553984108
3361 0.014618553660232
3360 0.0136062741101407
3359 0.0128289533456124
3358 0.0120796066066903
3357 0.0113574047945642
3356 0.0106615355416233
3355 0.00999120321605113
3354 0.0097192492552523
3353 0.0094515378730026
3352 0.00918801408307676
3351 0.00892862340125076
3350 0.00867331184459595
3349 0.00845054135299076
3348 0.00823094501391089
3347 0.00801448533625944
3346 0.00780112511633722
3345 0.00759082743865911
3344 0.00714519705311027
3343 0.00671349503874521
3342 0.00629534273374939
3341 0.00589036950125361
3340 0.00549821264864408
3339 0.00514010171789081
3338 0.00479250859541169
3337 0.00445517042470214
3336 0.00412782931373113
3335 0.00381023229539377
3334 0.00356979006666633
3333 0.00333497754248801
3332 0.0031056817834111
3331 0.00288179159611378
3330 0.00266319752021619
3329 0.00244979181480582
3328 0.00224146844468734
3327 0.00203812306636937
3326 0.00183965301380133
3325 0.00164595728387426
3324 0.00135098594865717
3323 0.00106718199924098
3322 0.000794177833184437
3321 0.00053161551354892
3320 0.000279146618216661
3319 0.000145568932199062
3318 1.48393456857759e-05
3309 0.000112982634848595
3308 0.00028004242888184
3307 0.00045182304017989
3306 0.000628444691680794
3305 0.000810030187643336
3304 0.000883686692775567
3303 0.000958130331320701
3302 0.00103336838250273
3301 0.00110940817894226
3300 0.00118625710688493
3299 0.00126392260642816
3298 0.00134241217174724
3297 0.0014217333513204
3296 0.00150189374815236
3295 0.00158290101999745
3294 0.00181845305966501
3293 0.0020613299506647
3292 0.0023117337816396
3291 0.00256987120765164
3290 0.00283595351500497
3289 0.00332102572893249
3288 0.00383151368051446
3287 0.00436854518487736
3286 0.00493328578112599
3285 0.0055269392819053
3284 0.00585580412130757
3283 0.00619343892180711
3282 0.00654003994100352
3281 0.00689580665085919
3280 0.00726094175478696
3279 0.00712290523011616
3278 0.00698620415055819
3277 0.00685082766623459
3276 0.00671676499156559
3275 0.0065840054051555
3274 0.00619343892180711
3273 0.00581422039905041
3272 0.00544607068413633
3271 0.00508871574023717
3270 0.00474188661162002
3269 0.00447923860927627
3268 0.00422267624871596
3267 0.00397207927346754
3266 0.00372732923568868
3265 0.00348830948399251
3264 0.00348830948399251
3263 0.00348830948399251
3262 0.00348830948399251
3261 0.00348830948399251
3260 0.00348830948399251
3259 0.00325490515092806
3258 0.00302700314013085
3257 0.00280449211315754
3256 0.00258726247601829
3255 0.00237520636542195
3254 0.00199475272714391
3253 0.00163111320188523
3252 0.00128364334057648
3251 0.000951718287803941
3250 0.000634732441137675
3249 0.000470029212413036
3248 0.000309397685055483
3247 0.000152750043726569
3246 0
